7.932850122450000319e-01,7.270858690421013737e-01
6.538396477699999210e-01,7.382062986402148086e-01
1.160789966579999888e+00,6.974244988933775424e-01
8.085789680480000019e-01,8.961482173460388889e-01
3.743770122530000188e-01,7.836611848802162994e-01
2.556999921800000020e-01,6.474240691749589827e-01
4.893150031570000502e-01,5.550995500036524088e-01
1.151844024660000132e+00,6.364614653644018460e-01
7.372779846189999597e-01,9.154220880368461044e-01
1.088750958439999916e+00,7.666423308359289202e-01
1.975852966309999958e+00,8.573729233216158541e-01
8.547700047490001118e-01,1.225191512943717420e+00
7.977370023729999371e-01,9.342948893616094264e-01
1.052428960799999924e+00,7.471080932536182662e-01
3.179450988770000208e+00,8.398551054989974451e-01
1.797067999840000541e+00,1.840852674028366609e+00
1.056702017779999947e+00,1.271122158370069366e+00
8.751260042189999977e-01,9.304854861914969577e-01
6.645399928090000019e-01,7.884465778604972108e-01
7.571684122089999969e-01,7.098215685582722756e-01
1.368484020229999931e+00,7.242488869194232404e-01
9.052469730380000579e-01,9.805477240167305153e-01
1.032060980800000083e+00,8.348349299812113378e-01
6.141330003739999821e-01,8.314865736608006985e-01
9.733130335809999645e-01,7.230054334904857383e-01
6.452289819719999597e-01,8.153337991081337499e-01
4.894390106200000035e-01,7.194857191980502664e-01
8.408679962160000576e-01,6.409605060783208907e-01
7.771940231319999226e-01,7.672498883445891815e-01
6.755350232119999854e-01,7.388910684317296917e-01
6.592059731480000018e-01,7.017386571304895515e-01
1.084153056139999904e+00,6.906103146837966333e-01
9.314100146290000826e-01,8.608959214245550662e-01
1.359479665760000122e+00,8.074359269501061309e-01
7.633988261220000515e-01,9.620537681178682465e-01
5.357339978220000409e-01,8.059280186448027905e-01
6.781889796259998882e-01,6.657439257099397878e-01
7.839810252189999273e-01,6.957054643303076658e-01
1.169367671010000054e+00,7.344944361626745133e-01
1.015287995340000027e+00,8.891700585330388762e-01
9.259430170060000131e-01,8.398604870174710690e-01
1.319244027140000108e+00,8.000678132475415039e-01
9.717460274700000511e-01,9.452870583246214542e-01
1.176299691200000108e+00,8.437625702254666349e-01
1.714609026910000056e+00,8.864429998638539976e-01
1.307337045669999975e+00,1.100109412017667321e+00
6.186890006069999393e-01,9.752257448126845363e-01
2.298435926440000276e+00,7.752083620885474868e-01
1.808241009709999680e+00,1.481875436141711910e+00
8.794149756429999742e-01,1.167467434438514529e+00
1.570945024490000064e+00,9.046437133786990881e-01
1.578516006470000121e+00,1.060606697704048695e+00
6.200309991839999535e-01,1.045968525735954557e+00
9.928810000419999726e-01,8.317793281238088365e-01
4.551869928839999968e-01,8.235288077051653444e-01
1.017398953439999865e+00,6.929228369468605209e-01
8.378469943999999892e-01,8.552359590923942489e-01
4.884769916529999589e-01,7.738140171519600763e-01
1.246340990070000210e+00,6.680511350240073698e-01
1.209630966189999990e+00,9.627921439441923246e-01
1.252451062200000020e+00,9.063971398335118890e-01
1.519726991650000025e+00,9.190904731078716194e-01
1.063797950739999942e+00,1.018135729473587103e+00
1.571495056150000069e+00,8.915029472773674524e-01
1.278105020519999968e+00,1.045254805250949381e+00
1.192077994349999948e+00,9.525923225702620512e-01
8.304439187050000060e-01,9.026801277952863911e-01
1.402015686039999931e+00,7.930758855209235625e-01
1.156504034999999986e+00,9.882863516352562439e-01
1.162554860120000200e+00,9.021110711007769289e-01
6.007519960399999581e-01,8.859573829091647035e-01
1.253835797310000055e+00,7.445825607955988135e-01
1.791844010349999960e+00,9.468648757918219916e-01
1.734062552449999961e+00,1.128813729849650560e+00
4.939970970150000085e+00,1.108341202749052679e+00
2.394351005549999911e+00,2.620576751958223927e+00
2.212575912479999740e+00,1.600835440886247740e+00
1.886527061460000265e+00,1.294706057715028447e+00
9.343829751010001017e-01,1.182546287667691320e+00
9.099829792979999832e-01,9.264224289132355628e-01
8.112999796870000724e-01,7.895468740059954360e-01
1.049708962440000004e+00,7.558175113291196734e-01
1.351788043980000076e+00,8.384643603725737693e-01
1.277305960659999906e+00,9.545146156314888719e-01
7.854449748989998925e-01,9.347088323779343400e-01
4.846229851250000165e-01,7.961735364348184740e-01
6.676359772680000582e-01,6.588490432321888468e-01
8.322510123249999836e-01,6.933125351728587349e-01
5.959370136259999340e-01,7.535991781532327405e-01
3.410890102390000123e-01,6.880343434470418407e-01
6.860110163689999707e-01,6.042466917230903123e-01
8.153510093690000682e-01,7.147824622519197701e-01
3.985430002210000322e-01,7.468000491780034666e-01
6.998159885410000225e-01,6.513739307315873361e-01
4.263690114019999533e-01,7.136980740123419764e-01
6.866139769550000382e-01,6.351737848799726693e-01
1.826770007609999913e-01,7.051186144619285834e-01
7.018824815749999946e-01,6.117251565178775108e-01
1.796682000159999681e+00,7.564060798835571253e-01
7.204269766809999753e-01,1.198484617363929861e+00
4.680640101429999755e-01,8.857620277515885210e-01
6.408870220180000743e-01,6.459712314238877928e-01
7.520520091060001189e-01,6.833364107241807206e-01
1.001817584040000098e+00,7.223522359093975664e-01
1.660804033279999814e+00,8.205538165118672067e-01
1.450595021250000061e+00,1.089313372430114946e+00
1.085010051729999869e+00,1.010414427600229814e+00
1.099555015560000015e+00,8.880920447554668806e-01
7.694180011750000325e-01,8.611612812056894661e-01
1.254430413249999932e+00,7.660029021646899139e-01
1.496320962910000052e+00,9.274533944131897467e-01
7.186369895940000196e-01,1.009116132304389346e+00
8.902019858359999649e-01,8.246558772188820052e-01
9.891759753229998342e-01,7.765023196517754078e-01
2.849014520649999938e+00,8.154526479101634751e-01
4.281075000759999583e+00,1.680971086101284317e+00
1.248739004139999942e+00,2.108399443112054072e+00
7.096589803699999699e-01,1.414093410507786697e+00
7.497439980509998936e-01,7.774693183380275707e-01
8.907449841500001408e-01,7.219319929155991744e-01
1.469527959819999952e+00,7.768622646313899649e-01
1.608888030049999918e+00,1.013190065465117140e+00
1.043460965159999976e+00,1.053382452424474147e+00
1.184751033780000018e+00,8.992485849426981037e-01
5.063725113870000127e-01,8.901504203437782259e-01
6.946156024930000283e-01,7.380844617768018701e-01
9.299110174179999744e-01,7.031853658037837684e-01
7.754629850390000190e-01,7.927772570579408873e-01
8.564696311949999696e-01,7.467419067942372424e-01
9.269009828569999554e-01,7.646466767179487256e-01
7.506660223010001021e-01,7.921180349284046018e-01
9.248849749570000611e-01,7.392507286729462779e-01
1.070162653919999984e+00,7.900119032406222042e-01
8.752880096439998869e-01,8.459271764625354573e-01
7.511039972310000756e-01,7.898585515460407880e-01
8.627579808239999037e-01,7.337030529158943271e-01
5.096570253369999692e-01,7.662901107421792313e-01
8.495249748229999343e-01,6.757685963071211610e-01
6.711369752879999817e-01,7.691293949220417980e-01
6.132180094720000030e-01,7.082374812163376721e-01
3.810549974440000098e-01,6.763479013601236822e-01
8.710420131680000067e-01,6.138051273714941747e-01
6.540319919589999698e-01,7.965931545636220079e-01
9.089673757550000843e-01,7.067048307579942845e-01
9.709029793739999414e-01,7.853867633597259035e-01
9.856920242309999969e-01,8.093844825031637491e-01
1.356256246570000101e+00,8.169770656652167728e-01
1.309872984889999925e+00,9.581840154112039043e-01
6.344919800760000506e-01,9.455566052760112639e-01
5.933508276940000492e-01,7.776512779481933313e-01
8.796380162239999523e-01,6.682106027038910989e-01
1.131836414339999930e+00,7.758784292543705607e-01
1.841274023059999987e+00,8.699311424238806989e-01
2.261745929719999992e+00,1.158952445985496738e+00
2.597975969309999744e+00,1.301697343435374910e+00
2.399192094800000064e+00,1.427524673845330216e+00
1.982298016549999931e+00,1.364813628833155601e+00
2.269547939300000206e+00,1.224837962209037068e+00
2.017889976500000238e+00,1.303513331310496071e+00
1.452262043950000026e+00,1.226220249309625698e+00
1.342797994609999934e+00,1.046096903357924379e+00
1.311915040020000145e+00,9.620824356757807783e-01
1.276762008670000226e+00,9.454870683629074124e-01
1.275267004970000118e+00,9.321860555103318458e-01
1.210446000100000141e+00,9.298610322075194778e-01
8.153480291369999966e-01,9.083840937546807659e-01
7.271119952200000291e-01,7.922255162050847455e-01
6.043019890790000126e-01,7.198401953845116052e-01
9.830358624459998307e-01,6.781523848081361105e-01
1.101529002189999940e+00,8.204292421823239367e-01
1.183724999429999869e+00,8.584377881538788335e-01
4.356400072569999726e-01,8.911332436132165524e-01
3.270040154459999959e-01,7.327814616162272587e-01
8.039849996569999879e-01,5.787079773245054071e-01
4.216859936710000145e-01,7.737960948138307149e-01
5.734559893609999515e-01,6.521333055987870164e-01
3.959457874300000291e-01,6.585208404369615742e-01
4.163750112060000119e-01,6.111357070351630671e-01
5.603970289230000290e-01,6.013020833802885656e-01
7.749050259590000156e-01,6.535889118741858850e-01
6.370840072629999629e-01,7.334064594576189533e-01
3.839260041709999793e-01,6.912248905023962164e-01
5.648739933969999516e-01,6.179838981086384075e-01
1.054715037350000051e+00,6.569858988111781928e-01
6.537709832190000681e-01,8.571950868906702548e-01
5.931029915809999942e-01,7.342620117801793578e-01
1.022608995439999946e+00,6.693288715122758248e-01
8.359869718549999273e-01,8.392757223457564253e-01
6.375340223309999832e-01,7.738235138971661931e-01
9.755985140800000899e-01,6.981869407960002993e-01
4.898079931740000337e-01,8.146802093551884782e-01
1.098647952079999879e+00,6.934487574100230978e-01
1.151165962220000116e+00,8.891315189717321488e-01
8.061249852179999120e-01,8.795493745111399031e-01
4.744769930840000427e-01,7.817589002188911618e-01
7.896029949189999897e-01,6.604368060263888784e-01
4.762530028820000094e-01,7.457921813609323936e-01
5.455229878430000179e-01,6.580393168989867592e-01
6.212809681889999158e-01,6.471529399364852608e-01
7.707700133319999036e-01,6.745121876905609826e-01
9.337069988249999675e-01,7.298024355822195774e-01
8.110550045970000843e-01,7.934085916918842685e-01
6.005529761310000048e-01,7.578064211328259248e-01
1.002521038060000036e+00,6.863192078500187643e-01
8.921650052070000392e-01,8.294800499899293023e-01
9.160850048069999474e-01,7.885719605208538763e-01
7.413420081139999729e-01,7.895414970298680890e-01
9.283249974250000758e-01,7.353666039948060229e-01
6.429409980770000033e-01,7.913979715131037596e-01
9.950090050700001187e-01,7.121667242600622227e-01
6.271365880970000140e-01,8.227768025856920797e-01
1.038689017300000073e+00,7.192411666147533467e-01
6.888009905820000611e-01,8.433457967878603689e-01
5.214130282399999095e-01,7.389080937239687064e-01
6.510270237919999481e-01,6.534310608137260390e-01
1.159701943399999990e+00,6.856243214727093527e-01
6.456400156020000169e-01,8.959520308122099763e-01
1.195862650870000099e+00,7.509317589877594346e-01
1.304703950880000018e+00,9.133056036606166384e-01
8.844429850579998975e-01,9.371072962971479514e-01
7.697709798810000725e-01,8.211241783435699881e-01
7.702100276950000213e-01,7.404243112046121622e-01
6.418280005459999771e-01,7.301037447910109224e-01
8.937159776689999058e-01,6.920165722538752506e-01
5.247250199319999364e-01,7.794646678659195027e-01
5.142210125920000374e-01,6.835592482444570184e-01
7.172748446459999982e-01,6.380469267779809162e-01
6.410769820210000525e-01,7.120060478827070494e-01
4.689820110800000386e-01,6.874991371849789035e-01
1.203750014310000171e+00,6.356971414642512697e-01
7.911959886550000709e-01,9.452440176400759286e-01
1.136301159859999910e+00,7.859519202365841117e-01
8.642929792399999256e-01,8.747130481578047068e-01
8.814030289650001126e-01,7.942407644681884760e-01
5.817409753800000249e-01,7.763688180919473547e-01
8.651199936869999885e-01,6.921092429124517942e-01
9.078124761579998703e-01,7.703322814613792202e-01
7.377740144730000615e-01,7.856150964097350364e-01
1.120375037189999867e+00,7.333954104623524595e-01
9.422479867940000142e-01,8.709288516816050540e-01
1.060060024260000011e+00,8.139625155214933461e-01
7.158420085910000008e-01,8.424386723798088505e-01
4.040209949019999969e-01,7.480637779096613871e-01
2.920779883859999648e-01,6.340877984766363218e-01
6.317924261089999938e-01,5.668605633324699244e-01
1.124665260310000026e+00,6.969699358111938192e-01
1.115690946580000009e+00,8.819267743366047130e-01
1.247418999670000028e+00,8.685755281553750873e-01
6.976169943809999996e-01,9.144917487504865550e-01
3.693974971769999893e+00,7.752000007772329448e-01
8.204839825630000361e-01,2.225486976015296658e+00
8.573070168499999921e-01,1.302390489755909320e+00
6.902359724040000311e-01,7.663384288893272389e-01
8.385969996449998964e-01,7.141859748625708493e-01
1.287726998329999928e+00,7.560363297381277325e-01
9.632229804990000144e-01,9.368394582551020644e-01
1.343299984930000024e+00,8.377809346705216154e-01
7.316169738770000874e-01,9.536990126137081525e-01
6.809219717980000697e-01,7.978472238150752238e-01
7.014784216880000089e-01,7.000819737581466251e-01
6.698030233380000142e-01,7.045848889292747330e-01
1.365643024439999964e+00,6.951190430548620514e-01
9.781420230869999344e-01,9.904701852153697805e-01
6.786789894100000442e-01,8.511689105974089564e-01
5.976330041890000055e-01,7.275857796329788796e-01
8.193774819369999962e-01,6.723663215547485139e-01
7.911109924320000042e-01,7.501586809089566543e-01
1.044147372249999872e+00,7.424980160935789053e-01
1.400015950200000026e+00,8.366772414866767704e-01
8.748620152470000244e-01,9.741659834010247820e-01
6.228179931639999944e-01,8.332151829465898052e-01
7.164059877399998610e-01,6.999217761309359798e-01
6.523500084880000660e-01,7.090911128559129750e-01
9.379299879070001067e-01,6.907071681246977901e-01
5.936999917030000296e-01,7.976614101964065728e-01
5.393440127369999448e-01,7.034011283449317364e-01
9.370089769359999377e-01,6.496396619752822232e-01
8.087720274930000341e-01,8.057289092909145634e-01
5.654280185700000239e-01,7.574118318490475898e-01
6.020820140839999723e-01,6.781884316819208891e-01
1.146679997439999932e+00,6.681475506988324709e-01
9.824249744419998320e-01,8.956463827348922768e-01
5.671510100359999917e-01,8.281241834630143073e-01
7.866399884220000027e-01,7.061466406314894639e-01
7.388439774510000557e-01,7.379373343924489070e-01
6.810299754140000106e-01,7.206215332456873401e-01
7.086979746820000203e-01,7.005339163185237972e-01
6.642330288889999323e-01,7.070359458520384388e-01
5.124790072439999733e-01,6.937882678216238386e-01
6.040380001070000393e-01,6.485937653878636189e-01
6.728799939159999521e-01,6.682462212816023817e-01
8.265414834020000656e-01,6.932930418452279975e-01
4.546860158439999799e-01,7.512691664003481318e-01
5.594509840010000179e-01,6.608375243698367818e-01
1.332218050960000122e-01,6.522774275561552537e-01
1.633069962260000063e-01,5.822914665679104207e-01
1.797860413789999778e-01,5.092158916930976664e-01
5.747918486599999932e-01,5.153480346599135231e-01
8.508148789409999413e-01,6.921227016957660627e-01
8.527640104289999634e-01,7.646084060751188183e-01
1.687628030779999788e+00,7.658921955761560652e-01
2.149522066120000297e+00,1.118906874845345012e+00
8.122850060459999577e-01,1.260235584043442936e+00
1.239639997479999867e+00,9.664164032595615739e-01
2.128437280650000041e+00,9.177116736757643389e-01
2.139239072800000141e+00,1.279299833034006628e+00
9.779880046840000452e-01,1.258961937253863628e+00
6.937779784199998856e-01,9.790908596064814562e-01
7.218790054320000094e-01,7.310726323170666507e-01
7.631160020829999002e-01,7.118375977528315079e-01
8.565329909319999713e-01,7.270065080038784489e-01
1.109338045120000116e+00,7.642929677644768605e-01
6.476340293879999654e-01,8.613941489114882444e-01
9.241870045660001143e-01,7.423683295071946686e-01
7.877320051189998784e-01,7.920588027908881390e-01
1.305567026139999864e+00,7.498169059810858572e-01
9.107710123060001051e-01,9.487383630795852563e-01
8.699640035629999657e-01,8.272720901774734958e-01
5.743020176890000217e-01,7.748780866636186815e-01
8.599532246590000373e-01,6.888664044178649526e-01
4.775849878790000558e-01,7.685729028687197095e-01
1.108017444610000179e+00,6.701682765750653914e-01
1.290724992749999966e+00,8.958580219058551730e-01
8.591579794879999898e-01,9.304661435472393327e-01
3.058980107309999807e-01,8.135138505331303005e-01
9.039019942279998832e-01,6.533425090786038059e-01
6.352750062940000220e-01,8.284648956419388144e-01
1.023422956470000145e+00,7.068745061704999610e-01
6.730669736859999919e-01,8.358539682883157074e-01
8.504790067669999454e-01,7.331820309789935930e-01
5.141969919200000128e-01,7.608857594473186214e-01
1.527956604959999964e+00,6.745028362262780464e-01
4.094385623930000051e+00,1.101227835640282038e+00
9.952359795569999390e-01,2.216090335360025421e+00
8.670449852940000923e-01,1.380482668970547833e+00
1.141056060789999993e+00,7.802929029919197790e-01
1.622257947919999888e+00,8.738999655394862343e-01
1.980204939840000344e+00,1.062696509961679858e+00
1.375547051430000112e+00,1.194232115143250672e+00
1.851865053179999610e+00,1.023229122462133045e+00
1.420923948290000016e+00,1.148548277172102949e+00
1.589177966120000285e+00,1.019675399635192381e+00
1.673199415210000041e+00,1.045295356765318928e+00
2.123934030530000072e+00,1.079435067588252251e+00
1.648401975629999905e+00,1.250306661935725261e+00
1.204741954800000014e+00,1.107710674096535008e+00
7.920839786529999538e-01,9.415853277384627074e-01
1.227027416229999890e+00,7.862912676601867545e-01
1.226951003070000157e+00,9.136038339505191397e-01
1.131343960759999989e+00,9.111455881055554595e-01
1.252465009690000075e+00,8.799531565253994048e-01
1.116891980170000132e+00,9.166597794472356453e-01
1.122387051579999850e+00,8.773729163511854168e-01
1.040153026579999862e+00,8.704378418091403002e-01
8.091310262680000420e-01,8.438183865314387022e-01
7.681059837340000751e-01,7.683577384385871234e-01
7.982919812199998910e-01,7.325321797463514306e-01
7.666722536090000428e-01,7.428506006419315355e-01
1.057360053060000027e+00,7.305977093942411793e-01
8.607699871060000563e-01,8.428232107769485504e-01
1.070777058600000053e+00,7.844424251883791444e-01
5.301510095600000527e-01,8.460880193252500181e-01
6.604189872739999467e-01,7.172495852082141354e-01
9.909179806709998983e-01,6.890266278575063463e-01
3.561530113220000016e-01,8.198798816808077206e-01
9.618239998819998471e-01,6.852021229901658073e-01
1.244829058649999931e+00,8.465742773489671746e-01
8.381230235100001202e-01,9.134787089119020820e-01
9.245989918709999200e-01,8.022458465906244784e-01
8.131660223010001021e-01,7.908262673343918747e-01
1.003061056139999963e+00,7.576484379203204389e-01
8.752340078350000496e-01,8.200683024493387041e-01
7.991399765009998823e-01,7.834525369652947102e-01
8.812961578369999938e-01,7.490921322816546102e-01
1.063080191609999892e+00,7.742554904238687641e-01
9.057049751279999672e-01,8.430121998174834319e-01
6.909559965129999926e-01,7.979300402970775918e-01
1.355970025060000195e+00,7.204984696195019245e-01
7.572399973869999856e-01,9.828881661272685921e-01
2.043754577640000125e+00,8.042807737351171937e-01
8.576130270960000690e-01,1.313400593496339086e+00
2.364957094190000220e+00,9.481567236722444614e-01
4.179231166840000178e+00,1.457663315484646116e+00
2.233561992649999883e+00,2.113890566841120311e+00
8.013390302660000630e-01,1.479882303577451985e+00
8.372840285299999463e-01,9.835578456132925140e-01
8.851529955859999133e-01,7.587012631860544642e-01
9.040349721909999303e-01,7.766922158936113707e-01
1.302939534190000082e+00,7.850767820610803360e-01
7.228699922560000157e-01,9.394813624778208805e-01
8.009120225910000279e-01,7.892292870226684798e-01
1.032919287679999965e+00,7.416265034175125725e-01
1.321628212929999879e+00,8.319641064888747550e-01
9.367759823799999275e-01,9.427924086082106747e-01
7.007700204850000336e-01,8.355401886612070506e-01
7.624319791789999634e-01,7.271047491121156447e-01
1.144938945770000105e+00,7.264689401018643578e-01
7.721610069269999599e-01,8.799756123317800105e-01
8.772150278090000697e-01,7.731013939499943310e-01
1.243505001070000171e+00,7.721465303790375767e-01
6.381840109830000385e-01,9.157266058186657176e-01
7.468199729919999807e-01,7.653092149764272323e-01
6.839929819109999976e-01,7.203854178221107407e-01
1.419505119320000119e+00,7.018952395735883476e-01
6.141470074649999500e-01,1.014315464849196990e+00
7.347676754000000976e-01,7.975959268477645914e-01
6.770560145379999062e-01,7.159980280142305142e-01
1.074026942249999950e+00,6.991137831976148576e-01
6.156389713290000287e-01,8.549567445982892977e-01
9.692379832270000550e-01,7.306026384357134917e-01
9.916120171550001361e-01,8.134246534952903618e-01
8.089560270310000023e-01,8.189320379513921333e-01
2.435143947599999859e+00,7.628986720950347022e-01
8.223479986189999869e-01,1.505551917157372577e+00
5.938220024110000272e-01,1.027644318641110610e+00
5.762249827380000466e-01,6.862411709508861035e-01
4.224239885809999429e-01,6.607869173058740220e-01
6.765879988670000511e-01,6.173416849560338093e-01
5.520349740979999531e-01,7.011355940759992356e-01
9.015229940410000031e-01,6.598060134462806481e-01
7.489960193629999763e-01,7.885072585067194328e-01
8.627583980560000754e-01,7.359161920057043504e-01
9.480749964710000199e-01,7.662415928238035523e-01
1.055613875389999956e+00,7.999028821736401396e-01
1.970020055770000056e+00,8.409276847082690631e-01
9.391199946399999554e-01,1.226478392878241008e+00
1.009042978289999892e+00,9.425393004469204694e-01
7.824029922490001177e-01,8.239004240687983760e-01
1.016265034679999957e+00,7.575386169509416012e-01
8.782749772069999850e-01,8.256704114106548920e-01
7.353619933130000064e-01,7.855331424238519711e-01
1.109990954399999952e+00,7.293117113114190309e-01
7.727199792860000027e-01,8.665986209049483247e-01
1.164981961250000086e+00,7.682327424307298092e-01
7.157210111620000426e-01,8.879712638448846729e-01
1.475479006770000101e+00,7.644150189325665812e-01
8.354520201680000202e-01,1.036604022926698176e+00
7.344660162930000125e-01,8.381953749271525700e-01
7.861927747729999805e-01,7.242473743306442335e-01
1.143465042110000107e+00,7.361127736793521281e-01
9.246990084649998609e-01,8.779954598687462752e-01
2.958764553069999970e+00,8.112892592282900939e-01
2.138324022289999959e+00,1.754834904619441804e+00
2.038712024690000124e+00,1.316954831224187217e+00
1.480209946629999829e+00,1.225569096981897976e+00
9.367650747299999248e-01,1.055365664255161207e+00
1.715939760209999942e+00,8.580214786091097112e-01
1.001402020450000041e+00,1.121505498625202435e+00
8.896229863169999863e-01,9.074083314729701755e-01
7.492939829829999843e-01,7.876986253983010444e-01
1.115183949470000213e+00,7.346980495976490610e-01
9.457820057870000019e-01,8.679875326112963529e-01
6.452180147170000213e-01,8.145012805096611963e-01
1.164842009540000056e+00,7.152752393361745398e-01
1.244351029399999975e+00,8.989621589024439086e-01
9.045109748840001185e-01,9.146486968157424569e-01
5.575259923929999362e-01,8.177367646075689445e-01
5.778343677520000332e-01,6.911236118479897605e-01
7.199835777280000348e-01,6.598280874348012581e-01
7.607790231700000128e-01,7.108856495199512571e-01
5.404400229450000426e-01,7.261120849744369110e-01
8.009672760959999360e-01,6.664239378602361263e-01
7.710149884220000027e-01,7.454429272771626591e-01
6.709719896319999988e-01,7.326628362608337275e-01
2.768970489500000021e+00,6.999595588370758348e-01
3.086133003230000060e+00,1.721858734871759555e+00
1.116358041760000086e+00,1.610046414335286613e+00
1.018260955809999979e+00,1.175715637482822595e+00
7.442610263819999794e-01,8.365006556686240824e-01
1.114386796949999869e+00,7.488614901320156392e-01
1.380516409870000238e+00,8.679445425889702470e-01
1.229098439219999950e+00,9.649404119089235454e-01
1.573238968849999919e+00,9.216028638867872491e-01
1.245597958560000107e+00,1.039490756994284837e+00
8.298619985580000247e-01,9.438186523135160266e-01
5.376980304720000436e-01,8.005311076766672418e-01
8.593800067899999284e-01,6.755673781117148557e-01
7.949647903440000274e-01,7.710131802487238950e-01
8.122889995569999577e-01,7.464900434372162552e-01
1.209460973739999945e+00,7.498073389558029822e-01
1.043611049649999956e+00,9.046897086305519808e-01
9.914460182189999138e-01,8.517600939309898367e-01
1.377645969390000058e+00,8.229245020790529885e-01
7.495359778399999229e-01,9.668391292868067088e-01
7.549669742579999676e-01,8.068603802609675135e-01
8.522210121150000095e-01,7.244271079986508433e-01
1.312628030780000010e+00,7.624493375281721219e-01
9.499999880789999906e-01,9.467518293976541210e-01
8.433979749680000637e-01,8.375658429803640725e-01
6.329939961430000039e-01,7.691907982382485409e-01
6.848490238189999246e-01,6.980360135453633763e-01
8.296039700509999504e-01,6.978686210231433984e-01
1.117776036259999994e+00,7.524539315581337817e-01
1.060515046120000138e+00,8.654924593618668061e-01
9.966710209850000446e-01,8.500197535554264716e-01
6.726049780850000825e-01,8.257174769807720249e-01
8.499810099600000335e-01,7.289833346202503339e-01
7.929700016980000266e-01,7.606899252090311148e-01
7.509549856190000927e-01,7.451198504495695207e-01
9.556260704989999466e-01,7.247984301107642802e-01
6.085839867589999397e-01,8.020672921869083094e-01
7.782499790189999489e-01,7.091787335667915082e-01
5.098140239720000411e-01,7.330376032463132852e-01
6.364319920540000286e-01,6.624780469609006239e-01
6.015599966049999248e-01,6.803069843111952952e-01
6.556333899499999784e-01,6.708063603414291531e-01
6.385549902920000243e-01,6.872114003916260927e-01
8.762890100480000832e-01,6.832170881648553795e-01
7.967479825020000739e-01,7.722942798354615057e-01
6.824830174449999509e-01,7.483849154978766682e-01
8.025500178340000401e-01,7.054081476564548758e-01
7.950311899190000142e-01,7.417441121538590476e-01
1.584897041320000088e+00,7.435072741079838954e-01
1.017485976220000143e+00,1.077768682882163320e+00
9.177780151369998585e-01,8.902927719685069796e-01
1.230221033100000083e+00,7.976866560234013859e-01
1.027899026870000121e+00,9.086886903381404812e-01
9.125559926030000213e-01,8.490772093732509296e-01
7.935979962350000472e-01,7.969098254049170604e-01
1.030437946320000187e+00,7.505022798660041516e-01
5.325379967690000438e-01,8.311141469948749583e-01
6.127780079839999505e-01,7.097132794181679749e-01
8.741289973260000234e-01,6.714126080509137395e-01
3.667230010029999820e-01,7.724732984287687731e-01
7.391750216480000857e-01,6.601880901701724369e-01
5.604230165479999748e-01,7.358325319131241438e-01
7.758178114889999755e-01,6.683647704430999426e-01
8.102909922600001202e-01,7.337815712848818617e-01
6.437510252000000488e-01,7.481376967462395333e-01
7.236457467079999706e-01,6.966634495554425710e-01
9.113870263100000146e-01,7.117911704098279779e-01
6.627830266949999993e-01,7.848435801219051378e-01
1.002035975460000117e+00,7.143068517286638164e-01
8.224419951440000709e-01,8.245336364187326739e-01
1.030576944350000135e+00,7.678312282834796054e-01
6.781139969830000114e-01,8.307276304060698946e-01
5.333459973340000104e-01,7.353655616496080905e-01
3.209959864620000047e-01,6.551941709337260056e-01
7.608630061149999069e-01,5.908436456879967436e-01
7.439860105509998878e-01,7.538265668509298578e-01
5.468400120740000148e-01,7.209243146265357227e-01
7.004669904709999173e-01,6.657612346306861495e-01
8.356525897980000561e-01,7.040511743056484528e-01
1.274258971210000091e+00,7.549130468887877976e-01
8.934450149539999719e-01,9.311836473329923036e-01
6.211659908290000365e-01,8.189963498615588922e-01
7.900159955019999680e-01,7.022181896272260415e-01
1.067494988440000014e+00,7.374342880081451446e-01
6.698009967800000464e-01,8.461897964543059203e-01
1.265694975850000015e+00,7.395083984439790870e-01
6.380620002750000408e-01,9.430100392848360658e-01
9.348030090330000652e-01,7.695331006974617249e-01
8.006410002709999363e-01,7.970487301292326077e-01
1.085708975790000030e+00,7.547397499958149458e-01
3.527039885520000251e-01,8.533009383792453661e-01
5.883709788319999578e-01,7.069914003686069703e-01
4.875420033929999120e-01,6.693746157571741628e-01
4.636880159380000754e-01,6.347645431723772935e-01
3.637039959430000136e-01,6.204760276794797358e-01
8.750243186949999696e-01,5.907150387556152626e-01
6.435279846190000708e-01,8.017254690781271398e-01
4.834130108359999678e-01,7.047222824358019277e-01
2.120890021319999930e-01,6.393373390958005942e-01
4.560469985010000005e-01,5.672758874568298859e-01
4.367910027499999903e-01,6.275292973208476122e-01
7.238804101939999569e-01,6.104837898068404822e-01
5.560690164570000205e-01,7.204014627470888277e-01
4.748429954049999679e-01,6.656184075421305302e-01
2.674640119080000100e-01,6.285391332346448312e-01
9.588437080379998978e-01,5.725369577222971795e-01
7.868980169300000549e-01,8.665752979305474391e-01
1.794360995290000149e+00,7.531181446262009693e-01
1.337677955630000026e+00,1.181324921326703858e+00
1.210453987120000185e+00,9.918841805003802969e-01
5.654799938200000264e-01,9.126363541298841975e-01
4.008429944520000565e-01,7.494860620855107181e-01
2.727654874320000200e-01,6.111744540481904853e-01
5.836449861529999783e-01,5.622425134657341728e-01
8.533802628519999711e-01,6.774462451498954874e-01
8.660610318179999823e-01,7.651811904164360634e-01
1.158349990839999899e+00,7.706019317441297201e-01
7.764859795569999390e-01,8.809358884308647886e-01
1.068807005880000105e+00,7.760224369261670141e-01
5.888479948040000744e-01,8.471878655354641019e-01
1.588868498799999918e+00,7.252545591688129845e-01
4.327859878540000205e-01,1.115944984985819177e+00
3.996030092239999942e-01,8.278296280388380834e-01
5.545349717140000134e-01,5.978747875916690102e-01
6.221979856490000849e-01,6.519650475661290523e-01
1.149551987649999996e+00,6.749082980136390519e-01
1.121260046960000034e+00,8.945258209984425779e-01
9.776459932330001656e-01,8.717806064841761016e-01
1.732741951940000025e+00,8.244678305690922304e-01
2.302707910540000125e+00,1.124650387421444853e+00
1.053477048870000043e+00,1.321276291129652947e+00
7.962800264360000435e-01,1.018454904840548236e+00
5.203329920770000117e-01,7.665706219114181152e-01
6.104800105090000262e-01,6.671758116729481491e-01
4.453057944770000276e-01,6.705711775125161589e-01
6.522138714790000069e-01,6.266490061308717108e-01
1.175541162490000069e+00,6.891421394827058622e-01
1.032202124599999937e+00,9.031203786870812822e-01
7.193930149079998948e-01,8.454526070552491612e-01
8.200139999390000378e-01,7.448105025093177955e-01
9.497330188749999458e-01,7.490499240224031130e-01
1.039114952089999822e+00,7.997672960627190131e-01
5.883830189700000046e-01,8.349823502222116778e-01
9.508559703829999599e-01,7.197929090384658224e-01
5.277600288389999728e-01,8.074175237612410960e-01
7.736063003540000205e-01,6.941363090672711955e-01
9.703559875489999875e-01,7.346411467055609101e-01
1.383889913560000018e+00,8.076192965882602604e-01
7.795230150220000542e-01,9.703982449876337180e-01
6.069999933240000090e-01,8.128980598894509635e-01
4.660570025440000097e-01,6.841125059935920794e-01
9.455270171170000459e-01,6.311452431166125754e-01
6.238729953770000280e-01,8.188184247741612243e-01
3.923240005969999555e-01,7.106724346020052430e-01
5.156549811360000568e-01,6.174727788815683738e-01
9.679385423659998544e-01,6.369954965627609988e-01
1.356565952299999989e+00,8.227070901234402323e-01
9.072690010070001421e-01,9.590363324658195410e-01
8.162760138510000152e-01,8.335645909392828123e-01
2.479866981509999846e+00,7.571771910420349583e-01
1.133080005649999888e+00,1.527359244612389588e+00
1.045583963389999926e+00,1.060378597157712433e+00
8.474370241169999485e-01,8.462899941776803603e-01
1.536522984499999911e+00,7.794629945302380403e-01
9.008989930149998715e-01,1.048249201580351730e+00
4.812009930610000041e-01,8.599769269737308486e-01
8.572540283199999722e-01,6.781086667863593931e-01
8.617479801180000232e-01,7.755906791975517578e-01
1.008694052699999899e+00,7.692755326114548708e-01
1.127727031710000105e+00,8.222649022450690959e-01
7.795569896699999779e-01,8.685447329923147164e-01
9.895502924919998833e-01,7.723109355250197261e-01
8.363329768179998958e-01,8.151025128609824533e-01
9.099559783939999980e-01,7.706067369394493660e-01
5.511059761050000061e-01,7.854995516148656209e-01
1.239764332770000088e+00,6.908707925935433369e-01
1.211838960649999963e+00,9.479613796115518021e-01
1.379981994630000042e+00,9.067586785276769978e-01
1.148460984229999982e+00,9.649522332486266674e-01
7.663900256160000035e-01,8.977341666287479427e-01
9.660840034480000504e-01,7.723404364163368729e-01
8.156750202179999798e-01,8.060143160934732931e-01
1.142272949220000111e+00,7.622434896245484648e-01
1.299479961400000105e+00,8.761048318011305236e-01
8.583310246469999516e-01,9.341236843013696056e-01
7.149469852449999996e-01,8.146085535431268898e-01
8.764400482179999230e-01,7.211061866014057964e-01
8.305460214609999836e-01,7.710826744248812092e-01
8.535240292550000385e-01,7.596529653770540680e-01
9.092410206789999227e-01,7.653568634116291181e-01
5.202720165249999917e-01,7.857350869413550765e-01
7.411040067669999454e-01,6.855203729059700102e-01
5.853319764140000325e-01,7.214882888010181183e-01
5.047770142559999673e-01,6.746386059020818005e-01
5.519493222240000607e-01,6.391813668522143832e-01
9.697520136830000137e-01,6.497646849382936463e-01
1.116515994070000017e+00,8.193722069600365421e-01
1.049844980239999837e+00,8.637664270492940721e-01
6.342629790310000404e-01,8.465044240353302163e-01
5.644329786300000817e-01,7.297333748071940240e-01
9.184709787369998990e-01,6.596992861784600759e-01
9.593539834020000656e-01,7.949980596519060638e-01
5.984159708020000412e-01,8.056493391655651370e-01
9.383450150489998087e-01,7.078149071823085503e-01
4.542250037189999867e-01,8.011004426319662253e-01
7.079470157619999204e-01,6.818137977943563577e-01
3.876500129699999575e-01,7.119616895960856340e-01
4.484339952469999502e-01,6.302791195178835126e-01
8.405709862710000202e-01,6.121301453169986084e-01
5.337110161779999862e-01,7.718482452871839872e-01
7.211350202559999589e-01,6.764526960248978815e-01
5.215386152269999576e-01,7.126845440893428973e-01
7.050759792330000275e-01,6.572525390222017094e-01
6.405649781229999506e-01,7.067362482806118784e-01
5.168589949609999623e-01,6.865352219941409651e-01
1.660409450529999997e+00,6.472878780418445110e-01
2.465307950970000217e+00,1.169653269857182654e+00
1.622156023979999917e+00,1.394356710786603060e+00
1.866270065309999948e+00,1.140153724430308380e+00
3.623536109919999859e+00,1.150468031113417888e+00
7.948709726329999947e-01,1.912431622198335734e+00
9.065989851949999290e-01,1.288212194808518340e+00
8.571879863740000660e-01,7.834099830234293460e-01
7.756379842759999477e-01,7.704015488220969932e-01
7.006700038909999817e-01,7.397758593137024885e-01
6.443409919740000769e-01,7.086791540459942418e-01
7.579550147059999077e-01,6.873705316959193290e-01
5.499600172040000068e-01,7.245785087828171545e-01
4.964669942860000518e-01,6.681775084643123419e-01
1.367677569390000070e+00,6.341765881988070674e-01
1.397894024850000250e+00,1.022709473368254685e+00
8.148130178450000427e-01,9.756807553984309100e-01
1.278898954390000009e+00,8.214516190087415293e-01
8.623980283740000363e-01,9.346749150105034820e-01
1.093865990639999897e+00,8.125301744232839019e-01
8.134710192680000285e-01,8.551425254637917694e-01
1.466687083240000078e+00,7.760006890872214180e-01
9.060310125349999577e-01,1.019693107129195031e+00
7.652140259739999006e-01,8.497756086226182504e-01
1.311033964160000176e+00,7.412083288006059423e-01
7.892500162119999718e-01,9.533249825896464857e-01
1.474902033810000068e+00,8.023665817858952609e-01
9.167850017550001063e-01,1.026379503451595454e+00
1.186140060420000086e+00,8.531809340345384296e-01
1.411391973500000008e+00,8.909012043101792733e-01
2.092472076419999993e+00,9.765936231029155312e-01
7.189220190049999681e-01,1.248676852283138183e+00
1.301861047739999888e+00,9.491943231813497750e-01
1.268974781040000055e+00,9.540214780628765157e-01
1.221997022629999874e+00,9.290617643472636189e-01
9.061110019679999850e-01,9.117575434353414332e-01
1.078873991970000112e+00,8.153319866585989617e-01
1.028025031089999874e+00,8.490832958889432680e-01
7.863690257070000689e-01,8.370276917273147266e-01
1.276852965350000035e+00,7.608716060221764055e-01
7.093420028689999546e-01,9.360168202916877567e-01
5.201929807659999572e-01,7.823679589693591785e-01
5.645610094070000473e-01,6.555197082665528141e-01
9.855200052259998067e-01,6.543866692030881893e-01
1.092841982840000004e+00,8.252641637203125269e-01
4.786899983879999709e-01,8.553182546131001818e-01
3.955059945579999514e-01,7.160580463125234552e-01
1.850703001020000071e+00,6.003726267235868219e-01
1.195796012879999815e+00,1.305588746800367517e+00
1.702510833739999896e+00,9.660100479008142393e-01
2.998351097109999586e+00,1.093911954800087294e+00
2.407080888749999925e+00,1.633136815902254346e+00
2.585943937299999718e+00,1.391927442254904168e+00
2.233839035029999920e+00,1.423417821827029028e+00
1.655773043629999997e+00,1.312468037469552096e+00
1.430611014370000156e+00,1.120910750437457137e+00
8.921740055079999676e-01,1.004043107670040458e+00
1.231696963309999893e+00,8.414196277307641747e-01
8.955079913140000514e-01,9.101734835108018506e-01
1.602033019070000064e+00,8.139115884395796696e-01
1.585399031639999956e+00,1.073214048472952209e+00
1.232059955600000034e+00,1.049684562392850573e+00
1.210371017459999976e+00,9.414587956576606631e-01
1.242141008379999967e+00,9.058534469749391915e-01
9.857040047650000858e-01,9.155606519765371321e-01
7.289689779279999726e-01,8.384995897743172666e-01
6.761519908910000876e-01,7.407201589925981322e-01
1.071573019029999907e+00,6.985047088909103197e-01
9.457439780239998983e-01,8.539448228401033125e-01
4.376370012759999706e-01,8.106416267735770953e-01
5.141820311550000522e-01,6.814767587097954049e-01
3.387190103530000052e-01,6.358071639466027491e-01
7.144280076029999593e-01,5.913083560467796707e-01
4.996199905870000180e-01,7.284728195182635924e-01
7.917379736899999854e-01,6.515937564132223692e-01
8.646243214609999894e-01,7.444737451738042688e-01
6.024960279459999901e-01,7.680630150095150155e-01
1.260069966320000123e+00,6.939750986352641871e-01
1.012339949610000067e+00,9.496097773127130104e-01
1.004528999329999950e+00,8.476808921570353483e-01
6.310235261919999727e-01,8.254124451084504654e-01
1.141221046449999887e+00,7.215628593562994908e-01
5.426099896430000014e-01,8.896428875047609486e-01
8.547459840769999762e-01,7.328291864196764260e-01
7.744219899179999311e-01,7.685739859377288541e-01
3.084340095520000102e-01,7.391505133856504095e-01
8.376209735870000506e-01,6.348753073861307383e-01
7.293469905850000767e-01,7.943495733243027823e-01
7.503905892370000830e-01,7.229415049048431019e-01
1.134822010990000019e+00,7.224843223105361645e-01
1.614240050320000064e+00,8.763654008297503406e-01
1.244793057440000128e+00,1.059615777872487952e+00
7.141630053519999466e-01,9.479307572181229213e-01
7.293040156360000026e-01,7.775621837791345525e-01
6.486989855770000091e-01,7.148416570481584964e-01
3.427990078929999962e-01,6.905222651748668117e-01
3.861860036850000011e-01,6.135413195597637648e-01
6.366299986840000535e-01,5.897951756572125115e-01
3.990480005740000280e-01,6.871280904818410917e-01
4.178859889509999870e-01,6.206186407428353480e-01
1.103790521619999909e+00,6.019032912867591234e-01
6.956189870829999622e-01,9.052558704577813309e-01
8.070139884950000564e-01,7.505350615791129831e-01
5.947690010070000310e-01,7.435697531719216435e-01
1.107607960700000005e+00,6.844772483881715885e-01
9.713580012320001122e-01,8.782597972905654693e-01
7.170349955560000321e-01,8.214145715334867370e-01
6.764810085300000386e-01,7.358161498338646744e-01
1.687772989270000190e+00,6.979515010364415462e-01
9.907569885250001596e-01,1.148336892619712390e+00
8.082039952280000161e-01,9.009277096326384626e-01
1.087718963619999979e+00,7.625944121110649343e-01
1.564818024639999861e+00,8.538838274130911010e-01
6.673809885979999912e-01,1.041069133774289002e+00
1.256489992140000123e+00,8.328260987106990143e-01
1.091886043549999963e+00,9.389943881448622465e-01
7.375509738919999725e-01,8.701577006916145773e-01
6.224380135540000802e-01,7.576088163251240015e-01
8.364729881290000613e-01,6.839097523917313515e-01
5.774260163309999916e-01,7.563077675726063154e-01
1.015761017800000054e+00,6.845931455662370713e-01
1.106158971790000001e+00,8.377556192818541581e-01
6.945540308949998964e-01,8.608920671367176203e-01
1.130903959270000092e+00,7.507018205511343245e-01
9.518219828609998379e-01,8.787396113192663671e-01
7.524570226669999862e-01,8.177324728509088869e-01
5.585229992869999993e-01,7.426464858204895325e-01
1.415836334229999771e+00,6.694616655934680916e-01
1.855298042299999839e+00,1.034287664547561381e+00
7.845479845999999702e-01,1.148622468061576640e+00
8.210539817810000862e-01,9.033518063213870075e-01
5.835890173909999978e-01,7.524282392740707648e-01
8.359720110889999889e-01,6.837953183856040340e-01
2.184663057329999880e+00,7.577778060062370091e-01
6.805480122570000123e-01,1.369211280160300914e+00
1.238904953000000031e+00,9.684202347336459127e-01
1.030328035349999949e+00,9.292280386932029179e-01
7.914109826090000022e-01,8.506028802526897081e-01
8.423720002169999832e-01,7.624788379538045557e-01
4.464710056779999658e-01,7.601494448647937441e-01
5.589337944979999584e-01,6.625166506771205110e-01
7.099329829220000221e-01,6.522079959132376370e-01
7.334340214730000751e-01,7.074197032683520181e-01
7.833399772640000647e-01,7.161692884987492791e-01
8.426809906959999985e-01,7.349591989861212760e-01
1.099761009220000085e+00,7.599712152369560991e-01
8.706315755840000614e-01,8.578497920996775994e-01
5.862460136410000411e-01,7.917273356558732766e-01
8.863990306849999223e-01,6.914044131251388947e-01
1.019399046900000050e+00,7.792448109648820731e-01
8.493610024450000129e-01,8.265238110289605533e-01
1.010666966439999870e+00,7.773236594907932950e-01
1.331516027449999973e+00,8.229426898549723202e-01
1.215008974079999859e+00,9.472504033475389607e-01
1.645591020579999952e+00,9.136037030988114482e-01
9.708780050280001461e-01,1.069284141587228953e+00
1.411272048950000135e+00,8.904913923368454887e-01
7.953929901119999313e-01,9.819736882257723565e-01
1.046331048010000098e+00,8.203299961323226031e-01
8.879339694979999642e-01,8.374536597389580228e-01
8.349300026890000836e-01,7.911514142766697955e-01
9.847199916840001510e-01,7.618462225329400983e-01
1.090394020079999970e+00,8.130386771500272003e-01
4.901649951929999971e-01,8.544097067225054909e-01
6.141669750209999279e-01,7.166661631520991893e-01
6.314740180969999894e-01,6.722465957554315530e-01
8.252440094949999860e-01,6.793317140798278420e-01
1.051450967789999913e+00,7.514236297809354648e-01
1.047114968300000060e+00,8.389152849766162712e-01
3.921430110930000379e-01,8.417591158684875063e-01
4.695149958129999912e-01,6.996470221111055210e-01
7.720900177959999500e-01,6.197074792836403390e-01
7.520099878309999264e-01,7.385148690217852030e-01
6.877393722529999698e-01,7.238218129659435007e-01
6.718119978899999012e-01,7.033199507529621641e-01
1.185933232310000029e+00,6.951225214687681841e-01
6.571980118750000432e-01,9.057675902075608132e-01
8.213180303569999063e-01,7.575451691139495347e-01
7.795739769939998842e-01,7.493259430348158112e-01
1.030122995379999962e+00,7.381508203512342492e-01
6.211889982220000217e-01,8.313023533928064479e-01
8.660820126530001106e-01,7.239620780772032527e-01
9.608931541440000057e-01,7.686963295473329127e-01
6.760399937630000577e-01,8.046298458212181037e-01
7.402380108830000083e-01,7.244666876993932636e-01
5.984709858890000511e-01,7.180618759224799419e-01
6.151059865950000427e-01,6.778709002042594411e-01
9.358735680579999272e-01,6.734330456810601051e-01
5.818247795100000008e-01,7.988645335058850439e-01
7.156659960750000327e-01,7.007988551696913149e-01
6.529520154000000298e-01,7.091535527830020724e-01
9.700022935870000751e-01,6.908367200794619523e-01
7.834500074390000623e-01,8.113176767601525397e-01
7.448130249979999506e-01,7.533479507257244689e-01
8.276180028919999376e-01,7.221765241442922312e-01
8.943400979039998200e-01,7.528182402538702300e-01
2.505017042159999985e+00,7.796706726517714792e-01
1.620712041850000062e+00,1.522376772025891611e+00
1.417585968970000110e+00,1.144946500190027416e+00
1.049872040749999957e+00,9.973650725568491415e-01
1.226507544519999993e+00,8.752881415076612104e-01
1.043179035189999881e+00,9.058164387786474814e-01
9.694439768789999690e-01,8.531530113448650976e-01
8.192250132559999454e-01,8.158321394241641045e-01
8.129550218580000598e-01,7.636192523188535253e-01
6.712080240250000163e-01,7.506749909493022344e-01
5.289899706839999993e-01,7.040329687969377748e-01
3.461930155749999849e-01,6.534004687016073953e-01
4.789490103719999392e-01,5.948763454467977940e-01
1.153810977940000093e+00,6.243309572318637146e-01
9.671270251270001062e-01,9.183026394520832358e-01
7.845839858059999727e-01,8.243301001508603898e-01
4.701859951019999873e-01,7.533523767548080396e-01
5.632782578470000301e-01,6.561892110443821036e-01
2.416239976880000251e-01,6.535473979953395629e-01
2.709859907630000064e-01,5.859708149235579588e-01
1.994680017229999991e-01,5.482437653872443972e-01
1.327169984580000017e-01,5.294669676147238935e-01
4.732620120050000101e-01,5.055525495454857854e-01
6.585559844969999244e-01,6.529361553589689837e-01
9.621880054470000054e-01,6.901899663882465896e-01
5.111979842189999790e-01,8.076686553438556793e-01
9.829789996150000153e-01,6.937677836383842056e-01
9.100099802019999684e-01,8.303269956382453021e-01
1.026576042179999870e+00,7.926682613623680096e-01
8.309389948840000262e-01,8.295390908133233321e-01
9.651920199390000565e-01,7.728196584698825422e-01
1.000543951989999902e+00,8.056609928001644549e-01
1.983185052869999687e+00,8.218468368044477002e-01
1.274855017659999978e+00,1.240083979419333682e+00
1.286525964740000028e+00,1.001290282953069655e+00
1.382244944570000245e+00,9.335806055995640174e-01
1.736924052240000016e+00,9.673555293841324954e-01
1.257668018339999971e+00,1.101841323858688382e+00
7.533379793170000838e-01,9.652281638166962940e-01
1.084908962249999886e+00,7.868295003497144391e-01
1.062494039539999990e+00,8.548971004040493149e-01
7.787629961969999570e-01,8.486946929527614536e-01
8.256469964979999965e-01,7.632639264031729764e-01
9.891830086710000636e-01,7.537571713581997512e-01
1.418092012410000047e+00,8.146987212422077684e-01
1.151677966120000063e+00,9.839175819830938696e-01
1.250364065170000094e+00,9.023242799535231562e-01
8.794019818310000458e-01,9.164046227175894899e-01
1.089423060420000144e+00,8.124787818123310190e-01
1.809062957760000145e+00,8.532107633638404964e-01
8.687390089040000207e-01,1.148258024585335546e+00
8.521729707719999380e-01,9.034380668273810366e-01
1.307837963100000112e+00,7.665355555962878320e-01
1.262575984000000151e+00,9.446679440173642028e-01
7.601559758189999627e-01,9.272917929884919586e-01
1.069887042049999959e+00,7.889219741355405491e-01
8.579840064049999437e-01,8.482818731747605590e-01
1.149323940279999956e+00,7.849959619175754799e-01
1.067142963410000034e+00,8.774981471224790885e-01
7.400619983670000401e-01,8.542470103370279899e-01
6.799880266190000411e-01,7.545949885659276601e-01
7.323921322820000634e-01,7.002999323668168685e-01
8.352749943730000126e-01,7.152851696273028193e-01
6.000829935070000065e-01,7.553346060337171597e-01
1.010563969610000168e+00,6.893670162610295860e-01
7.613970041280000434e-01,8.331465454604864984e-01
7.260069847110000030e-01,7.522022229275050487e-01
1.064324021340000037e+00,7.152946235204173941e-01
5.901079773899998715e-01,8.475836314485967193e-01
7.744659781460000447e-01,7.246357199923071368e-01
7.406870126719998781e-01,7.320546157536140797e-01
8.908360004430001533e-01,7.204089036921321743e-01
7.620100975040000613e-01,7.768177644146274652e-01
7.774500250820000069e-01,7.386658353222609330e-01
5.811070203779999943e-01,7.331877307943824862e-01
7.908779978749999051e-01,6.776849080219345955e-01
8.903719782829999652e-01,7.390687164412486077e-01
7.882059812549999656e-01,7.773700978608585332e-01
7.301949858670000459e-01,7.468029811200579404e-01
9.248933196070001639e-01,7.181848493483925511e-01
1.265586972239999941e+00,7.901348350810117882e-01
7.884140014650000694e-01,9.229624630935291396e-01
9.180610179899998391e-01,7.948922357847332254e-01
6.569269895549999516e-01,7.875840498503371423e-01
8.252680301670000107e-01,7.138668192680331925e-01
4.257229864599999525e-01,7.509179419289929713e-01
9.114630222319998198e-01,6.565882739383366307e-01
7.238519787790000937e-01,8.086571308613235143e-01
9.657319784160000031e-01,7.299479748217517772e-01
7.194200158119999911e-01,8.066364501214751126e-01
7.146480083470000411e-01,7.356685213642598642e-01
6.188799738879999790e-01,7.100902986739464628e-01
8.502969741820000094e-01,6.810475641619091469e-01
6.113014817240000065e-01,7.621788591858389417e-01
8.405809998509999881e-01,6.939217921855346249e-01
5.909900069240000553e-01,7.584248828768127559e-01
1.191807866100000002e+00,6.880843050821326967e-01
1.072478055950000009e+00,9.185152532872671305e-01
7.976800203319999172e-01,8.590280668819173515e-01
7.140370011329999489e-01,7.693012522120251662e-01
8.885610103609999921e-01,7.143053224532945888e-01
7.367290258409999737e-01,7.758637198916369382e-01
9.655410051350000744e-01,7.308801147995840353e-01
8.569459915160000385e-01,8.062605692646035438e-01
5.838339924809999859e-01,7.746742408425065785e-01
3.047562122340000457e+00,6.888848396560183218e-01
8.865389823909999301e-01,1.902708752944110682e+00
1.186460971829999878e+00,1.160856851934222611e+00
8.750730156899999557e-01,8.917815694532308379e-01
1.111973047260000014e+00,8.031248481923338733e-01
6.929270029070000447e-01,8.621182384749290772e-01
5.632749795910000357e-01,7.513174752121987154e-01
5.519689917560000048e-01,6.642600025925912144e-01
9.211350083349998386e-01,6.517286546531275704e-01
5.465030074119999748e-01,7.973006050800131028e-01
9.997850060459999577e-01,6.919582908570983681e-01
7.512239813800000166e-01,8.338197552609504237e-01
8.402569890019999654e-01,7.482129427156152257e-01
7.843149900439999600e-01,7.578523080215026075e-01
5.915480256080000165e-01,7.413599388667257983e-01
6.109840273859999948e-01,6.809503070804099334e-01
9.328789710999999540e-01,6.718516899795521358e-01
7.992020249369999885e-01,7.978308774434599293e-01
9.833549857140000405e-01,7.541215132929094400e-01
5.405290126799999761e-01,8.125006278311855956e-01
1.093670010570000128e+00,7.020332050001297786e-01
9.266330003740002041e-01,8.788130138827138227e-01
7.972419857979999858e-01,8.069062804379079079e-01
5.896059870719999596e-01,7.529343358637065053e-01
7.799540162090000672e-01,6.820667857676065982e-01
5.182790160179999717e-01,7.342884902537173408e-01
7.263879776000000676e-01,6.643976647825745596e-01
6.216366887090000182e-01,7.155297531562641034e-01
8.810679912569999717e-01,6.827493721350960110e-01
7.315016984940000411e-01,7.749946875827375958e-01
9.703850150109999406e-01,7.285051159777958807e-01
8.715350031849999901e-01,8.083341929384599833e-01
5.505740046500000595e-01,7.795945283688993088e-01
2.576299905780000121e-01,6.844945398029442796e-01
6.952109932899999123e-01,5.849696984662855481e-01
3.547430038449999601e-01,7.342872615730020591e-01
1.308350920679999918e+00,6.235103108243444936e-01
1.424710035319999957e+00,1.026576535236822352e+00
2.422243118290000385e+00,9.831562507899564984e-01
1.588093161580000023e+00,1.395396279706123677e+00
2.882889986040000352e+00,1.127220350141559857e+00
1.510810017590000109e+00,1.592423556970133935e+00
5.103110075000000245e-01,1.179834759421265256e+00
6.637499928469999810e-01,8.106618812606194435e-01
5.865659713749999948e-01,6.907964223849926144e-01
9.182999730110000813e-01,6.681365180794212044e-01
1.126363039020000123e+00,7.931584294894670206e-01
9.455379843709997845e-01,8.673252180309156678e-01
7.979699969290000583e-01,8.154839037474171937e-01
8.895260095599999417e-01,7.549827179216775930e-01
5.017459988589999531e-01,7.772110839632359047e-01
7.889080047609999813e-01,6.791085639193145118e-01
5.571460127830000220e-01,7.430660035984416600e-01
8.079270124439998924e-01,6.737344910209884796e-01
7.382910251620000697e-01,7.473743296754070675e-01
6.742079854009999096e-01,7.224230867052356952e-01
8.787713646889999675e-01,6.984921790127173180e-01
7.401880025859999268e-01,7.723450301853715949e-01
8.886500000949999478e-01,7.307919239830507063e-01
7.983270287510000340e-01,7.759720646481941264e-01
5.137799978260000344e-01,7.499019441272130049e-01
7.760372757910000141e-01,6.662162031317354627e-01
8.528280258179999906e-01,7.366030793270297305e-01
7.851629853249999513e-01,7.633480202955650329e-01
8.431609868999999646e-01,7.426367532761894985e-01
1.024798870089999925e+00,7.602074947792948345e-01
8.044279813770001120e-01,8.283483658383098414e-01
8.841310143469999216e-01,7.653127341024512642e-01
3.615649938579999501e-01,7.754077690538825340e-01
1.171491026879999842e+00,6.619292319146458103e-01
4.477910101409999788e-01,9.529493046228391107e-01
7.665730118750000432e-01,7.307323266421558161e-01
7.735599875449999940e-01,7.382161092355002951e-01
1.054823040959999902e+00,7.315257902812715152e-01
7.843300104139999673e-01,8.415354156216600101e-01
1.034250974660000155e+00,7.636762773676375460e-01
1.096979022029999973e+00,8.328512185002036050e-01
7.633029818529999400e-01,8.581987092502710857e-01
5.883730053899999257e-01,7.642138019883121247e-01
6.365630030629999547e-01,6.777754105200086698e-01
5.750700235369999858e-01,6.803941045679939847e-01
5.399640202519999654e-01,6.629282626394231714e-01
1.324671149250000068e+00,6.486569639163893841e-01
8.178460001949999780e-01,9.920814456729259989e-01
6.359609961509999909e-01,8.100790886345514696e-01
8.135920166969999867e-01,6.955970691573898357e-01
9.872140288349999793e-01,7.465831115964199904e-01
9.839289784429999797e-01,8.139433355935514758e-01
5.904790163040000150e-01,8.171754541448840170e-01
8.986790180210000312e-01,7.104728475971071600e-01
6.268000006680000125e-01,7.843008643674811431e-01
6.926850080490000172e-01,7.042244075670407444e-01
5.757049918169999669e-01,7.005405498288844734e-01
6.764680147170000213e-01,6.674950669403328929e-01
8.279470205309999997e-01,6.945110535872225377e-01
6.547859907149999881e-01,7.518121301528986056e-01
1.085815548900000094e+00,7.014805388062175240e-01
8.509550094600001335e-01,8.620258358507818519e-01
8.879359960560000431e-01,7.848398453458715895e-01
6.557850241659999302e-01,7.781332200001632726e-01
6.597809791559999804e-01,7.093979520868136657e-01
8.856279850010000398e-01,6.900121016715946576e-01
7.502999901769999980e-01,7.754941269826909345e-01
9.303160309790001747e-01,7.345664152454893792e-01
7.259460091590000941e-01,7.921281707523920579e-01
7.123904824259998936e-01,7.328344056016438124e-01
9.326570034030000622e-01,7.095808862539587647e-01
6.544970273969999974e-01,7.934947769209366175e-01
4.987269937989999846e-01,7.154082638475702804e-01
9.782410264020000579e-01,6.442089578406205996e-01
5.593240261080000275e-01,8.297536338309607906e-01
8.733990192409999409e-01,7.041009264456651318e-01
6.232500076290000690e-01,7.754693926287301586e-01
6.319249868390000024e-01,6.998136801534035056e-01
8.335350155830000274e-01,6.797851325323699401e-01
8.613430261610000027e-01,7.548043738132249603e-01
1.036013007159999999e+00,7.681973504297204824e-01
6.160370111469999355e-01,8.326370961231899237e-01
9.874529838559999995e-01,7.240294587553920413e-01
6.686739921569999634e-01,8.214392392185505543e-01
6.455339789389999972e-01,7.267245544221448972e-01
1.007030010220000049e+00,6.860069975999535385e-01
7.763000130650000719e-01,8.278526911488370832e-01
9.358490109439999705e-01,7.556703422849048168e-01
6.626719832419999401e-01,7.942386241729447738e-01
1.113351941109999910e+00,7.177502652128586735e-01
5.495319962500000432e-01,8.736843779754150940e-01
9.273632764820000096e-01,7.281189023803323890e-01
8.215330243109999486e-01,8.003371469498851143e-01
9.193540215489999223e-01,7.604919465759960584e-01
6.899859905239998925e-01,7.885676698759405134e-01
6.497738957409999738e-01,7.220588133489949101e-01
9.705049991609999704e-01,6.883895892250622150e-01
8.034440279009998909e-01,8.117170534848162644e-01
8.920990228650002019e-01,7.591107361866351599e-01
7.462270259859999921e-01,7.782668249949258321e-01
1.495407462120000197e+00,7.340595454746827730e-01
7.597569823270000633e-01,1.041771640208303484e+00
9.677280187609998974e-01,8.299409628491684066e-01
1.126011013979999920e+00,8.067419945951986859e-01
7.641419768330000029e-01,8.672987004592156435e-01
1.423818945879999909e+00,7.685533808616290541e-01
8.309190273280000483e-01,1.005505506716079855e+00
5.316870212550000030e-01,8.286806697213221495e-01
6.942920088770000442e-01,6.745767786822960410e-01
1.097100019450000019e+00,7.020823288684286956e-01
8.623710274700000511e-01,8.638072243889056701e-01
9.711959958079999788e-01,7.891915196166129354e-01
7.501904964450000213e-01,8.083239230612957460e-01
5.659890174870000346e-01,7.443662371912914688e-01
7.235890030859999378e-01,6.709407511585796513e-01
1.088876962660000114e+00,7.125641961859990881e-01
2.614549994470000138e-01,8.582313471771663149e-01
1.923168003559999895e-01,7.082054208432948528e-01
2.048390060660000012e-01,5.266610795992389127e-01
3.752999901769999980e-01,5.245962624751064896e-01
1.878910064700000104e-01,5.917725916778022732e-01
4.178839921949999980e-01,5.437809289730890505e-01
6.128349900249999704e-01,6.136549115774332375e-01
4.822100102899999352e-01,6.745995024552183805e-01
8.136649727820000066e-01,6.357431107443298757e-01
8.997989892959999958e-01,7.557579029045868868e-01
7.667459845540000041e-01,7.812876211218230393e-01
6.762999892229999421e-01,7.410272582271181241e-01
9.804093837739999984e-01,7.010965337923136254e-01
1.075533032420000090e+00,8.145179711561520985e-01
6.459739804270000496e-01,8.489199743531721243e-01
7.601699829100000416e-01,7.362641925471559157e-01
8.707180023190000950e-01,7.254146532063003860e-01
1.045557022089999899e+00,7.694756807560085843e-01
4.832339882849999713e-01,8.362957959883318138e-01
1.085988998409999962e+00,7.066797534431722427e-01
7.320979833600000930e-01,8.840448420240644145e-01
7.128990292550000385e-01,7.555236327139787100e-01
1.045389056210000112e+00,7.099721177545705864e-01
7.359200119969999676e-01,8.402318152319288025e-01
8.956930041309999480e-01,7.505507662103254596e-01
8.745509982110000191e-01,7.786702636826763335e-01
9.237470030779999508e-01,7.755348849608031392e-01
9.997780323029999971e-01,7.915540953597043350e-01
1.739534020420000049e+00,8.201308845667133474e-01
8.107889890670000321e-01,1.125403188874934290e+00
7.049050331119999235e-01,8.830657600905896798e-01
8.328269720080000438e-01,7.129785958405333579e-01
8.276600241660000412e-01,7.538389481468048547e-01
8.953109979630000659e-01,7.564039779467576219e-01
1.459501028060000039e+00,7.800190712345264066e-01
1.179519057270000060e+00,1.008295997341365213e+00
1.443411946299999915e+00,9.141779984687132821e-01
1.306735038760000078e+00,9.889525261027833913e-01
7.634999752040000365e-01,9.501791658409763919e-01
1.145148038860000161e+00,7.968977461546961072e-01
7.253450155259999477e-01,8.800002667042517990e-01
7.633590102199999672e-01,7.631415739110198881e-01
6.174820065499999622e-01,7.271486095657335724e-01
1.029322981830000039e+00,6.850251941442101478e-01
1.302055954929999926e+00,8.400019162958233254e-01
3.164124965670000122e+00,9.350799277964411127e-01
9.734439849849999549e-01,1.777973884288537976e+00
1.229671001429999855e+00,1.186580968808863989e+00
7.441530227660000385e-01,9.072504039281821253e-01
1.063034057620000139e+00,7.804781172026574732e-01
1.123872041700000102e+00,8.461267778816735641e-01
8.984770178790000283e-01,8.686792105709855161e-01
7.175139784810000698e-01,8.019687183135137953e-01
5.367509722709999931e-01,7.266252890842123113e-01
1.175443053249999981e+00,6.603079560420350713e-01
1.101048946379999949e+00,9.188709891377687677e-01
5.734490156170000130e-01,8.668124035761347601e-01
1.431144952770000200e+00,7.289647854676637451e-01
1.037794947620000130e+00,1.039065893840107169e+00
6.568620204930000206e-01,8.739542688186213715e-01
1.074908018110000141e+00,7.321098443221595309e-01
1.385972023009999887e+00,8.569698037378897792e-01
1.004804968829999812e+00,9.676869416800564228e-01
1.609539985660000116e+00,8.602276014796409465e-01
2.817575931549999524e+00,1.066068770263693510e+00
1.962562561039999709e+00,1.558992035571499235e+00
1.279752016069999998e+00,1.259473540224536947e+00
1.995329976079999845e+00,9.994664482262819449e-01
2.033385992049999924e+00,1.215465102884422111e+00
1.307443976400000096e+00,1.218043444147768328e+00
1.611258029939999892e+00,1.015144142141626737e+00
2.040218114850000042e+00,1.053345257328435647e+00
2.183244943620000100e+00,1.218187684423904349e+00
1.351415991779999937e+00,1.272163856613181210e+00
7.242180109020001089e-01,1.045342293430560732e+00
1.363389015200000109e+00,7.981479470914459862e-01
1.526808977129999967e+00,9.820821851462810947e-01
1.784019589420000163e+00,1.021443574514015129e+00
1.103597044940000105e+00,1.119059382357036725e+00
1.763007998470000004e+00,9.374090629438383004e-01
1.157549023629999896e+00,1.126320801294452112e+00
1.153326034550000045e+00,9.455304347027174705e-01
2.362811088559999551e+00,8.828960441830491224e-01
2.580787897110000007e+00,1.401753096931135811e+00
1.242146968839999976e+00,1.421142725565330833e+00
1.712821006770000265e+00,1.091681777796624564e+00
6.676509976389999323e-01,1.096108531626493576e+00
8.271329998970000652e-01,8.640344788450122770e-01
9.642647504809997994e-01,7.515447810003184070e-01
1.394161701200000048e+00,8.052775314897122616e-01
7.584049701689999923e-01,9.750506504384681694e-01
6.900759935379999765e-01,8.112278228167058014e-01
6.740249991419999809e-01,7.044170188934332222e-01
8.615220189090000424e-01,6.959225127641509578e-01
7.907469868659999790e-01,7.653395451649525061e-01
7.285000085830000138e-01,7.452221459264082304e-01
2.411980032920000294e-01,7.178925668273649086e-01
3.354600071909999981e-01,6.217295966466384050e-01
5.912460088730000507e-01,5.721594113758495803e-01
1.058426976200000036e+00,6.724227857663614971e-01
7.669919729230000316e-01,8.558670525311669053e-01
5.881239771840000019e-01,7.598169081460518504e-01
5.922303199769999305e-01,6.781294162773934264e-01
8.753510117530000079e-01,6.656112797001823012e-01
7.038279771799998974e-01,7.741006582306083628e-01
5.677499771120000371e-01,7.200521194220915744e-01
7.133870124819999825e-01,6.664565776800602803e-01
1.077505946160000061e+00,7.085510017958334128e-01
6.909419894220000247e-01,8.539629217958739638e-01
7.724580168719999973e-01,7.453970552098356794e-01
7.237120270730000859e-01,7.301450556427062644e-01
9.752489924429998958e-01,7.151892916396174193e-01
9.151769876479998178e-01,8.105194809062147288e-01
