9.919999999999999929e-01,5.897711476635542072e-01
1.059000000000000163e+00,7.886252301444605095e-01
7.249999999999999778e-01,8.579131290753500005e-01
3.729999999999999982e-01,7.901142841204037426e-01
4.760000000000000342e-01,6.530469002358755271e-01
3.420000000000000262e-01,6.565081202554977624e-01
2.019999999999999851e-01,6.525706017096293277e-01
2.839999999999999747e-01,7.152795196529436739e-01
7.440000000000001057e-01,7.446096238562653902e-01
4.850000000000000422e-01,7.279544576838189451e-01
1.064000000000000057e+00,6.503023654358094374e-01
8.299999999999999600e-01,8.236684773451496966e-01
1.429000000000000048e+00,8.126146051617469945e-01
6.959999999999999520e-01,9.654706787294320414e-01
5.949999999999999734e-01,8.281670733014679930e-01
2.570000000000000062e-01,6.270287900254574165e-01
8.960000000000000187e-01,6.640823913857852867e-01
5.660000000000000586e-01,7.922406571957991694e-01
6.400000000000000133e-01,7.263802402604851993e-01
8.569999999999999840e-01,5.708212906561488387e-01
6.390000000000000124e-01,7.363220437569959476e-01
1.258000000000000007e+00,7.424120858558265201e-01
4.509999999999999565e-01,9.015448779072535723e-01
6.320000000000000062e-01,7.730328999987416960e-01
0.000000000000000000e+00,6.238431822276913064e-01
5.889999999999999680e-01,7.236108735798397751e-01
7.800000000000000266e-01,8.259218168862004772e-01
5.500000000000000444e-01,6.753457436891551202e-01
6.790000000000000480e-01,6.789636066916771018e-01
7.809999999999999165e-01,5.970579230372222712e-01
1.159000000000000030e+00,7.194736830551055062e-01
8.719999999999999973e-01,8.692567780281491574e-01
6.049999999999999822e-01,8.307733235230886359e-01
1.564999999999999947e+00,7.329687452386692836e-01
6.540000000000000258e-01,1.024202181338767392e+00
1.019000000000000128e+00,8.386895888076481009e-01
7.359999999999999876e-01,8.076659642743790890e-01
7.570000000000000062e-01,7.882039083785616906e-01
8.809999999999998943e-01,7.498679102745557934e-01
8.850000000000000089e-01,7.800320756117800070e-01
8.079999999999999405e-01,8.043584666511814918e-01
1.129999999999999893e+00,7.898091629071158914e-01
7.399999999999999911e-01,8.616007097647316870e-01
9.270000000000000462e-01,8.009560408340817839e-01
1.217999999999999972e+00,7.887958470965696911e-01
3.989999999999999658e-01,8.978785047702126931e-01
6.109999999999999876e-01,7.621083068475261735e-01
7.900000000000000355e-01,6.448353199836496241e-01
6.400000000000000133e-01,6.889900171977340060e-01
1.116999999999999993e+00,7.282609161830091438e-01
5.030000000000000027e-01,8.457673852875160492e-01
9.549999999999998490e-01,7.570753099666543973e-01
1.681000000000000050e+00,7.708477117603750317e-01
7.800000000000000266e-01,1.055464503246146935e+00
1.058000000000000052e+00,8.710023214605862041e-01
1.007000000000000117e+00,8.357268526434586953e-01
8.990000000000000213e-01,8.512035487499337583e-01
3.339999999999999858e+00,8.216934388590080296e-01
1.388000000000000123e+00,1.707556119327077404e+00
1.530000000000000027e+00,1.155589807240174904e+00
1.328000000000000069e+00,1.016825832454759215e+00
1.070999999999999952e+00,9.701116436510048846e-01
5.770000000000000684e-01,8.904570588381637286e-01
7.570000000000000062e-01,7.616925620288550469e-01
4.770000000000000906e-01,6.554802522009536281e-01
5.779999999999999583e-01,6.560072056945943642e-01
8.830000000000000071e-01,6.065923772328232211e-01
3.989999999999999658e-01,7.364028051557389709e-01
5.899999999999999689e-01,6.951375316453990427e-01
7.329999999999999849e-01,6.426178874703242228e-01
6.650000000000000355e-01,6.376557259059554283e-01
4.579999999999999627e-01,7.281130150498229536e-01
1.999000000000000332e+00,6.218485214126118210e-01
1.042000000000000037e+00,1.212877897204614808e+00
1.433000000000000052e+00,9.511318679782062580e-01
3.899999999999999994e-02,9.715320745489518517e-01
7.459999999999999964e-01,7.861471088173488386e-01
7.319999999999999840e-01,8.332031448358486747e-01
1.320999999999999952e+00,7.539770865845080161e-01
6.370000000000000107e-01,9.255492476388502698e-01
1.094999999999999973e+00,8.057684744646653741e-01
1.258000000000000007e+00,8.368326765822297064e-01
8.569999999999999840e-01,9.205221917335919546e-01
6.909999999999999476e-01,8.376673089420924034e-01
6.949999999999999512e-01,7.606265095014477229e-01
7.809999999999999165e-01,6.945559951840916124e-01
6.990000000000000657e-01,7.296326705594553541e-01
9.350000000000001643e-01,7.568093975084764224e-01
6.800000000000000488e-01,7.827008909065490405e-01
5.829999999999999627e-01,7.659398404784517611e-01
8.079999999999999405e-01,6.083317448851205400e-01
1.034000000000000030e+00,6.932728941029904224e-01
8.509999999999999787e-01,8.315850180491278776e-01
6.129999999999999893e-01,8.141034608293661323e-01
9.430000000000000604e-01,7.310462905382846266e-01
5.360000000000000320e-01,7.706245303042280614e-01
7.979999999999999316e-01,7.300065619075412071e-01
7.290000000000000924e-01,6.820715472479785824e-01
8.820000000000000062e-01,7.650942561888385285e-01
7.559999999999998943e-01,7.728429896605696348e-01
1.147999999999999909e+00,7.791969515632704013e-01
1.739999999999999991e+00,8.638007330681015672e-01
2.913999999999999702e+00,1.076362122598639059e+00
4.963000000000000078e+00,1.495233806861598014e+00
1.470999999999999863e+00,2.288618307206675251e+00
1.000999999999999890e+00,1.334600348501130185e+00
8.220000000000000639e-01,8.885385130658642883e-01
9.359999999999999432e-01,8.047496214806836301e-01
5.489999999999999325e-01,8.067566661430842778e-01
1.110999999999999988e+00,7.313795838435672714e-01
7.149999999999999689e-01,8.421284689596573170e-01
1.052000000000000046e+00,7.938588904525836210e-01
8.960000000000000187e-01,8.265675355925782286e-01
7.770000000000000240e-01,8.254870001872963714e-01
5.699999999999999512e-01,7.849382682667933597e-01
8.240000000000000657e-01,6.843789930917661968e-01
5.799999999999999600e-01,7.013014259905194780e-01
9.490000000000001767e-01,7.097489189397014897e-01
7.920000000000000373e-01,7.698166164698629910e-01
6.940000000000000613e-01,7.933382027869904096e-01
6.829999999999999405e-01,7.559823592256221803e-01
9.470000000000000639e-01,6.912043154350335783e-01
1.032999999999999918e+00,7.838972598293942884e-01
2.556000000000000050e+00,8.468741363329465033e-01
2.464999999999999858e+00,1.382220136582998471e+00
2.728000000000000203e+00,1.359820709992589638e+00
3.560000000000000386e-01,1.440242304255817007e+00
3.260000000000000120e-01,9.519917802615712743e-01
3.779999999999999472e-01,6.858798345424125253e-01
6.310000000000000053e-01,6.866749041485354921e-01
8.850000000000000089e-01,6.577212365626240453e-01
9.740000000000000879e-01,7.471334814421325410e-01
7.309999999999999831e-01,8.250721042635587033e-01
9.520000000000000684e-01,7.824744705835012804e-01
1.012000000000000011e+00,7.947688518497718624e-01
7.790000000000000258e-01,8.420783811192271706e-01
1.054999999999999938e+00,7.967454794319925870e-01
7.920000000000000373e-01,8.346561899367529458e-01
8.880000000000000115e-01,8.037610772518145597e-01
5.080000000000000071e-01,7.898132648485614027e-01
5.729999999999999538e-01,7.099074247037949759e-01
9.179999999999998161e-01,5.936002161583923131e-01
9.610000000000000764e-01,7.539884967864790566e-01
3.470000000000000306e-01,8.259516682170447988e-01
1.294000000000000039e+00,7.117062412340834365e-01
4.770000000000000906e-01,9.405448823186152163e-01
8.719999999999999973e-01,7.810573409674985701e-01
7.319999999999999840e-01,7.290777980995990504e-01
4.070000000000000284e-01,7.729371549792446450e-01
8.780000000000000027e-01,6.504625514589142954e-01
1.258000000000000007e+00,7.432031510628066551e-01
7.269999999999999796e-01,9.078385274274158867e-01
6.239999999999999991e-01,8.130173946625997017e-01
8.559999999999999831e-01,6.785110838034743574e-01
1.014999999999999902e+00,7.312721491988697364e-01
4.179999999999999827e-01,8.320684102316412423e-01
1.219000000000000083e+00,7.277403057343299064e-01
6.530000000000000249e-01,8.986307352374934831e-01
6.009999999999999787e-01,7.954089441649075942e-01
6.540000000000000258e-01,5.775116304653933330e-01
1.205999999999999961e+00,5.610182782773970311e-01
8.290000000000000702e-01,8.811779995791478859e-01
5.620000000000000551e-01,8.267024956607152975e-01
1.100000000000000089e+00,7.049643106669760684e-01
7.290000000000000924e-01,8.372216789556508054e-01
8.629999999999999893e-01,7.954419117596525091e-01
8.220000000000000639e-01,7.674887508963278426e-01
8.299999999999999600e-01,7.896190086710751510e-01
1.546000000000000041e+00,7.844792428321758493e-01
6.390000000000000124e-01,1.007904745496034149e+00
6.879999999999999449e-01,8.343078143428526161e-01
6.500000000000000222e-01,6.123950961483015654e-01
4.410000000000000031e-01,6.466437204744387435e-01
7.580000000000000071e-01,6.220617706065648678e-01
6.850000000000000533e-01,6.750028917118506833e-01
8.649999999999999911e-01,7.502238532187449627e-01
8.070000000000000506e-01,7.539923831186435832e-01
1.114000000000000101e+00,7.871542427451942991e-01
4.749999999999999778e-01,8.563430290539458811e-01
9.459999999999998410e-01,7.528377012180771377e-01
3.499999999999999778e-01,7.678790556818676505e-01
9.869999999999999885e-01,7.085389495546172700e-01
1.030000000000000027e+00,8.061610813714995549e-01
9.330000000000000515e-01,8.500754060388162614e-01
6.420000000000000151e-01,8.314603624013495731e-01
4.710000000000000298e-01,7.553826501610770849e-01
7.879999999999999227e-01,6.123567769458626575e-01
3.989999999999999658e-01,6.831852262875277582e-01
7.630000000000000115e-01,6.679002789136855300e-01
6.260000000000000009e-01,6.909012971816951287e-01
9.299999999999999378e-01,7.077863611479067174e-01
8.659999999999999920e-01,7.666938707614496806e-01
9.399999999999999467e-01,8.065311255434931548e-01
7.319999999999999840e-01,8.143775894260387727e-01
8.699999999999999956e-01,7.793287018173550296e-01
1.026000000000000023e+00,7.703151612042365981e-01
7.349999999999999867e-01,8.367137280025311874e-01
1.014000000000000012e+00,7.887183698588582370e-01
4.830000000000000404e-01,8.158121503733507529e-01
8.759999999999998899e-01,7.355267864525220078e-01
1.943999999999999950e+00,7.306942161984277817e-01
2.104999999999999982e+00,1.155164219676959148e+00
7.870000000000000329e-01,1.218445747383317457e+00
5.660000000000000586e-01,9.215867283734493487e-01
3.190000000000000058e-01,6.881468693495347289e-01
7.540000000000000036e-01,6.487391057692971641e-01
6.009999999999999787e-01,7.170894051457343821e-01
8.780000000000000027e-01,6.851741784129541379e-01
7.249999999999999778e-01,7.373775111201876786e-01
7.009999999999999565e-01,7.718116406081311220e-01
7.809999999999999165e-01,7.453928536077559786e-01
9.179999999999998161e-01,7.333436929290555462e-01
4.099999999999999756e-01,7.948229814708973606e-01
1.230999999999999872e+00,7.049063952535190580e-01
9.359999999999999432e-01,9.047737446006289819e-01
6.250000000000000000e-01,8.513533983116368109e-01
2.475999999999999979e+00,7.511421228152093121e-01
1.294000000000000039e+00,1.384778038339916195e+00
2.029999999999999805e+00,1.049123798390751094e+00
1.321999999999999842e+00,1.177777591990305739e+00
1.618000000000000105e+00,1.011545999039137556e+00
8.499999999999999778e-01,1.040663476498715934e+00
6.169999999999999929e-01,8.752815801299543841e-01
1.177000000000000046e+00,7.323901675549663315e-01
9.840000000000000968e-01,8.693608231020942823e-01
1.341999999999999860e+00,8.568360004826113263e-01
7.929999999999999272e-01,9.399573891113318647e-01
8.209999999999999520e-01,8.344226728490904410e-01
5.260000000000000231e-01,7.769038199894592323e-01
7.209999999999999742e-01,6.912078172686700883e-01
8.459999999999999742e-01,6.311408046269625371e-01
6.590000000000000302e-01,7.601899475373148363e-01
1.281999999999999806e+00,7.483171527142365997e-01
1.112999999999999989e+00,9.107606023601785283e-01
6.859999999999999432e-01,8.963744059603545589e-01
7.340000000000000968e-01,7.883502761666127956e-01
8.830000000000000071e-01,7.063424265634178356e-01
9.490000000000001767e-01,7.745020854795127141e-01
7.209999999999999742e-01,8.187921036292444832e-01
7.170000000000000817e-01,7.776423531554029767e-01
6.530000000000000249e-01,7.398102417547879339e-01
6.579999999999999183e-01,6.966883262191301274e-01
6.629999999999999227e-01,5.891515976782477626e-01
7.570000000000000062e-01,6.041193132460211945e-01
7.070000000000000728e-01,6.967085340533010207e-01
3.420000000000000262e-01,7.563165204256426799e-01
1.459999999999999909e-01,6.542988042671128435e-01
9.679999999999999716e-01,7.274970916934674348e-01
8.329999999999999627e-01,8.559860182247828186e-01
6.909999999999999476e-01,8.037660517032678698e-01
7.229999999999999760e-01,7.583513142056278467e-01
7.609999999999998987e-01,7.077093096864877086e-01
5.889999999999999680e-01,7.429531255301039527e-01
1.044999999999999929e+00,6.833174380321980212e-01
1.046999999999999931e+00,8.138434406724203152e-01
2.560000000000000053e+00,8.597348114010958664e-01
7.170000000000000817e-01,1.382950339171233889e+00
5.679999999999999494e-01,9.658549268266176657e-01
7.970000000000000417e-01,6.413225159733323411e-01
9.919999999999999929e-01,6.834237514650538525e-01
6.099999999999999867e-01,8.178106387176822256e-01
8.140000000000000568e-01,7.562056189569924536e-01
9.159999999999999254e-01,7.039509431351110846e-01
7.329999999999999849e-01,8.005651033565883701e-01
9.640000000000000790e-01,7.772563009427385650e-01
6.750000000000000444e-01,7.990015706565430920e-01
7.070000000000000728e-01,7.680924931178246817e-01
1.254999999999999893e+00,6.777546685596587128e-01
1.691999999999999948e+00,9.006647475311310158e-01
1.036000000000000032e+00,1.062210602757402089e+00
7.070000000000000728e-01,9.178987714660261643e-01
1.881000000000000005e+00,7.837410403233119327e-01
1.328999999999999959e+00,1.140873375042722238e+00
6.380000000000000115e-01,9.995862944032778419e-01
6.590000000000000302e-01,8.069354783344566684e-01
8.740000000000001101e-01,5.686442536139880710e-01
8.950000000000000178e-01,7.495364371361871170e-01
4.149999999999999800e-01,8.054783531486586767e-01
4.909999999999999920e-01,6.993030308535839179e-01
1.223999999999999977e+00,6.386091431275253694e-01
2.633000000000000007e+00,8.935535448174793949e-01
6.650999999999999801e+00,1.402278619700911610e+00
1.284000000000000030e+00,3.028286531617188082e+00
1.354000000000000092e+00,1.465309780172529441e+00
1.460999999999999854e+00,9.598480371701240133e-01
1.470999999999999863e+00,9.947063210834783398e-01
1.580000000000000071e+00,1.003902410360060893e+00
8.040000000000000480e-01,1.035986440458436464e+00
2.689999999999999614e-01,8.632019860075513806e-01
4.179999999999999827e-01,6.825068055775165288e-01
1.018000000000000016e+00,7.033546740797166352e-01
6.189999999999999947e-01,8.088278348621928959e-01
8.050000000000000488e-01,7.621531442891961161e-01
2.566000000000000281e+00,7.014764230258301314e-01
9.309999999999999387e-01,1.403014366730584994e+00
4.610000000000000209e-01,9.953475661653261586e-01
7.940000000000000391e-01,7.136262022946193717e-01
6.700000000000000400e-01,6.885881258490821333e-01
6.899999999999999467e-01,7.460318534737746532e-01
9.729999999999999760e-01,6.553871464459354312e-01
5.120000000000000107e-01,7.947559835177275822e-01
8.320000000000000728e-01,7.317980725885130378e-01
9.050000000000000266e-01,7.038108973553633962e-01
6.570000000000000284e-01,8.011576596935631178e-01
3.270000000000000129e-01,7.557768745668164145e-01
2.160000000000000253e-01,6.500188594253933916e-01
1.509999999999999953e-01,7.163043251454425109e-01
7.340000000000000968e-01,7.615630984242401924e-01
7.909999999999999254e-01,7.817294138461254871e-01
7.429999999999999938e-01,7.529848727789243412e-01
7.379999999999999893e-01,7.662055579533814109e-01
8.340000000000000746e-01,7.526638074904513642e-01
8.930000000000001270e-01,7.631316166470846207e-01
4.149999999999999800e-01,7.988690258270765288e-01
5.920000000000000817e-01,6.987668112832206013e-01
2.693999999999999950e+00,6.353690710657204921e-01
8.960000000000000187e-01,1.476647048399978290e+00
1.195000000000000062e+00,1.004735767955675652e+00
9.779999999999999805e-01,8.887131755353417928e-01
1.404000000000000137e+00,8.571539582403762125e-01
6.600000000000000311e-01,9.598762376583461764e-01
5.550000000000000488e-01,8.196337136445454030e-01
6.209999999999999964e-01,5.965397115421079421e-01
3.059999999999999942e-01,5.724416058685888320e-01
5.460000000000000409e-01,6.523065867922791528e-01
8.179999999999999494e-01,6.828111045554652314e-01
7.369999999999999885e-01,6.952160197107927209e-01
9.150000000000000355e-01,7.688307538730511093e-01
4.959999999999999964e-01,7.845407715305379170e-01
8.830000000000000071e-01,7.150561679222272593e-01
8.859999999999998987e-01,7.335840861416402792e-01
9.050000000000000266e-01,8.048387506326312169e-01
8.759999999999998899e-01,8.092663536742602526e-01
1.074000000000000066e+00,8.056286700272630164e-01
6.390000000000000124e-01,8.507494352702722473e-01
9.649999999999998579e-01,7.741249996865636751e-01
7.009999999999999565e-01,7.838070308936725406e-01
1.010000000000000009e+00,7.745486101575420612e-01
7.929999999999999272e-01,8.098451257461585229e-01
1.161000000000000032e+00,7.995197610827046164e-01
3.739999999999999991e-01,8.707410729198165056e-01
4.889999999999999902e-01,7.509546376076484675e-01
7.369999999999999885e-01,6.548827797581026067e-01
1.975999999999999757e+00,6.501090341317699028e-01
7.979999999999999316e-01,1.175782063119694909e+00
3.178999999999999826e+00,9.080999476643619728e-01
1.060999999999999943e+00,1.651542388346206591e+00
6.650000000000000355e-01,1.083112885816766235e+00
1.368000000000000105e+00,7.777618580976656260e-01
1.032000000000000028e+00,9.440038705846413025e-01
9.729999999999999760e-01,8.852966088588284377e-01
0.000000000000000000e+00,8.407465859681908515e-01
8.409999999999999698e-01,7.367652471699321914e-01
6.759999999999999343e-01,8.723552994971262020e-01
1.084000000000000075e+00,7.540026339935635979e-01
1.358999999999999986e+00,8.348923457330253983e-01
5.360000000000000320e-01,9.499799107828104106e-01
7.840000000000000302e-01,7.969453708592962871e-01
1.014999999999999902e+00,6.727980811775675640e-01
1.318999999999999950e+00,8.227927951715767740e-01
1.175999999999999934e+00,9.341657541242878171e-01
1.306999999999999940e+00,9.149474727184289113e-01
2.298000000000000043e+00,9.397288964424538316e-01
8.790000000000000036e-01,1.273911744117606659e+00
1.578999999999999959e+00,9.571748477817401124e-01
9.929999999999998828e-01,1.019385607072538225e+00
1.017000000000000126e+00,8.977583948384019186e-01
4.879999999999999893e-01,8.474358573635873970e-01
1.209999999999999964e+00,7.368782864567733348e-01
1.520000000000000018e+00,8.878129708670937648e-01
1.570999999999999952e+00,1.005541172803443573e+00
1.191999999999999948e+00,1.036038936380819564e+00
1.401999999999999913e+00,9.401636272289436436e-01
1.163000000000000034e+00,9.685113122363232518e-01
1.254000000000000004e+00,9.186393630096932883e-01
1.733999999999999986e+00,9.238892463980131753e-01
2.394000000000000128e+00,1.076038550729234711e+00
1.886999999999999789e+00,1.307866699168947600e+00
9.100000000000000311e-01,1.181719243425003008e+00
1.050000000000000044e+00,9.155615631129180310e-01
1.284000000000000030e+00,8.475549262476278489e-01
4.850000000000000422e-01,9.253907797562370696e-01
8.320000000000000728e-01,7.804848100765732211e-01
3.410000000000000253e-01,7.060002876011811646e-01
8.149999999999999467e-01,6.821575885180761745e-01
6.999999999999999556e-01,7.323360840904307167e-01
6.870000000000000551e-01,7.596771857065057754e-01
7.020000000000000684e-01,7.055835364110835117e-01
7.199999999999999734e-01,6.923109419044646273e-01
6.409999999999999032e-01,7.200223722287341088e-01
1.002000000000000002e+00,6.867175871971250567e-01
1.450999999999999845e+00,7.994134913549806321e-01
1.100000000000000089e+00,9.761562278230734302e-01
1.254000000000000004e+00,9.082114041811146787e-01
7.190000000000000835e-01,9.196963393792485508e-01
9.890000000000001013e-01,8.111256501675482289e-01
4.281000000000000583e+00,8.050209128125542790e-01
7.099999999999999645e-01,2.091678764675660940e+00
8.910000000000000142e-01,1.158596932774836219e+00
1.608999999999999986e+00,7.703702522047666257e-01
1.185000000000000053e+00,1.030128699350563837e+00
6.949999999999999512e-01,9.419380952080532721e-01
7.750000000000000222e-01,7.986573177819250580e-01
9.270000000000000462e-01,7.277946224005306108e-01
9.249999999999999334e-01,7.959965283258388924e-01
8.750000000000000000e-01,8.187751125652151796e-01
8.629999999999999893e-01,8.078188877057778106e-01
8.499999999999999778e-01,7.990736402699915031e-01
6.129999999999999893e-01,7.948375314124067614e-01
8.709999999999999964e-01,7.308062399840969947e-01
9.090000000000000302e-01,7.362153690157624553e-01
9.859999999999999876e-01,8.080635359120067474e-01
1.310000000000000053e+00,8.309239185970879182e-01
5.929999999999999716e-01,9.298972313052737970e-01
1.132000000000000117e+00,7.978674074760423451e-01
2.262000000000000011e+00,8.508116952057708238e-01
2.399000000000000021e+00,1.264907656620708254e+00
2.270000000000000018e+00,1.325074407725924663e+00
1.451999999999999957e+00,1.291718443140071670e+00
1.311999999999999833e+00,1.063013205346912127e+00
1.274999999999999911e+00,9.600553864661430792e-01
8.149999999999999467e-01,9.400219661982146535e-01
6.039999999999999813e-01,8.312219906094031607e-01
1.102000000000000091e+00,7.169083664955052670e-01
4.359999999999999987e-01,8.384980026935066055e-01
8.040000000000000480e-01,7.462062363489947447e-01
5.729999999999999538e-01,6.995835183255622036e-01
4.160000000000000364e-01,6.989592561752642208e-01
7.750000000000000222e-01,6.215457700399942276e-01
3.840000000000000080e-01,6.908092722909612293e-01
1.054999999999999938e+00,6.649491673104569456e-01
5.929999999999999716e-01,8.308191060683218776e-01
8.359999999999999654e-01,7.622837052563044002e-01
9.759999999999999787e-01,7.126967447392243971e-01
1.098999999999999977e+00,8.190462024646445460e-01
8.059999999999999387e-01,8.670388831565377652e-01
7.900000000000000355e-01,8.110915444335177193e-01
5.460000000000000409e-01,7.751135599249250330e-01
7.709999999999999076e-01,6.828708118812226724e-01
8.109999999999999432e-01,6.637636268968734043e-01
1.002999999999999892e+00,7.695384214031412151e-01
9.159999999999999254e-01,8.229303477818520340e-01
9.279999999999998250e-01,8.250004917914022240e-01
9.949999999999999956e-01,8.181351532214959921e-01
1.039000000000000146e+00,8.352962676582799117e-01
5.210000000000000187e-01,8.531014433181738355e-01
1.159999999999999920e+00,7.463663597021537033e-01
1.195999999999999952e+00,8.642497091552675537e-01
8.840000000000000080e-01,9.077918265679577603e-01
7.700000000000000178e-01,8.369344982566643276e-01
8.940000000000000169e-01,7.822904551608795831e-01
5.140000000000000124e-01,7.864009639576198252e-01
6.409999999999999032e-01,7.128784097644501605e-01
1.203999999999999959e+00,5.961565036278002605e-01
1.135999999999999899e+00,8.802685819890313512e-01
8.809999999999998943e-01,8.955807986974677615e-01
8.649999999999999911e-01,8.304153691025640827e-01
7.379999999999999893e-01,8.002938731328698152e-01
9.420000000000000595e-01,7.736674429618106696e-01
7.159999999999999698e-01,7.929674597797803370e-01
2.919999999999999818e-01,7.757461516770177701e-01
1.125000000000000000e+00,6.647174338713733865e-01
1.247000000000000108e+00,8.786814628933017346e-01
3.693999999999999506e+00,9.193599648644367184e-01
8.569999999999999840e-01,1.824021293558047097e+00
8.390000000000000790e-01,1.111603847644111687e+00
9.629999999999999671e-01,7.918842872082579865e-01
7.319999999999999840e-01,8.161263475227864550e-01
7.009999999999999565e-01,7.815971024723288307e-01
1.365999999999999881e+00,7.497883797900757319e-01
6.790000000000000480e-01,9.425723227887861100e-01
8.190000000000000613e-01,8.178619988909920924e-01
1.044000000000000039e+00,7.344290423232864295e-01
8.750000000000000000e-01,8.358704094845195165e-01
7.159999999999999698e-01,8.201873907606057612e-01
9.380000000000000560e-01,7.692908973553814755e-01
5.390000000000000346e-01,7.872412426672460439e-01
8.090000000000000524e-01,7.295394331868069182e-01
6.019999999999999796e-01,6.892253726857179297e-01
9.819999999999999840e-01,7.138307597702370222e-01
7.870000000000000329e-01,7.869620946826380026e-01
6.809999999999999387e-01,7.955086387499198386e-01
6.640000000000000346e-01,7.504976531299150100e-01
6.039999999999999813e-01,6.477154986493017796e-01
8.270000000000000684e-01,5.890616935995169889e-01
5.589999999999999414e-01,7.100183205489070115e-01
1.630000000000000060e-01,7.031970563854622602e-01
5.749999999999999556e-01,6.888088799097316084e-01
8.529999999999999805e-01,7.500209793419744253e-01
2.149999999999999911e+00,7.193916749287672108e-01
1.239999999999999991e+00,1.235541284367347670e+00
2.139000000000000234e+00,1.005467453598686722e+00
6.940000000000000613e-01,1.217030470666108810e+00
7.630000000000000115e-01,9.133482008674513875e-01
1.108999999999999986e+00,7.234408662789190148e-01
9.240000000000000435e-01,8.508997103950094454e-01
1.306000000000000050e+00,8.370827284986733785e-01
8.699999999999999956e-01,9.256899139543899313e-01
8.599999999999999867e-01,8.452110909781647141e-01
1.107999999999999874e+00,7.977802711341805963e-01
8.590000000000000968e-01,8.592070710872486972e-01
9.040000000000000258e-01,8.230310964396769791e-01
1.022999999999999909e+00,8.052251405185725242e-01
8.499999999999999778e-01,8.397517141570771670e-01
1.528000000000000025e+00,8.128119980916799214e-01
9.949999999999999956e-01,1.001144241025397230e+00
1.141000000000000014e+00,8.929883249581272997e-01
1.989999999999999991e+00,8.801767423381999800e-01
1.851999999999999869e+00,1.164488311208872640e+00
1.588999999999999968e+00,1.144750478461793453e+00
2.124000000000000110e+00,1.062492838655919369e+00
1.205000000000000071e+00,1.213213549741757324e+00
1.227000000000000091e+00,9.957055393115714637e-01
1.131000000000000005e+00,9.194311855537018463e-01
1.116999999999999993e+00,8.962030117155791453e-01
1.040000000000000036e+00,8.847979447920082396e-01
7.680000000000000160e-01,8.644690744714264019e-01
7.670000000000000151e-01,7.972055152791049926e-01
8.609999999999999876e-01,7.632634013066939005e-01
5.300000000000000266e-01,7.778977306582550710e-01
9.909999999999999920e-01,7.066380805101194484e-01
9.619999999999999662e-01,7.879854691416223744e-01
8.379999999999999671e-01,8.341315739051756717e-01
8.129999999999999449e-01,8.041922164610844082e-01
8.750000000000000000e-01,7.843434764821226590e-01
8.809999999999998943e-01,7.912602984652888916e-01
9.059999999999999165e-01,8.027012879206998353e-01
1.355999999999999872e+00,8.088049613793123482e-01
2.044000000000000039e+00,9.415540644961253314e-01
2.365000000000000213e+00,1.182854158979470327e+00
2.233999999999999986e+00,1.305639633430783153e+00
8.370000000000000773e-01,1.278978554730457962e+00
9.040000000000000258e-01,9.436727014739511032e-01
7.229999999999999760e-01,8.017686484507675626e-01
1.032999999999999918e+00,7.737329973673017225e-01
9.370000000000000551e-01,8.207767384454649484e-01
7.620000000000000107e-01,8.326488487432224250e-01
7.720000000000000195e-01,7.857814629574878529e-01
1.243999999999999995e+00,7.618073194654079172e-01
7.469999999999999973e-01,8.983933307635351140e-01
1.419999999999999929e+00,8.150397969657726671e-01
7.349999999999999867e-01,9.623600754979017013e-01
1.074000000000000066e+00,8.333139249695615813e-01
9.690000000000000835e-01,8.363413591172000894e-01
8.090000000000000524e-01,8.438395178920023998e-01
8.220000000000000639e-01,7.988688365576420702e-01
5.760000000000000675e-01,7.805916978398954598e-01
6.770000000000000462e-01,7.074478911978029361e-01
9.019999999999999130e-01,5.874292591282163079e-01
8.629999999999999893e-01,7.656007534450310903e-01
1.056000000000000050e+00,8.026086503813785189e-01
9.389999999999999458e-01,8.442679932252306063e-01
7.820000000000000284e-01,8.353324716211397716e-01
8.780000000000000027e-01,7.902554381004166517e-01
1.110000000000000098e+00,7.853567104161196522e-01
1.165000000000000036e+00,8.614263605563593496e-01
1.475000000000000089e+00,8.957015546860268573e-01
7.340000000000000968e-01,9.896189469322284049e-01
1.143000000000000016e+00,8.396304042935019973e-01
2.958999999999999631e+00,8.606053811731650960e-01
0.000000000000000000e+00,1.534046512634502646e+00
1.479999999999999982e+00,9.625530840419544987e-01
1.715999999999999970e+00,1.091737464737128960e+00
8.900000000000000133e-01,1.077590987359188013e+00
1.114999999999999991e+00,8.931175979604818460e-01
6.450000000000000178e-01,8.639677834262684541e-01
1.243999999999999995e+00,7.806826603560820255e-01
5.579999999999999405e-01,8.960074115688847485e-01
7.199999999999999734e-01,7.839578913247730041e-01
5.400000000000000355e-01,6.250962837241750281e-01
7.709999999999999076e-01,6.394817260479771504e-01
2.768999999999999684e+00,6.638390733358940921e-01
1.115999999999999881e+00,1.487627667707749790e+00
7.440000000000001057e-01,1.047222133266703104e+00
1.381000000000000005e+00,8.002219497343073806e-01
1.573000000000000176e+00,9.478545984297473970e-01
8.299999999999999600e-01,1.029362030267595873e+00
8.590000000000000968e-01,8.667952710280997231e-01
8.120000000000000551e-01,7.912392839401660716e-01
1.044000000000000039e+00,7.872588271600385879e-01
1.378000000000000114e+00,8.350533737602400253e-01
7.550000000000000044e-01,9.540237102959656657e-01
1.313000000000000167e+00,8.317794718924247377e-01
8.429999999999999716e-01,9.228321019792478097e-01
6.850000000000000533e-01,8.406584730130524097e-01
1.117999999999999883e+00,7.573248491781243708e-01
9.969999999999998863e-01,8.483960046107578146e-01
8.499999999999999778e-01,8.543897491871117467e-01
7.509999999999998899e-01,8.102387459372571987e-01
6.089999999999999858e-01,7.749641058615637235e-01
5.100000000000000089e-01,6.880522956330418216e-01
6.019999999999999796e-01,5.934474630724885236e-01
6.390000000000000124e-01,5.921074475645959900e-01
7.970000000000000417e-01,5.524962758012493813e-01
8.029999999999999361e-01,7.050152311424386919e-01
1.584999999999999964e+00,7.750684334625380645e-01
9.179999999999998161e-01,1.022819086042395353e+00
1.028000000000000025e+00,8.838764938572274410e-01
7.940000000000000391e-01,8.425709398118907956e-01
5.329999999999999183e-01,8.015017480616237755e-01
8.740000000000001101e-01,6.812068662986734413e-01
7.390000000000001013e-01,7.279647407490706934e-01
7.759999999999999121e-01,7.747291822860156163e-01
6.440000000000000169e-01,7.531249020793627791e-01
9.109999999999999210e-01,7.265741060291724951e-01
1.002000000000000002e+00,7.616732387137140625e-01
1.030999999999999917e+00,8.351422992998535078e-01
5.329999999999999183e-01,8.517659891544965278e-01
7.609999999999998987e-01,7.469953059514791160e-01
5.470000000000000417e-01,6.572839328670230241e-01
8.359999999999999654e-01,6.673709685147621862e-01
1.274000000000000021e+00,7.064278462551143445e-01
6.209999999999999964e-01,9.112904530096125333e-01
1.066999999999999948e+00,7.972870490128769472e-01
1.266000000000000014e+00,8.246303471060634216e-01
9.350000000000001643e-01,9.210771444773184768e-01
1.085999999999999854e+00,8.545324775303211329e-01
5.879999999999999671e-01,8.597973186071069529e-01
4.639999999999999125e-01,7.659953884001194924e-01
8.750000000000000000e-01,6.070477639742566378e-01
4.830000000000000404e-01,7.321322779106634870e-01
4.560000000000000719e-01,7.013866362672885879e-01
7.240000000000000879e-01,6.229212267049565321e-01
4.749999999999999778e-01,6.536909041417158228e-01
9.590000000000000746e-01,6.414649327268546752e-01
1.793999999999999817e+00,7.743759921273212221e-01
1.209999999999999964e+00,1.096377025551043660e+00
4.010000000000000231e-01,9.645976671900303723e-01
5.859999999999999654e-01,7.610064197802545172e-01
8.659999999999999920e-01,6.413932484932569622e-01
7.759999999999999121e-01,7.283710719033904546e-01
5.889999999999999680e-01,7.815450908120245010e-01
4.329999999999999960e-01,6.923321923590805005e-01
5.550000000000000488e-01,6.166155023831746407e-01
1.149999999999999911e+00,6.262512357900427151e-01
9.779999999999999805e-01,8.587287261205603928e-01
2.302999999999999936e+00,8.529801757872955692e-01
7.959999999999999298e-01,1.287268803137047835e+00
6.099999999999999867e-01,9.459227006590619213e-01
6.520000000000000240e-01,7.129281009862331597e-01
1.032000000000000028e+00,5.557931324966590703e-01
8.199999999999999512e-01,8.126490575730137556e-01
1.039000000000000146e+00,8.073702115621700370e-01
9.509999999999998455e-01,8.345097419906790659e-01
7.740000000000000213e-01,8.363872353519300473e-01
1.384000000000000119e+00,7.897221275822468023e-01
6.069999999999999840e-01,9.489408231398756000e-01
9.459999999999998410e-01,8.094848735229519532e-01
3.920000000000000151e-01,7.712218973344111550e-01
9.679999999999999716e-01,7.104301930559031586e-01
9.070000000000001394e-01,7.893249959628320100e-01
2.479999999999999982e+00,8.194007005736865246e-01
1.046000000000000041e+00,1.360746507558749041e+00
1.536999999999999922e+00,1.003979951930809245e+00
4.809999999999999831e-01,1.005938768502973257e+00
8.619999999999999885e-01,8.148676646511858745e-01
1.127999999999999892e+00,7.232214020472640392e-01
9.899999999999999911e-01,8.654531162040547398e-01
9.100000000000000311e-01,8.536905236399822128e-01
1.239999999999999991e+00,8.223580933642904434e-01
1.379999999999999893e+00,9.037471956459375289e-01
7.659999999999999032e-01,9.646490582873977759e-01
8.159999999999999476e-01,8.339065957311622146e-01
1.299000000000000155e+00,7.688469013267625884e-01
7.149999999999999689e-01,9.192072009544812738e-01
8.309999999999999609e-01,8.157151051657908214e-01
9.090000000000000302e-01,7.538321318182696906e-01
7.409999999999999920e-01,8.018871990669951266e-01
5.050000000000000044e-01,7.784477214453944249e-01
9.700000000000000844e-01,6.494957511882569756e-01
1.050000000000000044e+00,7.782213710527406958e-01
5.639999999999999458e-01,8.535165699937951045e-01
9.590000000000000746e-01,7.559336981170928782e-01
9.380000000000000560e-01,7.734986679945663468e-01
7.079999999999999627e-01,8.252895130625981235e-01
4.480000000000000093e-01,7.733929042100711193e-01
5.340000000000000302e-01,6.377512249494746710e-01
5.220000000000000195e-01,6.211632302299400221e-01
6.409999999999999032e-01,5.943504633634303369e-01
1.659999999999999920e+00,5.923529721210623045e-01
1.621999999999999886e+00,1.059112156124089266e+00
3.623999999999999666e+00,1.058910661429648625e+00
9.070000000000001394e-01,1.774039495633167984e+00
7.759999999999999121e-01,1.110268016590617135e+00
6.440000000000000169e-01,7.858432783557506296e-01
5.500000000000000444e-01,7.265741060291724951e-01
1.368000000000000105e+00,5.891947160708130848e-01
8.149999999999999467e-01,9.491382679702992098e-01
8.619999999999999885e-01,8.413150206595382263e-01
8.129999999999999449e-01,7.890252316669239541e-01
9.059999999999999165e-01,7.878465852052399798e-01
1.310999999999999943e+00,7.980497600349065745e-01
1.475000000000000089e+00,9.265558908901093682e-01
1.185999999999999943e+00,9.964831007882198888e-01
2.092000000000000082e+00,9.303875618304109363e-01
1.301999999999999824e+00,1.200768791317417428e+00
1.221999999999999975e+00,1.012969875795836971e+00
1.078999999999999959e+00,9.253242651438794431e-01
7.859999999999999210e-01,8.830313958304755184e-01
7.090000000000000746e-01,8.049274138906464815e-01
5.649999999999999467e-01,7.598509395064726446e-01
1.092999999999999972e+00,6.340277587670811732e-01
3.960000000000000187e-01,8.341901175392184564e-01
1.195999999999999952e+00,7.408171095071949264e-01
2.998000000000000220e+00,8.915089115738025205e-01
2.586000000000000298e+00,1.546271554797139736e+00
1.655999999999999917e+00,1.421720158213015894e+00
8.919999999999999041e-01,1.138784782968333964e+00
8.960000000000000187e-01,8.868465701226256881e-01
1.584999999999999964e+00,8.081392010522573388e-01
1.209999999999999964e+00,1.021420410545573976e+00
9.859999999999999876e-01,9.456110384573265248e-01
6.759999999999999343e-01,8.603404028699597195e-01
9.459999999999998410e-01,7.709796938155619728e-01
5.140000000000000124e-01,7.822098609305438988e-01
7.140000000000000790e-01,7.261497090664500442e-01
7.920000000000000373e-01,6.298162588349394131e-01
6.019999999999999796e-01,7.434442567769472543e-01
1.012000000000000011e+00,7.069917529532683265e-01
6.310000000000000053e-01,8.001848548472610956e-01
5.429999999999999272e-01,7.639520446666122622e-01
7.740000000000000213e-01,5.864743557636318272e-01
8.379999999999999671e-01,6.658732386393164671e-01
7.500000000000000000e-01,7.750434525029653576e-01
1.614000000000000101e+00,7.734933406190045435e-01
7.140000000000000790e-01,1.035403403309263615e+00
6.490000000000000213e-01,8.531261443274411604e-01
3.860000000000000098e-01,6.879299839993892052e-01
3.989999999999999658e-01,6.353022936433740941e-01
1.104000000000000092e+00,6.629391825088973844e-01
8.070000000000000506e-01,8.506600251772066246e-01
1.107999999999999874e+00,8.118027312005805518e-01
7.170000000000000817e-01,8.544169458883549284e-01
1.688000000000000167e+00,7.939186565559780417e-01
8.079999999999999405e-01,1.065302907910428809e+00
1.564999999999999947e+00,8.762381709266268137e-01
1.256000000000000005e+00,1.015277383097221264e+00
7.379999999999999893e-01,9.549054129270835301e-01
8.359999999999999654e-01,8.147650052196965254e-01
1.016000000000000014e+00,7.635898382351110625e-01
6.949999999999999512e-01,8.298680353879461791e-01
9.520000000000000684e-01,7.788489121636326118e-01
5.589999999999999414e-01,7.879781993471459689e-01
1.854999999999999982e+00,7.371337546510389194e-01
8.209999999999999520e-01,1.143466907680682931e+00
8.359999999999999654e-01,8.975246826358240781e-01
6.809999999999999387e-01,7.853393106817687652e-01
1.030000000000000027e+00,7.552414959213422652e-01
8.420000000000000817e-01,8.148242701241793506e-01
5.589999999999999414e-01,8.118091231121203899e-01
7.329999999999999849e-01,7.085978535883047380e-01
8.429999999999999716e-01,6.352863769040261177e-01
8.709999999999999964e-01,7.635535722249218171e-01
8.859999999999998987e-01,7.958203370461121029e-01
1.019000000000000128e+00,8.031660584144860726e-01
1.010999999999999899e+00,8.366813774718210306e-01
1.215000000000000080e+00,8.484852366875029750e-01
9.709999999999999742e-01,9.025041625005986168e-01
7.950000000000000400e-01,8.574623358335191625e-01
8.880000000000000115e-01,7.961278064200026927e-01
9.849999999999999867e-01,7.904414940558026625e-01
4.900000000000000466e-01,8.281732450238296073e-01
6.310000000000000053e-01,7.305930991144938824e-01
1.050999999999999934e+00,6.052221515225505444e-01
3.920000000000000151e-01,8.186444671224828440e-01
7.720000000000000195e-01,7.326420283639397679e-01
6.879999999999999449e-01,6.971797314603598306e-01
1.185999999999999943e+00,7.523829323535484725e-01
8.209999999999999520e-01,8.742411126511088204e-01
1.030000000000000027e+00,8.230319822140796937e-01
8.659999999999999920e-01,8.319959203214307708e-01
6.759999999999999343e-01,8.168942614066622143e-01
5.979999999999999760e-01,7.568304558739723520e-01
9.359999999999999432e-01,6.038780796839228193e-01
7.159999999999999698e-01,7.654746946408914621e-01
9.700000000000000844e-01,7.751423147253143631e-01
7.449999999999999956e-01,7.980338605191271695e-01
8.940000000000000169e-01,7.852236156623283447e-01
1.620999999999999996e+00,7.804273423901058049e-01
1.050000000000000044e+00,1.034443913455536324e+00
1.042999999999999927e+00,9.135971592347708059e-01
8.190000000000000613e-01,8.591970040062684166e-01
6.709999999999999298e-01,8.082396239870326404e-01
3.460000000000000298e-01,7.495450817028807000e-01
1.154000000000000137e+00,6.475800546765416721e-01
7.850000000000000311e-01,8.808969963352383248e-01
5.629999999999999449e-01,8.124897316764303490e-01
2.710000000000000187e-01,6.859932550093993386e-01
1.330000000000000071e-01,6.614407425200919954e-01
6.590000000000000302e-01,7.487893555042098859e-01
5.110000000000000098e-01,7.745944331288602269e-01
9.100000000000000311e-01,6.072482616174891268e-01
8.309999999999999609e-01,7.475186268633454700e-01
1.000999999999999890e+00,7.971819782885766204e-01
1.274999999999999911e+00,8.250665725609043211e-01
1.381999999999999895e+00,9.198386984501558672e-01
1.258000000000000007e+00,9.672780539568938130e-01
1.084999999999999964e+00,9.407497349126963115e-01
7.790000000000000258e-01,8.875821909090577666e-01
9.890000000000001013e-01,8.040903648702996120e-01
