1.955727785830000398e-01,1.593479783970752905e-01
1.954265981910000005e-01,1.916598109285409246e-01
2.004670947789999880e-01,2.116935190306327985e-01
2.029463946819999587e-01,1.952386591707485353e-01
0.000000000000000000e+00,2.069193210808290828e-01
1.862521618600000151e-01,1.038673688491765501e-01
1.862153261900000301e-01,9.987247826871963052e-02
4.038094580169999670e-01,1.877241406120188361e-01
4.118085205549999461e-01,3.864874771878127890e-01
3.743042349819999948e-01,4.685580979928355982e-01
3.571429848669999685e-01,2.289204813416604867e-01
2.572054266930000055e-01,2.761409954487208940e-01
2.409307956699999753e-01,2.525471116605736976e-01
2.253161966800000249e-01,3.041947872186563928e-01
1.935185044999999937e-01,2.120216430781803330e-01
1.787700653079999924e-01,2.313474120529758482e-01
1.622045934200000150e-01,1.754498739917399741e-01
1.761920750140000269e-01,1.902383743902746338e-01
1.883655935530000325e-01,1.651669120898406617e-01
1.861467957499999548e-01,2.060676804092573255e-01
1.954913884399999968e-01,1.893397524598628701e-01
1.954011768099999935e-01,1.845505314483806558e-01
1.660518944260000185e-01,2.013367163368754154e-01
1.907722949980000249e-01,1.750755370698530988e-01
2.156041562559999625e-01,1.485664923706423446e-01
1.898660957809999716e-01,2.351008278832592835e-01
1.770474612709999895e-01,2.142319128293123931e-01
2.001174986360000074e-01,1.387551668054722021e-01
1.948629021640000125e-01,1.848939765103683464e-01
1.922753006219999894e-01,2.359186623138765371e-01
1.779100298880000042e-01,1.759290600908666180e-01
1.810636967419999854e-01,1.865101517609938642e-01
1.680064052340000114e-01,1.728605720707993842e-01
1.635809391740000174e-01,1.706922245929413107e-01
1.706920862200000111e-01,1.430331088890217373e-01
1.916799396280000345e-01,1.645422323832745337e-01
2.085516005749999957e-01,1.973944159911925622e-01
2.058236002919999752e-01,1.910388175759875906e-01
1.828240007160000513e-01,2.393321007838823122e-01
1.857409924269999846e-01,1.767477104082296746e-01
1.775099337099999841e-01,1.739487920024289369e-01
1.752161234619999952e-01,1.815536523425900772e-01
1.971126049759999999e-01,1.677593789173734418e-01
1.845117062330000057e-01,1.877780469529916896e-01
1.984785944219999987e-01,1.900368120028557706e-01
2.143009155989999692e-01,1.858927852261876568e-01
1.841159015890000139e-01,2.184625253049148064e-01
2.104043960570000094e-01,1.991952097779104702e-01
2.032361328599999739e-01,1.621785405062659835e-01
2.088565975429999833e-01,2.301936047680354647e-01
1.960448026660000231e-01,2.255582037612721136e-01
1.900728046889999523e-01,1.997379131643332306e-01
1.658952832220000062e-01,1.722330562527196740e-01
1.872539073229999851e-01,1.713977696967522169e-01
1.852532625200000171e-01,1.706004530745116043e-01
1.799222826959999966e-01,1.804177437404438644e-01
2.012764066460000223e-01,1.813741321143935992e-01
1.978618204589999985e-01,1.932573980253338986e-01
1.950792670250000027e-01,2.216931931834889291e-01
1.711323857310000085e-01,1.812433065433323165e-01
1.623787879939999901e-01,1.788484202188725392e-01
1.677809953689999856e-01,1.549088588513460318e-01
2.059821039440000168e-01,1.606191574884646978e-01
2.158481031659999771e-01,2.018016614414850640e-01
2.141157686710000174e-01,2.257112999268758025e-01
1.768843084569999835e-01,2.003509607124300818e-01
1.967563778159999444e-01,1.669966983748234768e-01
1.834106147289999988e-01,1.839547093766047969e-01
1.805770993230000065e-01,1.899610619079253604e-01
1.911945044990000231e-01,1.804400402388476043e-01
2.012096941470000178e-01,1.920412176282425831e-01
2.066745012999999798e-01,2.011880111126057857e-01
2.420079559090000110e-01,2.004172478552525838e-01
2.195876985790000124e-01,2.435212889230587985e-01
2.106474190949999825e-01,2.479543480959891522e-01
1.944769918919999896e-01,1.673368442517721710e-01
1.704634428020000148e-01,1.873223883621924213e-01
1.787724494929999741e-01,1.729399464283756793e-01
1.750701963900000158e-01,1.803977182356329423e-01
1.796004772190000487e-01,1.790804012940121759e-01
1.688816994429999940e-01,1.797900890883521730e-01
1.640222966669999949e-01,1.776713949310643748e-01
1.799237728120000324e-01,1.364313514237057434e-01
1.769366562369999729e-01,1.675406798837303646e-01
1.781685650350000039e-01,1.788168787416808680e-01
1.665234863759999795e-01,1.550324369630632915e-01
1.855484992270000077e-01,1.738237869591366669e-01
1.732649058100000083e-01,1.760423537132409788e-01
1.860052198169999949e-01,1.834848154371105655e-01
1.832000017169999884e-01,1.792364262669592367e-01
1.951216459270000425e-01,1.800361406158484667e-01
2.088083624839999763e-01,1.954338497480637149e-01
1.873752027749999993e-01,2.187733546385003114e-01
2.025922685860000183e-01,1.949142196411162431e-01
1.986005455260000108e-01,1.636873321824032501e-01
1.863885968919999914e-01,2.237775634333155628e-01
1.716178953649999950e-01,1.850581380760970562e-01
1.885485500099999823e-01,1.707947572063890640e-01
2.112170010809999998e-01,1.557702198742311472e-01
1.833238750700000030e-01,2.290429829474147638e-01
2.096922993660000067e-01,1.869325288852995703e-01
2.197588831190000203e-01,1.855738791224318118e-01
2.330529242750000174e-01,2.267582733798608474e-01
2.151579260829999951e-01,2.397506665986074426e-01
2.008593231439999849e-01,1.985849125640847812e-01
1.312076449390000010e-01,1.923390951876629285e-01
1.399971693750000079e-01,1.420225048681569291e-01
1.684847325090000070e-01,1.250040663241308858e-01
2.097207009790000298e-01,1.672642891860136316e-01
1.677834987640000053e-01,2.203993916844173562e-01
1.697814613580000132e-01,1.602264425743454568e-01
1.778024435040000129e-01,1.298886272113285445e-01
1.989280730490000093e-01,1.560251922466425190e-01
1.968562752010000194e-01,2.215159409987439709e-01
1.764101982119999634e-01,1.749523801317655891e-01
1.775619983670000124e-01,1.818511304152202468e-01
1.848997771739999962e-01,1.602063019481818895e-01
1.751745045190000183e-01,1.854115032842623134e-01
1.822087168690000036e-01,1.934707970419248524e-01
1.833387613300000163e-01,1.681237965961753789e-01
2.092746049170000067e-01,1.922056513674438305e-01
2.103900015349999819e-01,1.960449539068203906e-01
1.875178515910000121e-01,2.103663804672300242e-01
1.892182081940000093e-01,1.993454801971810963e-01
2.129119038579999901e-01,1.702165054239066777e-01
1.846891939640000202e-01,2.155665782151390819e-01
1.933595985170000198e-01,1.871491266483068794e-01
1.597519963980000013e-01,1.729725078916063141e-01
1.731968969110000145e-01,1.891128435993912338e-01
1.763989776370000484e-01,1.437649773229176531e-01
1.903230398890000119e-01,1.888835888635219395e-01
1.978137493129999980e-01,1.827993338407387647e-01
1.724811047320000124e-01,2.109522243237643979e-01
1.773964017630000056e-01,1.873011680857892269e-01
1.862247735259999759e-01,1.399246745684027127e-01
2.039294093849999823e-01,1.735594876496948380e-01
2.303259670730000153e-01,2.136191563562488127e-01
2.793866395949999859e-01,2.397595683564149593e-01
2.991397082810000052e-01,3.223499240327979964e-01
2.514718174930000161e-01,2.794399127771719504e-01
1.890812516209999794e-01,3.147365097277659562e-01
2.833725214000000214e-01,1.511363811826075265e-01
2.606627941129999737e-01,2.619876979702416286e-01
2.856159806249999877e-01,3.490120575309230699e-01
2.152941524979999910e-01,1.920269998778177667e-01
1.691618561740000082e-01,2.205061719019139055e-01
1.676646620040000146e-01,1.415762093834018187e-01
1.986771523950000007e-01,1.848334115985381665e-01
1.806469559670000058e-01,2.096563748730737031e-01
1.824937760829999922e-01,2.201275880767389337e-01
1.871567964549999963e-01,1.563736546028953456e-01
2.099210023880000164e-01,1.810257578470833573e-01
1.939254999159999993e-01,2.107909726404787465e-01
1.662387549880000037e-01,2.214215391250064224e-01
1.659430116420000101e-01,1.487940578893495180e-01
1.823978126049999871e-01,1.496208306974320945e-01
1.884365230800000013e-01,1.859223127033687029e-01
2.158337980510000031e-01,1.949672866416738704e-01
2.153968065980000068e-01,1.980515319985309552e-01
1.994820386169999793e-01,2.111070547181000123e-01
1.468160003419999859e-01,1.987696778015453913e-01
1.810178905730000509e-01,1.626293011914559938e-01
1.982497125860000209e-01,1.499293958162394025e-01
1.886273920540000038e-01,2.188434901312006908e-01
1.874347329140000074e-01,2.220011289385535047e-01
1.838997006419999802e-01,1.611790596093639616e-01
1.789868623020000049e-01,1.963710867886544753e-01
2.386641800400000069e-01,1.670306386417927669e-01
4.006521701810000224e-01,2.179501504077302476e-01
3.205133974549999598e-01,4.259523683044936782e-01
3.453539609910000197e-01,3.512621428060501705e-01
3.201048076149999866e-01,2.304769751304670267e-01
3.410750627520000022e-01,3.116509449632994810e-01
3.317869901659999954e-01,4.044856538410170899e-01
3.053638935090000062e-01,3.464720203159650236e-01
2.349332422019999866e-01,3.307306572983752524e-01
2.433501929039999789e-01,2.436509275126194640e-01
2.282197028400000105e-01,2.556581547666635368e-01
2.155468463900000187e-01,2.824900958053674915e-01
1.862514019010000077e-01,2.243130157903118205e-01
1.789111644029999504e-01,1.924317281660090639e-01
1.881189942359999534e-01,1.730274702100283446e-01
2.258600741620000185e-01,1.835487857173648818e-01
2.293289005759999999e-01,2.399492191854304957e-01
2.172957956789999534e-01,2.331207873124375995e-01
2.285813987260000013e-01,2.216020842589749018e-01
2.961176931860000083e-01,2.199128220589217086e-01
2.966041862959999942e-01,3.291914038641534646e-01
2.547382712360000134e-01,2.642817021604088601e-01
2.234010547399999935e-01,2.681975913829691138e-01
2.086469978090000066e-01,1.838419259831267361e-01
2.144542932510000166e-01,2.332663011252172625e-01
1.909040212630000177e-01,2.136181116998888962e-01
1.961078941820000032e-01,2.283855290724733367e-01
1.758218258620000141e-01,1.642919723495087636e-01
1.801499277349999928e-01,1.947392186244897017e-01
1.802266091110000246e-01,1.769221506410786904e-01
1.831340938809999930e-01,1.900530376518968501e-01
1.799343973400000241e-01,1.872892444512505306e-01
1.912952065469999963e-01,1.744413473845951301e-01
2.391949146990000052e-01,1.805214849053183301e-01
2.476447969680000138e-01,2.416035064502983221e-01
2.603625059129999753e-01,2.428991329348303418e-01
2.153915017839999890e-01,2.120988873251101470e-01
1.687171012159999761e-01,2.320550512173553959e-01
1.901023983960000163e-01,1.510036556940330121e-01
1.932636946439999781e-01,1.958044314026071708e-01
1.967433989050000331e-01,2.078912476536578235e-01
1.968259066340000141e-01,2.005317476367981799e-01
1.806160062550000167e-01,2.070848697223551249e-01
1.917202025649999975e-01,1.770200165021036109e-01
1.939498037100000072e-01,1.871969065181917913e-01
1.780927032229999429e-01,1.994215010523776310e-01
1.982128173110000169e-01,1.694305669591854024e-01
2.026619017119999921e-01,1.884093205757758904e-01
1.926424354309999587e-01,1.798217715439540398e-01
1.775846034290000375e-01,1.977821223935180006e-01
1.697379499670000069e-01,1.836465549118813378e-01
1.742126941680000041e-01,1.592781115233152522e-01
1.767573058610000247e-01,1.807141880057907546e-01
1.698893159629999983e-01,1.691625233923588489e-01
1.786662638189999985e-01,1.701016408179516493e-01
1.773128658529999901e-01,1.697580759029508612e-01
1.912915557620000206e-01,1.786303810324698926e-01
1.917339116329999926e-01,1.851463954678871371e-01
1.682408750059999902e-01,1.947392637492610101e-01
1.533582359550000052e-01,1.591977229415718065e-01
1.219834238290000011e-01,1.343285772652599575e-01
1.124273017049999962e-01,1.216969323963827676e-01
1.387385427950000027e-01,1.085714933637806218e-01
1.735682934519999776e-01,1.155625360089246184e-01
1.894755959509999699e-01,1.646100428541929228e-01
1.896263062950000189e-01,2.006765999419195812e-01
1.874510943890000114e-01,1.650798411892921147e-01
1.846003979439999887e-01,1.865009562276845889e-01
2.440665513279999810e-01,1.861469359012873359e-01
2.327407002449999873e-01,2.070579681855581888e-01
2.219963967800000215e-01,2.620707239137169964e-01
1.852974742650000117e-01,1.800012223755446117e-01
1.947617977860000016e-01,1.806001898839717235e-01
1.780637502669999983e-01,1.935932287066156887e-01
1.859644204379999610e-01,1.851771505260768336e-01
2.072025239469999502e-01,1.853455568134662057e-01
1.870556026700000152e-01,2.180911472936911955e-01
2.003259211780000215e-01,1.938892386019785974e-01
2.049419134859999936e-01,1.666322225194603324e-01
4.109843969350000514e-01,2.270862089782643423e-01
3.850685060019999884e-01,3.506026262686221528e-01
3.761990368370000670e-01,4.419078251097652288e-01
3.382981419560000536e-01,2.499593363560222159e-01
2.050670981410000482e-01,2.650582866501005608e-01
2.311079055070000277e-01,2.277643979612160585e-01
2.232432067389999997e-01,2.265428120810485946e-01
1.962449550630000206e-01,2.721761805321463168e-01
1.992976218459999727e-01,2.218923269529316511e-01
1.784480065109999847e-01,1.801919528689196748e-01
1.708953380579999737e-01,2.092616069753956420e-01
1.857410371300000085e-01,1.669411062902824427e-01
1.884250044819999748e-01,1.784053974258069386e-01
1.818749755619999964e-01,1.996631036221572508e-01
1.925081014630000142e-01,1.794445346209063985e-01
1.790819615130000153e-01,1.837030257296054236e-01
1.921849995850000159e-01,1.892370968710425372e-01
1.867637038229999769e-01,1.789301665872605474e-01
1.980000883339999851e-01,1.822741606094404332e-01
3.074838817119999734e-01,2.035248573477181355e-01
2.838982045650000341e-01,2.640690375979599103e-01
2.563236057759999964e-01,2.958625272511327120e-01
2.176708281040000137e-01,2.008930723374343918e-01
3.016590476040000302e-01,1.789438750334613193e-01
3.009566068650000314e-01,2.932000622027269854e-01
3.871228992939999558e-01,4.416306210383186825e-01
3.553330004220000005e-01,3.096783184301433733e-01
2.734268903729999978e-01,5.569437804126283753e-01
3.047637045380000020e-01,1.522602284255294147e-01
1.934034079309999710e-01,2.254027236731253880e-01
1.674667745829999943e-01,2.428672466776254368e-01
1.849085837600000226e-01,1.810090947699145858e-01
2.460200339559999727e-01,1.906469739794972029e-01
2.682054042820000150e-01,2.838426446145891346e-01
2.603135108949999887e-01,3.240716216435211017e-01
2.072546035049999680e-01,2.761512335716779787e-01
2.076155245300000118e-01,1.935289639247825544e-01
1.928880363700000156e-01,1.540250080372027874e-01
1.886100023979999929e-01,2.042604919859896118e-01
1.899161785839999783e-01,2.172188795594987842e-01
1.841135472060000111e-01,1.694855475258276456e-01
1.885657012459999726e-01,2.040792492536110947e-01
1.928238719700000325e-01,1.874669425744302509e-01
1.931996941570000015e-01,1.913724487085826098e-01
1.622868627309999867e-01,1.964576108800185350e-01
1.296745538709999923e-01,1.591930511597731412e-01
1.509044617410000011e-01,1.244225957967913104e-01
1.567745953799999925e-01,1.298075926343906228e-01
2.352031022309999941e-01,1.575390910236527386e-01
2.412368059159999689e-01,2.020012672871527859e-01
3.487674891950000022e-01,2.542447403289750940e-01
4.479171633719999934e-01,3.190935385417414949e-01
7.274934649469999570e-01,5.017774640409283782e-01
7.546014785770001065e-01,8.201891522056454775e-01
6.946486234659999814e-01,9.213296514165018047e-01
6.383669972420000782e-01,3.762166875062826765e-01
5.096258521080000436e-01,4.777953508170876828e-01
3.489852249620000735e-01,4.738330184624284791e-01
3.274166882039999948e-01,4.162356479891780592e-01
3.183498978609999863e-01,4.555238943033181331e-01
2.771280407910000076e-01,3.365333930848527499e-01
2.614668905739999660e-01,3.828751612399609039e-01
2.646197974680000176e-01,2.762431262641509844e-01
2.569813728329999880e-01,2.769620037529600398e-01
2.632848024370000317e-01,3.029557968607189955e-01
2.274889498949999866e-01,2.588314055585691498e-01
1.972997337579999733e-01,2.042145451988847948e-01
1.593737602229999828e-01,1.775733899246746406e-01
1.552143245940000027e-01,1.444237883951122736e-01
2.165970057250000136e-01,1.625971657852547936e-01
2.152127921579999881e-01,1.964730890635612015e-01
2.079710960389999919e-01,2.825431220536047672e-01
2.003736048939999681e-01,1.828492108740844835e-01
1.930765211580000029e-01,1.889715654362154329e-01
1.887691617009999989e-01,1.737722107500388191e-01
2.153376042839999782e-01,2.016377180480953546e-01
2.704129219060000255e-01,2.054417352291740828e-01
5.549836754800000493e-01,3.067330108470627259e-01
5.126557946209999717e-01,5.975806476346893215e-01
5.099799633029999946e-01,7.505761044013706806e-01
4.163484573359999552e-01,1.613328861440124218e-01
2.535916566849999998e-01,3.128530587026369658e-01
1.788074076179999861e-01,2.258797263831780755e-01
1.850019842389999947e-01,2.248512299902787059e-01
1.711802035570000047e-01,2.408147272510627046e-01
1.727939993140000241e-01,2.474688909328356390e-01
1.767069548369999965e-01,1.884449288299231695e-01
1.761609017850000181e-01,1.746773547004451255e-01
2.039509564639999939e-01,1.706329638836229512e-01
1.905422955750000480e-01,1.845781787598353985e-01
1.819348037240000049e-01,2.021012278060342615e-01
1.684180349109999919e-01,1.602924838313079803e-01
1.891849339009999964e-01,1.553742225722863357e-01
1.689333617690000067e-01,1.789781008389237094e-01
1.962249428029999576e-01,1.810044736806370735e-01
1.980420649049999537e-01,1.671220384668008763e-01
1.778897047040000068e-01,2.077336611199905314e-01
1.612316220999999994e-01,1.792039228193317013e-01
1.492553949359999854e-01,1.553321606234534247e-01
1.442013978960000053e-01,1.507236249965954733e-01
1.220441684129999899e-01,1.272640456325465630e-01
1.259213238949999925e-01,1.245089321699459489e-01
1.192706972360000062e-01,1.090494709081140934e-01
1.400409787890000146e-01,1.067540414676409477e-01
1.655126959090000016e-01,1.182873553859351973e-01
1.946723610159999951e-01,1.488969968070688321e-01
1.824015975000000123e-01,1.868140782596343641e-01
1.781254708769999806e-01,1.880636360879822389e-01
1.768455654380000075e-01,1.650101347757353953e-01
1.895092576740000090e-01,1.686246602003297901e-01
1.890345066789999584e-01,1.851326791686274953e-01
2.166133970019999688e-01,1.928262089222220199e-01
2.142671942709999944e-01,1.977584516672384052e-01
1.696722060440000179e-01,2.357477148698686464e-01
1.861636042589999707e-01,1.582692505959982510e-01
2.109026014799999793e-01,1.509746262386968962e-01
2.016181051729999951e-01,2.255102470970743178e-01
2.371999472380000307e-01,2.263886008144160022e-01
1.953185498709999746e-01,1.722805870088202906e-01
1.463003754620000041e-01,2.314892712076846715e-01
2.596421837810000133e-01,1.290181034563101792e-01
4.047906100750000014e-01,2.218362381401418060e-01
3.813273906710000216e-01,4.970071293511805210e-01
3.577617108820000391e-01,3.548279407449568823e-01
3.031907975670000144e-01,2.568014338284916875e-01
2.219824343919999943e-01,2.484881140255174869e-01
2.247738689180000249e-01,2.653488125278665177e-01
2.553716301919999876e-01,2.296750516381346197e-01
2.618205845359999895e-01,2.840569506288895818e-01
2.273367345329999900e-01,3.400264886723934343e-01
2.031441032889999831e-01,2.212890977694938754e-01
1.758806854490000404e-01,1.808847152875567021e-01
1.670619547370000013e-01,1.788699588958005682e-01
2.118712961670000117e-01,1.802861876422136578e-01
1.990658938880000006e-01,1.921032420593741519e-01
1.948491036890000194e-01,2.415390838597201995e-01
1.566408872600000002e-01,1.580887665584046475e-01
1.590297073130000072e-01,1.644111719831611307e-01
1.671897023919999836e-01,1.313730298058015111e-01
1.815824955700000298e-01,1.772470425526666282e-01
2.245292961599999748e-01,1.702202965814682833e-01
2.216224968430000053e-01,2.300941643928593738e-01
2.066582888360000148e-01,1.897509233305722243e-01
1.570345163350000128e-01,2.000485138865270296e-01
1.968932896850000003e-01,1.554037102023504702e-01
2.048864960669999902e-01,1.789008295405762616e-01
1.668177992110000118e-01,2.190350705363837414e-01
1.417246013879999988e-01,2.071024380287577460e-01
1.666631847619999829e-01,1.139555213064473438e-01
1.926406770939999569e-01,1.624161089132133695e-01
2.254680991169999982e-01,2.065721038884589245e-01
2.252101451159999879e-01,2.397104405248612069e-01
2.145293951029999535e-01,1.919184201002138712e-01
1.820016801359999881e-01,2.115259364200912373e-01
1.906076073649999592e-01,1.795968718156449317e-01
1.686857044700000030e-01,1.914221650706948719e-01
1.903967410330000276e-01,1.832287545471290857e-01
2.045876085759999741e-01,1.781883216360981848e-01
1.865548938510000199e-01,2.215888566961931316e-01
1.815108954909999961e-01,1.777958171907473017e-01
2.014583945270000120e-01,1.717223402311186253e-01
2.036586105820000214e-01,1.939334052549539222e-01
1.918114423750000019e-01,2.095780463109057357e-01
1.731049269440000093e-01,1.895309758620454810e-01
1.919497996569999865e-01,1.676854460958683846e-01
1.787570714950000028e-01,1.868186724205762317e-01
1.788225024940000296e-01,1.986457459581485452e-01
1.665375530719999941e-01,1.668728159554917212e-01
1.951155364510000489e-01,1.756860191621603673e-01
1.929849982259999874e-01,1.787415783645731615e-01
1.620820015670000058e-01,2.205122514476525464e-01
1.356869190929999858e-01,1.548565983563290338e-01
1.467041671279999959e-01,1.197755251466015303e-01
1.972582042220000220e-01,1.281444861471013053e-01
1.894697993989999940e-01,1.841991632833699932e-01
1.961945891380000029e-01,2.210926304367200890e-01
2.645494043830000086e-01,1.694462945956803912e-01
2.692976891989999899e-01,2.586876957511957120e-01
2.608369886879999822e-01,3.100954716135368439e-01
2.406771630049999999e-01,1.961134384019739829e-01
3.313829302790000098e-01,2.267993722190835559e-01
3.281686902050000021e-01,3.159005865715306394e-01
2.893257141109999986e-01,4.677166469441605967e-01
2.625965774060000091e-01,2.451714247069788355e-01
1.794345527890000014e-01,2.316861655639413653e-01
1.727855503559999895e-01,1.927819135389389760e-01
2.207822054619999752e-01,1.848542559766448157e-01
2.426082938910000264e-01,2.214803251967716602e-01
2.444625049829999841e-01,2.869329634219584535e-01
2.097309380769999676e-01,2.128612534517472510e-01
1.825350672010000175e-01,2.151605317648749016e-01
1.691226661210000204e-01,1.603447178342943535e-01
1.575669944289999902e-01,2.029298601718003969e-01
1.770704984660000092e-01,1.527114044676487759e-01
1.741859167810000109e-01,1.749537030077757127e-01
1.755136996510000269e-01,1.882170273557136342e-01
1.687776893379999976e-01,1.701909491685729969e-01
1.939594447609999939e-01,1.608453165315046063e-01
1.943469941619999919e-01,1.832249669024377248e-01
2.223779261109999905e-01,2.122624398918878108e-01
2.144328951839999942e-01,2.092392168499848659e-01
1.937792897219999533e-01,2.374767914537619928e-01
1.783622056249999921e-01,1.644844265977234432e-01
1.706998199219999790e-01,1.664602806556126913e-01
1.894924789669999998e-01,1.755104729119336127e-01
2.422726899390000022e-01,1.947257805658590135e-01
2.336400598289999908e-01,2.488881471093454534e-01
2.456458657979999904e-01,2.196010430640789324e-01
2.297928631310000025e-01,2.340652824459699133e-01
2.152034044269999780e-01,2.368420597379019554e-01
2.607180178169999918e-01,2.103041960237825303e-01
2.623189091679999918e-01,2.704726820624519523e-01
2.198584228750000147e-01,2.976821424078040512e-01
3.426670730110000229e-01,2.239088256359118012e-01
3.465315699580000519e-01,2.660038473670746084e-01
2.930460572240000117e-01,4.254246741150278233e-01
2.670845985409999734e-01,2.865186936449719002e-01
2.535850703720000099e-01,2.159010339968444325e-01
2.199364602570000049e-01,3.103298482973582129e-01
2.274277955290000264e-01,2.528439657066098856e-01
1.686184257270000042e-01,1.985710783952372716e-01
1.842167228460000195e-01,2.149521099252199585e-01
1.896838992830000015e-01,1.563831955764881931e-01
1.641370058060000192e-01,2.202216387462836433e-01
2.130100131029999677e-01,1.740937668626194035e-01
2.186074256900000234e-01,1.806801423325628819e-01
2.188677042720000021e-01,2.479266580229013972e-01
2.313981950280000199e-01,2.248220157010459297e-01
2.149903923270000128e-01,2.353665413584835608e-01
2.503419816490000116e-01,2.459974123288299064e-01
2.535111904139999983e-01,2.282277459603740122e-01
2.445873767139999932e-01,2.864841878732684033e-01
2.031902372839999860e-01,2.382579922869574873e-01
2.327843457459999599e-01,2.164533197937260067e-01
2.531769871709999564e-01,2.117197995287950774e-01
2.558321058749999932e-01,2.817614255293722225e-01
2.091450989249999948e-01,2.488588838622407262e-01
2.179704755539999816e-01,2.224417382306584645e-01
2.751700878139999862e-01,1.819955703019371374e-01
2.834362983699999505e-01,2.970502790515331393e-01
5.200669765470000705e-01,3.229995966010337227e-01
5.718095898630000118e-01,4.941273098736500002e-01
5.820317864419999321e-01,7.500365483126603117e-01
5.010549426079999868e-01,4.206776006722104388e-01
2.807539105419999959e-01,4.494760552117491592e-01
2.063424885269999898e-01,3.012052605074742040e-01
2.145204693079999780e-01,2.192051175582425404e-01
2.198818922040000068e-01,2.619565301774272048e-01
2.337387651210000028e-01,2.783271110936789694e-01
2.567627131940000140e-01,2.690790163089828990e-01
2.328460067509999509e-01,2.633944423967028992e-01
1.991674900050000030e-01,2.365622286586369638e-01
1.789865642790000044e-01,1.831999303591602957e-01
1.796395033599999802e-01,1.616320194270145783e-01
1.698227077719999811e-01,1.908298871315501077e-01
1.522479057309999995e-01,1.867236625746561129e-01
1.740261465309999867e-01,1.520979216549089574e-01
1.826220005749999709e-01,1.487145020336048673e-01
1.566141396759999915e-01,1.860628437655217904e-01
1.689846664669999721e-01,1.667566579114985736e-01
1.731435954569999769e-01,1.366364997829999373e-01
1.901344954969999834e-01,1.760456552986428835e-01
1.337733566760000159e-01,1.580474322277491683e-01
1.587713211769999910e-01,1.557237178199478433e-01
3.362798094749999689e-01,1.161245142461752589e-01
3.365317881109999854e-01,2.850859471577611437e-01
3.025190830230000127e-01,3.613158216755507635e-01
2.839955985550000062e-01,2.191790734373164629e-01
1.806526631120000115e-01,2.052819308082033389e-01
1.813106983900000246e-01,1.999664893455314896e-01
2.399948686360000027e-01,2.107528653748960423e-01
2.357428967949999898e-01,2.513934652855799312e-01
2.299271076919999768e-01,3.158146338843618728e-01
2.266699969770000211e-01,2.353143602105874366e-01
2.079305946829999863e-01,2.060009716328385365e-01
2.176461517809999968e-01,2.199598471085610352e-01
2.530807852749999975e-01,1.998156325362848706e-01
2.445257008080000127e-01,2.742178991342305583e-01
2.472106367350000167e-01,2.594264599812191041e-01
2.140260040760000038e-01,2.017180997797436981e-01
3.001447618010000262e-01,2.220257168250928947e-01
4.906117916109999921e-01,2.869522672765094096e-01
3.879201114179999799e-01,5.752664335635085946e-01
3.368788957599999634e-01,5.220675478278407056e-01
2.932540476320000256e-01,1.726052444261352847e-01
1.897923052309999914e-01,2.184342508554152351e-01
2.160292118790000104e-01,2.331752493598508447e-01
3.753999471659999476e-01,2.480576007611425549e-01
3.595648109909999612e-01,3.724352615688854007e-01
3.568296134470000380e-01,3.759661323886537287e-01
2.543200254440000085e-01,3.059026508060402327e-01
1.710169017309999817e-01,2.284904911783147974e-01
1.929912567139999979e-01,1.722811951976848388e-01
1.877582967279999848e-01,2.155554260557433766e-01
1.911910772320000174e-01,2.270451154197142829e-01
2.173696309329999909e-01,2.126126648172879940e-01
2.077021002769999791e-01,2.044264187889525131e-01
2.206149846319999941e-01,2.054394793255656104e-01
2.270559668539999798e-01,2.012808246700567016e-01
2.409625947480000252e-01,2.201873631133991482e-01
2.354097962379999853e-01,2.388559709134324138e-01
2.214455157519999995e-01,2.140571038192802533e-01
1.873570978640000106e-01,2.116930163534446463e-01
1.875694990160000075e-01,1.937410763779464362e-01
1.860239952800000485e-01,1.690031024913773439e-01
2.020407021049999696e-01,2.078597947897528331e-01
1.742038130759999970e-01,1.846741376101260768e-01
1.875655949120000054e-01,1.719225595264859685e-01
1.820583045479999829e-01,1.615731399079679831e-01
1.922361850739999767e-01,1.946944409500905582e-01
2.172528207300000180e-01,1.778879839724899492e-01
2.296049296860000200e-01,2.190328788567650342e-01
2.509359121320000052e-01,2.188701221465887969e-01
2.739968001839999667e-01,2.403269585017367982e-01
2.468370050189999942e-01,2.765893439263460429e-01
2.319672256710000047e-01,2.428360804260296935e-01
2.044411897660000088e-01,1.915527623779816335e-01
2.075911909340000250e-01,1.975967691334433729e-01
2.634023129940000207e-01,2.244080243741123915e-01
3.036424219609999975e-01,2.688381519186481827e-01
3.236212432380000115e-01,3.538282616976410888e-01
3.383783698080000124e-01,3.684941576981937139e-01
3.256455063820000162e-01,3.782433724579615242e-01
3.199611008170000215e-01,3.419704548916845943e-01
3.445942103859999661e-01,3.292026942246490950e-01
3.591096997259999868e-01,3.784915100391988974e-01
3.462464511389999888e-01,3.547042956066903674e-01
3.135047256949999861e-01,3.251023082378328710e-01
2.611905336379999887e-01,3.079540092294414944e-01
2.517339885229999963e-01,2.746438164726383024e-01
2.365340739490000288e-01,2.742845323403549918e-01
2.257324606179999804e-01,2.664197394976073330e-01
2.135377526280000104e-01,2.528288727176506989e-01
1.833177059890000182e-01,2.009307136933019822e-01
2.036423683169999999e-01,1.925199604447478396e-01
2.443349212410000082e-01,1.886562841731932727e-01
2.420464009050000143e-01,2.458715164346805537e-01
1.904003769159999526e-01,2.480922109920864760e-01
1.422279328109999907e-01,2.096112481335783151e-01
1.802364736799999811e-01,1.131501459134844761e-01
1.587783545260000040e-01,1.659464508225371449e-01
1.564234346149999955e-01,1.863220737458558263e-01
1.458736360070000126e-01,1.459044750103600241e-01
1.534039974209999990e-01,1.448901526936607342e-01
1.587697118520000061e-01,1.344130240635625084e-01
1.766731888060000533e-01,1.480530172022875290e-01
1.735716015100000065e-01,1.671331352610137544e-01
1.556300967930000223e-01,1.727912348589100699e-01
1.678923070430000108e-01,1.480072111873312612e-01
1.889611035589999766e-01,1.402824743035699373e-01
1.857852935790000048e-01,1.807146128337018265e-01
1.759144961829999798e-01,2.073518167268721124e-01
1.993034631010000002e-01,1.507069803268286934e-01
1.905056983229999890e-01,1.845365255053572073e-01
1.746108233929999920e-01,2.070165125948586204e-01
1.891844570640000001e-01,1.725395024028528734e-01
1.795153021809999805e-01,1.734163756210054808e-01
2.012605071070000251e-01,1.975006222479447904e-01
2.108775675299999763e-01,1.666824377645679534e-01
1.980962008239999794e-01,2.374160236369799448e-01
1.666497588159999987e-01,2.021007990929810372e-01
1.744651794429999958e-01,1.631741869136010270e-01
1.693953573699999993e-01,1.550032800954782297e-01
1.666028350590000040e-01,1.825083175685425774e-01
1.645158231259999937e-01,1.490042229413376940e-01
1.785626411439999728e-01,1.631904379367632441e-01
2.016437053679999980e-01,1.675908327717281765e-01
2.162254005669999868e-01,1.947995702111337546e-01
1.915986984970000084e-01,2.111280104222940934e-01
1.954402029510000083e-01,1.811803671739435073e-01
2.037038058040000210e-01,1.763429370068534119e-01
1.996463239190000016e-01,2.141988091672870909e-01
1.804761737589999915e-01,1.985374398074134239e-01
1.873520165680000182e-01,1.947655106138607706e-01
1.970120966429999843e-01,1.756378846043041009e-01
2.032908946279999851e-01,2.029051539469342302e-01
1.883477419610000425e-01,1.838527697923787729e-01
2.073840051889999925e-01,2.085824013187024539e-01
1.903086006639999883e-01,1.716418410078879575e-01
1.647335141900000133e-01,2.170588824436063269e-01
1.856785118579999949e-01,1.546257267832191473e-01
2.097074985500000099e-01,1.665638480720551262e-01
1.964578926559999994e-01,1.999414945625602458e-01
2.250059992069999848e-01,2.267875440776374596e-01
2.485178858039999994e-01,1.792065294547948162e-01
2.478968948129999794e-01,2.655307997811208742e-01
2.352291047569999849e-01,2.461732684207724453e-01
2.200151830909999606e-01,2.085586156781791822e-01
1.695966720579999976e-01,2.074912325416131964e-01
2.001868933439999443e-01,1.815094107172177396e-01
1.837853938339999993e-01,1.904731169960539594e-01
1.719795018430000100e-01,1.999679372275517120e-01
1.722060889009999762e-01,1.662330352339679296e-01
2.091183662410000255e-01,1.591333223739490044e-01
1.962699592110000169e-01,1.961121703518444448e-01
2.345576137300000308e-01,1.794151730377742116e-01
2.212668955329999965e-01,2.024066078556320536e-01
2.321032136680000191e-01,2.375597369329148223e-01
2.424474954610000288e-01,2.035825185507257329e-01
2.362180352210000167e-01,2.495220956417638081e-01
2.033241987229999492e-01,2.140825793297734259e-01
1.746149510150000472e-01,2.108110108872887911e-01
1.879347711800000154e-01,1.639818828466483580e-01
1.927646994589999885e-01,2.073028622802171872e-01
1.995158940549999760e-01,1.981269871033723706e-01
1.902115345000000013e-01,2.008788983865297806e-01
1.989603042599999982e-01,2.131497490521606641e-01
1.870438009499999499e-01,1.885168257890199595e-01
1.557538956400000008e-01,2.040688510952169132e-01
1.348650753500000021e-01,1.515370478629466666e-01
1.567980051039999934e-01,1.262700776315349438e-01
1.943633109329999942e-01,1.377530444359739703e-01
2.161478996279999898e-01,1.939290265878564345e-01
2.312179952860000387e-01,2.309376941114738568e-01
1.992108970879999941e-01,2.200354656509647122e-01
3.674222230910000331e-01,2.125330978995862985e-01
4.058226048949999942e-01,2.977378067279418672e-01
4.052526056769999996e-01,5.525948139700970207e-01
3.688966929910000303e-01,2.122500893879361861e-01
2.675450444220000001e-01,3.211183378686726098e-01
2.104666233059999947e-01,2.240176505180723476e-01
2.505743205550000074e-01,2.507224971021446702e-01
2.567990124230000171e-01,2.866040013806057107e-01
2.333147972819999694e-01,2.709264460281644027e-01
1.871584951879999847e-01,2.867114615213308682e-01
1.702336072920000165e-01,1.534534404844795363e-01
1.787967979910000116e-01,1.852190781909302530e-01
2.178041040900000058e-01,1.783859674391766459e-01
2.256611436609999854e-01,2.147064735010547065e-01
2.151906937359999994e-01,2.613614825557490917e-01
2.004701942210000143e-01,1.889877557110825057e-01
1.993511021139999784e-01,1.806044686171858205e-01
2.054219990969999576e-01,1.825549880310873563e-01
2.202302068469999818e-01,2.078611769261737019e-01
2.543391883370000328e-01,2.105121714601588812e-01
2.307367920879999923e-01,2.558474007984331555e-01
2.086869627239999747e-01,2.512691922481927187e-01
1.803357303139999923e-01,1.867187759201876796e-01
1.733369380239999924e-01,1.715964114155707210e-01
1.888285428290000234e-01,1.848408256559598006e-01
1.801446974280000168e-01,1.827111834362999399e-01
1.690454930070000028e-01,2.047018253654932785e-01
1.937783956529999796e-01,1.516433248421061308e-01
1.963465064759999934e-01,1.764797892204554297e-01
1.779485940929999843e-01,2.061348093727616015e-01
1.642222702499999964e-01,1.747645712213510560e-01
2.063633054490000007e-01,1.518397148913513128e-01
2.183381021019999979e-01,1.891866440498019830e-01
1.926020979879999873e-01,2.374971039336138401e-01
1.817457973960000250e-01,1.918478144560505083e-01
1.791574060919999822e-01,1.569821911642660106e-01
1.796555072069999648e-01,1.860449170369679883e-01
1.755983978510000099e-01,1.771525176455990003e-01
1.700639575719999907e-01,1.770492698995229097e-01
1.699959039689999951e-01,1.709156575778577325e-01
1.770231574769999816e-01,1.619591016928648985e-01
1.734361052510000056e-01,1.594333601736916406e-01
1.864347159860000047e-01,1.710565029115204694e-01
1.702874004839999844e-01,1.764380296096938749e-01
1.785273402929999920e-01,1.749469212482975267e-01
1.290820986030000173e-01,1.507186285383113056e-01
1.158849000929999956e-01,1.406714507376286005e-01
1.127520129079999933e-01,9.571540335558513524e-02
1.570463031529999998e-01,1.043359772941386959e-01
1.757429093120000119e-01,1.351409309616640186e-01
1.788239777089999927e-01,1.722413050486749087e-01
2.061250060799999784e-01,1.822820829400506881e-01
2.961472272869999922e-01,1.907509731178790024e-01
2.668476104740000188e-01,3.213571182674694882e-01
2.756402194500000014e-01,2.994509916831850638e-01
2.648843526840000129e-01,2.031191874480829107e-01
3.272587060930000069e-01,2.773365210300360872e-01
2.934317588809999822e-01,3.744330161655426981e-01
2.612319886680000147e-01,3.147456822062877912e-01
2.073775231839999900e-01,2.253691436701312500e-01
1.807138323779999833e-01,1.906128220185996924e-01
1.843436211349999965e-01,1.963653870921652778e-01
2.054681032900000093e-01,1.980489980838719133e-01
1.878930032250000215e-01,2.232785383165985238e-01
2.013643831010000218e-01,2.152904121127260095e-01
1.992990970609999912e-01,1.720060888263474641e-01
2.207290083170000417e-01,2.070739174933583227e-01
2.184396982190000003e-01,2.047137134466780195e-01
2.160932719709999783e-01,2.456148111233139308e-01
1.800702065230000148e-01,1.936119521718623060e-01
1.806241124869999992e-01,1.899857319540550205e-01
1.736052930359999746e-01,1.644208441591179515e-01
1.964215040210000318e-01,1.894573659071529526e-01
2.613951861859999948e-01,1.725258795494291342e-01
2.367069572210000195e-01,2.696064125177174975e-01
1.817331761120000166e-01,2.371024562653758494e-01
1.872550845150000032e-01,1.756370573657067835e-01
1.708921939130000067e-01,1.394467361221092550e-01
1.886087059969999979e-01,2.091183846424017889e-01
1.907265037299999966e-01,1.787402970375063238e-01
1.932464987040000415e-01,2.136661336885051499e-01
1.732929944990000137e-01,1.709985116261508453e-01
2.095063477749999625e-01,1.854375497915173865e-01
4.538556933399999771e-01,1.756925052718802949e-01
4.529328942299999938e-01,4.523873351625535277e-01
4.376089870929998904e-01,5.853076161018302415e-01
4.101786911490000742e-01,2.346528641269690352e-01
2.999480962750000201e-01,3.220669434498130701e-01
2.743109166620000261e-01,3.068866855106233693e-01
2.636764347549999665e-01,3.433470152066567249e-01
3.030085861679999715e-01,3.322627680298314012e-01
2.883977890009999934e-01,3.229379652011846735e-01
2.769187986850000227e-01,3.438829369512803602e-01
2.645944654940000085e-01,2.677228917478143289e-01
3.595731556419999864e-01,2.912055861174354110e-01
3.489974141120000262e-01,3.549384676351484691e-01
3.149650990960000119e-01,3.852812837335261031e-01
2.530409693719999908e-01,3.096050854185183887e-01
2.099061757329999944e-01,2.282632109542665766e-01
2.237384021280000024e-01,2.165310053927997080e-01
2.169338017699999344e-01,2.675808624510527811e-01
2.123453021049999945e-01,2.440577078334215111e-01
2.144929021599999985e-01,2.418099903292011688e-01
2.123427987100000303e-01,2.278025753674273457e-01
2.086919993160000208e-01,2.163283876938786043e-01
2.024399936200000361e-01,2.224081437968571662e-01
1.932131946090000219e-01,2.031876411459501430e-01
1.812405437229999972e-01,1.868690278707562102e-01
1.841152161359999873e-01,1.852141261410910622e-01
2.009199708700000198e-01,1.849788386753073999e-01
1.946409046650000030e-01,1.948434150242397689e-01
1.966055035590000000e-01,2.155600537131627248e-01
1.737543940540000054e-01,1.871636926398972389e-01
1.790176033969999858e-01,1.947181047787614472e-01
2.000912129879999779e-01,1.486574257937124388e-01
1.695824414490000043e-01,1.971809218177889289e-01
1.927433013919999938e-01,1.900350898731659188e-01
2.038794755939999925e-01,1.477012853672004800e-01
2.095497995620000109e-01,2.262799261336447820e-01
2.050999999049999967e-01,2.235364351438139663e-01
1.882844567299999938e-01,1.844278238974326189e-01
2.005678713319999917e-01,2.014588580058122302e-01
1.948222815989999746e-01,1.867195405272218944e-01
1.851616054770000019e-01,2.104328743575361038e-01
1.811457574369999823e-01,1.883047987724661421e-01
1.909579336640000180e-01,1.807986562510941753e-01
2.015465050940000169e-01,1.968637284103400553e-01
1.874635964629999818e-01,2.117788161180384487e-01
2.141287922859999859e-01,1.852619843624747908e-01
2.041694968939999910e-01,1.959340690470044999e-01
2.533474564550000085e-01,2.374248782122229118e-01
2.678037881850000024e-01,2.139238465796149402e-01
3.017286956309999657e-01,3.352908307936394161e-01
3.658618927000000243e-01,2.255828484290454683e-01
3.397559225559999563e-01,4.691588514659442155e-01
2.932764291759999975e-01,4.814620245911664931e-01
2.594402134420000228e-01,2.290414589282286362e-01
1.747480928900000119e-01,1.932791570095426237e-01
1.857970058920000167e-01,2.078818488781318807e-01
2.116256058219999903e-01,2.028875848639964952e-01
2.045923024419999958e-01,2.227646516140043553e-01
2.080095559360000124e-01,2.595923567125048570e-01
2.008861005310000059e-01,1.699615302041998788e-01
2.219119668010000324e-01,2.028565102096507311e-01
2.171941995620000065e-01,2.259503433714996623e-01
2.135767042640000224e-01,2.366225639027380589e-01
2.023674994709999952e-01,1.999538746413583867e-01
1.955586671829999956e-01,1.870477210463943329e-01
1.969362944360000256e-01,1.992930884646829659e-01
1.962438523770000387e-01,2.184685585706775679e-01
2.066201269630000281e-01,1.811140892078351439e-01
2.266834974290000138e-01,2.196739457149607666e-01
2.307016998529999863e-01,2.314529761856859991e-01
2.064162045719999949e-01,1.851106255725143701e-01
2.136748582119999684e-01,2.107836098372047606e-01
2.115589976309999731e-01,1.929604104716640400e-01
2.210098206999999981e-01,2.530389867539241666e-01
2.002004534010000114e-01,1.748326531010579721e-01
2.026610970500000164e-01,2.120093163469075337e-01
1.840810924770000245e-01,1.860316190794291114e-01
1.918098330499999893e-01,2.094180958515120261e-01
1.945068985220000102e-01,1.724207627289975897e-01
1.860962957140000207e-01,2.184770792566420039e-01
3.239021003249999975e-01,1.921613277780662432e-01
2.998737990859999814e-01,2.770064319514377038e-01
2.647733092310000091e-01,3.816676032954401943e-01
2.435151785609999953e-01,1.756213013491630948e-01
1.468971520659999863e-01,2.009461786339455103e-01
1.675205081699999987e-01,1.636253281771247459e-01
1.691907048229999710e-01,1.708305515584001566e-01
1.851512044669999801e-01,1.814331507117203368e-01
1.919896006579999981e-01,1.963834085525189288e-01
1.983390152450000277e-01,1.964644959039826277e-01
2.193651050329999963e-01,1.787812854732803713e-01
2.147694528099999833e-01,2.116540970045747705e-01
2.910268306730000032e-01,2.106659551124024365e-01
2.744570672509999976e-01,2.747936969909978711e-01
2.695364058020000009e-01,3.186029829621708775e-01
2.071107774970000204e-01,2.148831326975532974e-01
1.958816945549999577e-01,2.178742200553008546e-01
1.965135931969999861e-01,1.926461636703050984e-01
1.876440942289999969e-01,2.194390465792298572e-01
2.025545984510000175e-01,2.038388829737234065e-01
1.871117651460000031e-01,1.990766287323837702e-01
1.973968744280000243e-01,2.111172473551284345e-01
2.005362063649999971e-01,1.821308477621890187e-01
2.371928393840000149e-01,2.224937708543086867e-01
2.252300232649999678e-01,2.011260567105046249e-01
2.096156179900000305e-01,2.697131960250956917e-01
1.828726381060000183e-01,1.715212675244431328e-01
2.188799381260000398e-01,1.866130349559228518e-01
2.092117965219999765e-01,2.085052758688770158e-01
2.991323173050000062e-01,2.314507727955808503e-01
3.725849986079999843e-01,2.825420382867306901e-01
3.703671991829999843e-01,4.710651625097637685e-01
3.411498963830000286e-01,3.311717004059412939e-01
2.537753880020000019e-01,3.495453059918954275e-01
2.660570144650000191e-01,2.306542036447782607e-01
2.583504617210000132e-01,2.574831222237429773e-01
2.349327653649999903e-01,3.192496287530789401e-01
1.964800357820000176e-01,2.300361309026131007e-01
2.010751813650000219e-01,2.150349186905185506e-01
2.233009040360000030e-01,1.944789059995049585e-01
2.107799947259999807e-01,2.438519077293917481e-01
2.084790617230000143e-01,2.101783408739474890e-01
2.135446965689999921e-01,1.956549007374754900e-01
2.063921540979999636e-01,2.351744033500439979e-01
1.915937960150000119e-01,2.189446961986783180e-01
1.907173544170000234e-01,1.891547483241358962e-01
2.065229862929999771e-01,1.687899847452706270e-01
2.108760029080000431e-01,1.894103899430109594e-01
1.930121034380000433e-01,2.021382537557156467e-01
1.988846510650000288e-01,1.895627059998957475e-01
2.141418010000000205e-01,1.740833540621004039e-01
2.070428282019999844e-01,2.116794632372032414e-01
3.285667896269999777e-01,1.978238798988113389e-01
4.495427012439999759e-01,2.864030226552712888e-01
4.017376005650000748e-01,5.315305389148197168e-01
3.919491171839999399e-01,4.286020442926566920e-01
3.275258541109999921e-01,2.584629261856296600e-01
2.748836874960000065e-01,2.878469492953868447e-01
2.869270443920000080e-01,2.654601849626331278e-01
2.935220301149999989e-01,3.106662844724272787e-01
3.149933218959999892e-01,3.233652786503336540e-01
3.063029944900000356e-01,3.226053868456454365e-01
2.829472124579999748e-01,3.259667648265280882e-01
2.236190885309999876e-01,2.652024980596282555e-01
2.047974467280000155e-01,2.144403625059062846e-01
1.970064640049999927e-01,1.978763613239405139e-01
2.168944925069999918e-01,2.203269910591590108e-01
2.222929000849999948e-01,2.185598580715529815e-01
2.163385450839999946e-01,2.259824053712732594e-01
2.129120975730000032e-01,2.423635103088459530e-01
2.239284068350000101e-01,2.024703051198009363e-01
2.111652940509999854e-01,2.284423658248970479e-01
2.037166059019999975e-01,2.414240996774035253e-01
1.949672847989999958e-01,1.741693159693049053e-01
2.212041467430000130e-01,1.998591079160648432e-01
2.242754995819999930e-01,2.151334889888349700e-01
2.110134959219999995e-01,2.493898439899195629e-01
1.880159825090000070e-01,1.995075108194067359e-01
1.926469951869999864e-01,1.888163606570682218e-01
1.927028000349999826e-01,1.731524121320241749e-01
2.360453009609999875e-01,1.928061544735924226e-01
2.494726628070000063e-01,2.273616160425102339e-01
2.352280020710000030e-01,2.471597837362671246e-01
1.843072175980000060e-01,2.323072090402925338e-01
1.996876001359999819e-01,1.901897636566075023e-01
1.958325058219999859e-01,1.795583047403551957e-01
1.888218969110000145e-01,2.078612836979726874e-01
1.885980367660000101e-01,1.986084553011915610e-01
1.783643960949999885e-01,1.835321072086506244e-01
1.893583983179999986e-01,1.935674492124671575e-01
1.769174039359999728e-01,1.665511521467951117e-01
1.822073012590000041e-01,1.863609784730543006e-01
1.726381331679999742e-01,1.572935175288215637e-01
1.796488463879999664e-01,1.723281144230792150e-01
1.893453001979999994e-01,1.683834272644085528e-01
2.041255980730000141e-01,1.780046919933135352e-01
2.021193057299999762e-01,1.892742877165000948e-01
1.950753927230000073e-01,2.039739097959950287e-01
1.913484036919999853e-01,1.831581065279064835e-01
1.940153539180000386e-01,1.808301736129704629e-01
2.548274099830000194e-01,1.957958787651333243e-01
2.428829520939999875e-01,2.317809221040855183e-01
2.269057929519999739e-01,2.857577582074212752e-01
2.461629658940000243e-01,2.007859203236145862e-01
2.363652586939999911e-01,2.273333380926196579e-01
2.234285175800000134e-01,2.526220033654176245e-01
2.153740972279999943e-01,2.225702236744691587e-01
2.169086933140000062e-01,2.106195860885746174e-01
1.956495195630000294e-01,2.105064167224250937e-01
1.911730021240000132e-01,2.160609364007572419e-01
1.911281347270000208e-01,1.630327468014433900e-01
1.682610064739999967e-01,1.929085886766778168e-01
1.873182952399999879e-01,1.846448725738649155e-01
1.789516657589999837e-01,1.500273466205157280e-01
1.870546638969999842e-01,1.937303717093001310e-01
2.044772058730000008e-01,1.664195411456455553e-01
1.983377933500000412e-01,1.991098347103149868e-01
2.032073587180000251e-01,1.910926877102955279e-01
2.265556752679999952e-01,1.838089843464085493e-01
2.234009951350000023e-01,2.062652756385703334e-01
2.426621168849999732e-01,2.192401735700991727e-01
2.588768005370000180e-01,2.099564147807841952e-01
2.521358132360000393e-01,2.509642449938420117e-01
2.280115038159999941e-01,2.275430794262612022e-01
1.778044104579999951e-01,2.375833461936015523e-01
1.634968966249999989e-01,1.660333431124158543e-01
1.860933601860000064e-01,1.679588662670748744e-01
1.859123855829999672e-01,1.625352611974190675e-01
1.739067137240000172e-01,2.115937150938096978e-01
1.785075962540000061e-01,1.701665026980359596e-01
1.885641068220000049e-01,1.594767720449611625e-01
2.542034089569999988e-01,1.866376317996648604e-01
2.529518902300000316e-01,2.314541026522697886e-01
2.264477610590000245e-01,2.603575989547962655e-01
2.110380530360000118e-01,2.024230834091715614e-01
2.390624135729999822e-01,1.804772445787634072e-01
2.233908027409999830e-01,2.294927191775170405e-01
2.384739071129999832e-01,2.373401199488207602e-01
2.096938937900000022e-01,2.153218074499415602e-01
2.205873429780000061e-01,2.421238006240303275e-01
1.979559957979999951e-01,1.817599029940200617e-01
2.239636480809999997e-01,2.214971541957195533e-01
1.824693381790000180e-01,2.095516597998474673e-01
1.944653987880000379e-01,2.062203817571531816e-01
1.623506993060000181e-01,1.528293839452737890e-01
1.634901016950000008e-01,1.706731822605023763e-01
1.519308984280000052e-01,1.557829316187738233e-01
1.773174256089999623e-01,1.432446068246661930e-01
2.009179741139999753e-01,1.635586406756565359e-01
1.831925064329999742e-01,2.039293669288256006e-01
1.519723981620000053e-01,1.626116875369608694e-01
1.608350872990000069e-01,1.436244987099421222e-01
1.576898992060000171e-01,1.226703853711265668e-01
1.789468824859999918e-01,1.598855093345483147e-01
1.863833963870000221e-01,1.627293965601181169e-01
1.762941032649999740e-01,1.829608357267233920e-01
1.410365849730000065e-01,1.568911310359919487e-01
1.918971985579999984e-01,1.369869014023240017e-01
2.020718008279999978e-01,1.515670466035154706e-01
2.467120736839999995e-01,2.201475745128647632e-01
2.503778040410000183e-01,2.259887226667689764e-01
2.420776039360000020e-01,2.985943647368314302e-01
2.059547007079999548e-01,2.213243308434481860e-01
1.608465462920000144e-01,2.164652123832145336e-01
1.329861283299999808e-01,1.409868990361678176e-01
1.673102676869999972e-01,1.404278980050193137e-01
1.795337647199999609e-01,1.462234202022859586e-01
1.848126053810000002e-01,1.884575930086219153e-01
2.060592025519999981e-01,1.958957728348555416e-01
1.993591934439999935e-01,1.894686330521018203e-01
2.019896209239999962e-01,2.154112788481780949e-01
1.895201951269999963e-01,1.808640201436516881e-01
2.597720026969999596e-01,2.072251868372252670e-01
2.444770485159999951e-01,2.063290420933218960e-01
2.407727241519999617e-01,2.910979904319677680e-01
2.282528877259999978e-01,1.577713109414123072e-01
1.719890981910000005e-01,1.979120767882613929e-01
2.107089906930000034e-01,1.756334752684235723e-01
2.091155946250000119e-01,2.026488921448732217e-01
1.978048980240000032e-01,2.405190234159721996e-01
2.423519939180000249e-01,2.253929782840876084e-01
2.733131051059999872e-01,2.244213779490304428e-01
2.591018974779999984e-01,3.208199208760919574e-01
2.398502230640000010e-01,3.147772175651723514e-01
2.027270048860000118e-01,1.796843922046424125e-01
1.646265089510000057e-01,1.994218960644237870e-01
1.514579057690000063e-01,1.554493159779868350e-01
1.715828478339999907e-01,1.675376901776594873e-01
2.222049087290000058e-01,1.598348614082227559e-01
2.350890487429999898e-01,2.181993830334493512e-01
2.281305044889999634e-01,2.463532587509291716e-01
2.251530140639999844e-01,2.087721566129562556e-01
2.360830008979999950e-01,1.918351773539631600e-01
2.331852018829999873e-01,2.239948487452355086e-01
1.995675563809999886e-01,2.316621269472439459e-01
2.020958065989999775e-01,2.151342293841927433e-01
1.845946013929999907e-01,1.770455185614281668e-01
1.881015300749999952e-01,2.101549121686875077e-01
2.119678109879999939e-01,1.661119182759988322e-01
2.234034091230000241e-01,2.150417347832687398e-01
2.446219176049999888e-01,2.256803350883593573e-01
2.418016940359999645e-01,2.594089190406744239e-01
2.144879996780000020e-01,1.908200545530345515e-01
2.017266303299999897e-01,2.012985096193662671e-01
1.734066754580000091e-01,1.750737488804025577e-01
1.667926013469999968e-01,2.058052202171504752e-01
1.653245985510000127e-01,1.584122987118570802e-01
1.766120344399999820e-01,1.578101003496433785e-01
2.292105853560000295e-01,1.774876508848641510e-01
2.151339054109999982e-01,2.290664979458135742e-01
2.032367140049999854e-01,2.361913573335527594e-01
2.899451851839999761e-01,1.873316649052896854e-01
3.044671118260000031e-01,2.542406010802311100e-01
2.927406132220000123e-01,3.909129675320660025e-01
2.604539990429999841e-01,2.176372906906046401e-01
2.598164081569999673e-01,2.527705792148499109e-01
2.464921027420000077e-01,2.321742081455949736e-01
2.179778963329999930e-01,2.961587129173092192e-01
2.073534131049999674e-01,1.996923351206898456e-01
2.050486057999999778e-01,1.961740512886858967e-01
2.097736448049999924e-01,2.193164186360135326e-01
2.061820030209999821e-01,2.095329211072265996e-01
1.972219944000000447e-01,2.262055476573118507e-01
1.988296955820000045e-01,2.121686664801872568e-01
2.057753950360000361e-01,1.838708587518937676e-01
2.033157944680000218e-01,2.185884745338306234e-01
1.759992837910000218e-01,1.918235933787630354e-01
2.031327337029999736e-01,1.913107758003042280e-01
2.274394929410000210e-01,1.734288091992836622e-01
2.340615987779999796e-01,2.575326506103514101e-01
2.466137260199999792e-01,2.362050535742503399e-01
2.308412343259999833e-01,2.575771683149020164e-01
2.145392149689999972e-01,2.147307196508078386e-01
1.903560012579999794e-01,2.009621298285162727e-01
2.080181986090000046e-01,2.067931211618552201e-01
2.246207594869999991e-01,2.005554989215097006e-01
2.103735655550000305e-01,2.486457768409193470e-01
1.986407041550000141e-01,2.331309303011617484e-01
1.817755550150000066e-01,1.804875303996055225e-01
1.930263042450000022e-01,1.799488890389796258e-01
1.930966228249999805e-01,2.000412282859811153e-01
1.897509992120000044e-01,1.901328884663597285e-01
1.693823039529999963e-01,2.003960522290116897e-01
1.858561486009999986e-01,1.757289583621643725e-01
1.774827986960000048e-01,1.584544599394826780e-01
1.667204946280000100e-01,1.858851632514698926e-01
1.615741997959999898e-01,1.566463670879241765e-01
1.936000734570000048e-01,1.503373072979469482e-01
2.084788978100000079e-01,1.785043953467433109e-01
2.083924710750000298e-01,2.196014806073446068e-01
1.912561953069999710e-01,2.171900460492509899e-01
1.796658039089999992e-01,1.900502558857459501e-01
1.821167021990000301e-01,1.586907295406966845e-01
2.010916024449999895e-01,1.758346471333560035e-01
1.848223060370000059e-01,2.112374540238371179e-01
1.947717964649999800e-01,1.901198289421892340e-01
1.730353981260000229e-01,1.751079421450651985e-01
1.828583031890000099e-01,1.888272151369267682e-01
1.498861461880000023e-01,1.500461759589167832e-01
1.527018994090000026e-01,1.697977271061242854e-01
1.779081076379999959e-01,1.318686532932303590e-01
1.696159988640000005e-01,1.631474911641631331e-01
1.754582375290000273e-01,1.881940246542673223e-01
1.580465734000000011e-01,1.496447124198988232e-01
1.843986064199999997e-01,1.654258100060500281e-01
1.731242984530000084e-01,1.574971206005416069e-01
1.698645055290000094e-01,1.762517300096867467e-01
2.204860746860000387e-01,1.641103238187429370e-01
2.881226837640000205e-01,1.872635302468625695e-01
2.816658914090000021e-01,3.375415384476163072e-01
2.804358899590000398e-01,3.408521550532625510e-01
3.555045723920000067e-01,2.536837146815498767e-01
3.446882963180000203e-01,3.732676528037817687e-01
3.495651185509999759e-01,4.648856556742720914e-01
3.308182954789999908e-01,1.835961190948881827e-01
2.400473654270000312e-01,3.129900676389725800e-01
1.951503008599999867e-01,2.242442781209772196e-01
1.843069046739999883e-01,2.143233612610351002e-01
1.784625351430000062e-01,1.973284227806909596e-01
1.679867953059999974e-01,2.083037616214380161e-01
1.683609932660000141e-01,1.901038998995585316e-01
2.073428332810000052e-01,1.547957183567785500e-01
3.081569075580000150e-01,1.892906055312267022e-01
3.016481101509999596e-01,3.109921051268408898e-01
3.267253041270000158e-01,2.763946445674583807e-01
2.592641115190000289e-01,2.689486487693296679e-01
2.114182710650000241e-01,2.589201642955709093e-01
2.050412595270000027e-01,2.082592162714940742e-01
2.347255051140000048e-01,2.320649453258098738e-01
2.621370851990000306e-01,2.343358692889341843e-01
2.531891763210000201e-01,3.055849270094720405e-01
2.543610632420000295e-01,2.106774922720351106e-01
2.207816988229999999e-01,2.391195581794876013e-01
2.424586564300000302e-01,2.437430074167936667e-01
2.450377047060000035e-01,2.148568542740545428e-01
2.463154047729999852e-01,2.902088058410955962e-01
2.298433184620000125e-01,2.189811954385156578e-01
2.683678865429999782e-01,2.585491174695707106e-01
2.317014038559999656e-01,2.793441168308632983e-01
2.536134123800000140e-01,2.977837529307466036e-01
2.278259247540000143e-01,1.896271022941968254e-01
2.511056959629999752e-01,2.690859361807323435e-01
2.406570017340000089e-01,2.465098484072052454e-01
2.355776131150000285e-01,2.423471446236606375e-01
2.084955275060000057e-01,2.302109655007469058e-01
2.014831006530000135e-01,2.231147330314755539e-01
2.134985029700000314e-01,2.083935306555461942e-01
1.968656927350000141e-01,2.061762414095358875e-01
1.748276948930000407e-01,2.411713481054358343e-01
1.675257831810000042e-01,1.525597486104604272e-01
1.819289028640000139e-01,1.626313458454375360e-01
2.163158357140000099e-01,1.745077619325360319e-01
1.956270039080000300e-01,2.269383795590296238e-01
1.841740161179999946e-01,2.019632499021487004e-01
2.603065371509999948e-01,1.488072746071725516e-01
2.706716060640000365e-01,2.139409614328972309e-01
2.765875160690000056e-01,3.331631376081662932e-01
3.321622908119999940e-01,2.412699261959537489e-01
3.372164070610000342e-01,3.600490796429543505e-01
3.424106836320000014e-01,4.303559334840960648e-01
3.502804040910000305e-01,3.501484117086507419e-01
3.334882259370000046e-01,3.916440836519377022e-01
3.048415184020000224e-01,3.377770995109123930e-01
2.241699099539999906e-01,3.006706467718449627e-01
2.231916040179999783e-01,2.498167289052302675e-01
2.127934992309999940e-01,2.171765592996498795e-01
2.555466890340000186e-01,2.533967375418960666e-01
2.643494009969999947e-01,2.511145048490260878e-01
2.531680464739999858e-01,3.099153621772589018e-01
2.339650541540000128e-01,2.642519336127875929e-01
2.333215028050000250e-01,2.281710733095838606e-01
2.242033332589999928e-01,2.436584299041723300e-01
2.012783437970000200e-01,2.374910574696109944e-01
1.966407001020000211e-01,2.070353981521917408e-01
2.178835868840000300e-01,1.874727605755701354e-01
2.213913053269999931e-01,2.044660343744674202e-01
1.959984004500000265e-01,2.393720594113467326e-01
1.992403119800000288e-01,1.921538975685687101e-01
1.625297963619999897e-01,1.615214313955610215e-01
1.901159286500000156e-01,1.643082424164852839e-01
1.898488998409999795e-01,1.634266847331476147e-01
2.000212967400000208e-01,1.912825676544672171e-01
1.874057054520000265e-01,1.801380117658011870e-01
1.881960034370000201e-01,1.941617410051483805e-01
2.220781892539999691e-01,1.852279455349889470e-01
2.257640063759999982e-01,1.925041399709044587e-01
2.163868844509999889e-01,2.596361902032657820e-01
1.905837059019999669e-01,2.009495162076052610e-01
2.389943003649999953e-01,1.994103544117422355e-01
2.126784026619999990e-01,1.984181710736591664e-01
2.203326970339999913e-01,2.394500825993046700e-01
1.995152980090000028e-01,1.817284466257734765e-01
1.767843067650000100e-01,2.065378122058139920e-01
2.036905288699999983e-01,1.766006479256856110e-01
1.890024542810000152e-01,1.635519395458376601e-01
1.914628148079999814e-01,2.158042700954875270e-01
2.303853929040000081e-01,1.798023278113139722e-01
2.602671086789999921e-01,2.101370448434090876e-01
2.651697993279999999e-01,2.687548795047722816e-01
2.410915046930000583e-01,2.890685012419614841e-01
2.030028998850000044e-01,2.201367113772005335e-01
2.060085982080000211e-01,1.849772316144532303e-01
1.778325885530000205e-01,2.006837610069087119e-01
1.719783544540000042e-01,1.752729039372595832e-01
1.757052987809999689e-01,1.618795657495969431e-01
1.694041937590000102e-01,1.614419913619271896e-01
1.635388135910000040e-01,1.758560634512870147e-01
1.943304240699999796e-01,1.420922694316884283e-01
2.042852044110000098e-01,1.768600998714058847e-01
2.030708640810000021e-01,2.236878421318125865e-01
1.812596023079999785e-01,1.733233287671527290e-01
2.182700932030000041e-01,1.888031594798607882e-01
2.186232060190000104e-01,1.824008577181949475e-01
2.044367194179999569e-01,2.398703108419470709e-01
1.787614673380000241e-01,2.025304178091590357e-01
2.417660057539999519e-01,1.686149998943500539e-01
2.367322593929999941e-01,2.213817905946481868e-01
2.201220840219999808e-01,2.905898187768421459e-01
2.190245538950000292e-01,1.952420043090241364e-01
2.470148950820000300e-01,2.045335116071632375e-01
2.227835953240000222e-01,2.510359013046986054e-01
2.453936934469999886e-01,2.612565786222942332e-01
2.456143051390000109e-01,1.957168753872094158e-01
2.149323076009999889e-01,2.722352763915481533e-01
1.782320737840000502e-01,2.111868180198410994e-01
1.983320713039999628e-01,1.765782207086250277e-01
1.837121993299999645e-01,1.866984268352850640e-01
2.150899022819999784e-01,1.986838677191504476e-01
2.187249064449999780e-01,1.956088705286698481e-01
1.953707039359999786e-01,2.290320792704218233e-01
2.260476946829999834e-01,2.079118304087643476e-01
2.273865938190000047e-01,1.903262930813907905e-01
2.131565511230000265e-01,2.452367914369932289e-01
1.765360683200000169e-01,2.063689548604842605e-01
2.150828540329999816e-01,1.733175812663309001e-01
3.349621891979999710e-01,1.940087365805790720e-01
3.160460889339999913e-01,3.406912881496974577e-01
3.057914972309999646e-01,3.320854506497346592e-01
2.454170137640000193e-01,2.317655250476693962e-01
2.043210864070000021e-01,2.170519452222372248e-01
2.795807123180000242e-01,1.973222405156992987e-01
2.639636099339999764e-01,2.826734231885798532e-01
2.800608277320000283e-01,3.568896009703363958e-01
2.840686142440000395e-01,2.050070237358195546e-01
2.698352336879999980e-01,2.962983366325995793e-01
2.565046846869999952e-01,2.374528694769621195e-01
1.737418919799999795e-01,2.402636166974072840e-01
1.598615348340000075e-01,1.969644422884427037e-01
1.806169450279999644e-01,1.546485282970706254e-01
1.780257374049999952e-01,1.831112468148548000e-01
1.924792230129999948e-01,2.006314743263292733e-01
1.990472823380000089e-01,1.883547849722844447e-01
1.957502663139999710e-01,1.862805588227843534e-01
1.883261650800000242e-01,1.991650538438434204e-01
1.797540038819999686e-01,2.047420680900769452e-01
1.916811913249999999e-01,1.717082654409440579e-01
2.141620814799999883e-01,1.764771033356276886e-01
2.216559946539999881e-01,2.171000441770854217e-01
2.209348082539999703e-01,2.167605956589470362e-01
2.184751033780000240e-01,2.065502628575816568e-01
2.180604040619999739e-01,2.250744428652837192e-01
2.504481077190000016e-01,2.405483157109263304e-01
2.412912994619999807e-01,2.481745382893060792e-01
2.391991466279999590e-01,2.798497872072389092e-01
2.296963632110000098e-01,2.101622510893751961e-01
2.403284162280000247e-01,2.584928880928420436e-01
2.240518331529999796e-01,1.981440547669229835e-01
2.023217231040000119e-01,2.470034248725465342e-01
2.082566022870000200e-01,1.970862532302159464e-01
2.085203975440000079e-01,2.069660822772368403e-01
1.949775964020000196e-01,2.221345265481898534e-01
1.989800930020000080e-01,2.120441045650656442e-01
1.869141757489999889e-01,1.596592762714946767e-01
1.943044960499999974e-01,1.892484747870949169e-01
2.154057025910000034e-01,1.813005399965575415e-01
2.246519029140000012e-01,2.117821915842995895e-01
1.886185854669999717e-01,2.319972109352809175e-01
1.838601976629999635e-01,1.960808031139222862e-01
1.893669962880000224e-01,1.426736461705229997e-01
1.995205432180000016e-01,1.791970796069383143e-01
1.813428401949999658e-01,2.039281689038792977e-01
1.920076012609999994e-01,1.800858743739185142e-01
2.081632465119999942e-01,1.830130302054956970e-01
1.980955004690000132e-01,1.920796917517656188e-01
2.022272646429999765e-01,2.303448094483774855e-01
1.925842463970000029e-01,1.648095070108182292e-01
2.055149674419999850e-01,2.027346414445978240e-01
1.921776980160000148e-01,1.937923717293966175e-01
1.974076032640000034e-01,2.075821462582972121e-01
1.978288739919999983e-01,1.741983692228798175e-01
1.947185993189999853e-01,2.077738182232082564e-01
1.929751932619999943e-01,1.974542176465700904e-01
1.787372082470000123e-01,1.759797063217664603e-01
1.773243993519999784e-01,1.839652616889414227e-01
1.954015046359999785e-01,1.628544744885729312e-01
1.786402463910000127e-01,1.853836259950284171e-01
1.929298043250000094e-01,1.971213659461655554e-01
1.924515962599999963e-01,1.645129359628890453e-01
1.982013732189999711e-01,1.878490404392793023e-01
2.029816657299999549e-01,1.864183902448199870e-01
2.076473981139999869e-01,2.098701873052498668e-01
1.996106952430000137e-01,1.880861651059619610e-01
1.837998628619999797e-01,1.964946191747026782e-01
3.492729067800000586e-01,1.893899035410979703e-01
3.385715782639999727e-01,3.022302660106814254e-01
3.246645033359999988e-01,4.212054680961682118e-01
2.590272426610000234e-01,2.873009253938740293e-01
2.013491839169999909e-01,2.396866188526534103e-01
2.125197052959999777e-01,2.175362993931302946e-01
2.082609981300000135e-01,2.455964984950655960e-01
2.026299685240000037e-01,2.261610591468657949e-01
1.967180371280000117e-01,2.273868245186398962e-01
1.891978979110000014e-01,1.852677694972758859e-01
1.683970987799999763e-01,1.908155093533087654e-01
1.529303938150000097e-01,1.653014398902447057e-01
1.571273952720000089e-01,1.499028429105512261e-01
1.925273537640000143e-01,1.392192865602586982e-01
2.034381031989999922e-01,1.827232496416671126e-01
1.979987621310000112e-01,2.293136857588570499e-01
1.713397651909999986e-01,1.858613910093294130e-01
1.605434864760000024e-01,1.668833927040951348e-01
1.448902040719999840e-01,1.414913320036636779e-01
1.455924957989999935e-01,1.499933014754274152e-01
1.324006021019999979e-01,1.225564372768119387e-01
1.147388964889999863e-01,1.284559626040381042e-01
1.390763670209999858e-01,1.044596194796272581e-01
1.773481071000000131e-01,1.130374135832773186e-01
1.872349977490000150e-01,1.634647226263091502e-01
1.716542839999999903e-01,1.794086395797731548e-01
1.901565045120000019e-01,1.815665294044880862e-01
2.085365056989999799e-01,1.463020779656897807e-01
2.105930447580000031e-01,2.229752606809287940e-01
2.011387944220000001e-01,1.993578860059603552e-01
1.981692165139999906e-01,2.105408635979166276e-01
1.862777769570000130e-01,1.838662432892877452e-01
2.313299924139999852e-01,2.043519178856677554e-01
2.665236890320000218e-01,2.331100952148477123e-01
2.672828137869999732e-01,3.209348880471099563e-01
2.530894875529999810e-01,2.335918386601855135e-01
2.939947843549999829e-01,2.629884075392830978e-01
2.766048014160000235e-01,2.777277979849752665e-01
2.432340085509999972e-01,3.073011090475761264e-01
2.223459333180000108e-01,2.397640780565296892e-01
2.186183035370000138e-01,1.998036021214126545e-01
2.029476463789999796e-01,2.460479614048096397e-01
1.907453686000000204e-01,2.156215560970052014e-01
1.951031982900000294e-01,1.955476206266612005e-01
2.226422727109999833e-01,2.012422166104682886e-01
2.252217978240000085e-01,2.277157642577734009e-01
2.214518934490000146e-01,2.564212657712321430e-01
2.066775113340000025e-01,2.170706709475876128e-01
2.097374200819999979e-01,2.231095865079862905e-01
2.612883150579999869e-01,1.926266755278036036e-01
2.342368513349999681e-01,2.666096653591492616e-01
2.237651944159999851e-01,2.848566203492310378e-01
2.170636057850000022e-01,1.822185125612495182e-01
2.301114946599999433e-01,2.165197976894234211e-01
2.086910158400000215e-01,2.568670492984901355e-01
2.047397941349999584e-01,2.212041734293431205e-01
2.222295254470000037e-01,1.946569704461872108e-01
2.279004752640000075e-01,2.301755484970538224e-01
2.129457294940000078e-01,2.109687877998970840e-01
1.926552951340000375e-01,2.413657686075484365e-01
1.835393011569999844e-01,1.923852314038689004e-01
1.722192019220000203e-01,1.759946366626388981e-01
1.875299960370000463e-01,1.787858671818335354e-01
1.739563494920000064e-01,1.871539466594995538e-01
1.938352584840000170e-01,1.813548461113082266e-01
1.973450034860000091e-01,1.773988690866363516e-01
1.942632943389999978e-01,2.089732593645424463e-01
2.034828513860000021e-01,1.776498011665881838e-01
1.873460412029999966e-01,1.949395273884083069e-01
2.008862048390000210e-01,2.037749430019422381e-01
1.905569285150000014e-01,1.677940550378535511e-01
1.927679926160000001e-01,1.984275719170122132e-01
1.832018047569999863e-01,1.861507996244489704e-01
2.027056962250000094e-01,1.909818896523834963e-01
1.902956068519999766e-01,1.897361795055738376e-01
1.815531253809999912e-01,1.875051685257353995e-01
1.891089975829999548e-01,1.710088415044656029e-01
1.840091049670000145e-01,1.894678976873075404e-01
1.819614022970000022e-01,1.903986875626309805e-01
1.854998767380000024e-01,1.826526086430986517e-01
2.226949036120000058e-01,1.797324447359469335e-01
2.071253955359999843e-01,2.208552221453741193e-01
2.009170949460000188e-01,2.267357993112210368e-01
1.885115951299999870e-01,1.808046922734684869e-01
1.943915784359999954e-01,1.930452141869429816e-01
1.774574071170000045e-01,1.762005038015321268e-01
1.960569024089999779e-01,1.904348608379657359e-01
1.895107030869999931e-01,1.629070339378194121e-01
2.074400931600000053e-01,2.096493022245269899e-01
2.042641043660000100e-01,1.860117535488751972e-01
2.000678032640000048e-01,2.116858198540632896e-01
1.733694821599999769e-01,1.816281212167658865e-01
1.849348992109999812e-01,1.757170146750853257e-01
1.688267737630000098e-01,1.736694371553935690e-01
1.914010494949999752e-01,1.847122088941249851e-01
1.822085529569999751e-01,1.762980922115665594e-01
2.055577039720000165e-01,1.884731409136953528e-01
2.419840693470000081e-01,1.828114501609883202e-01
2.256706357000000107e-01,2.514346388530629972e-01
2.096177935600000153e-01,2.139194555317214252e-01
1.874290108680000400e-01,1.970732281118971752e-01
1.834661066530000328e-01,1.772334370189187769e-01
1.931275576349999745e-01,2.000371157800756583e-01
1.979932039979999947e-01,1.867271200820616595e-01
1.810770928860000184e-01,2.174914230789293523e-01
4.031366109849999768e-01,1.774134396136671510e-01
4.604647159579999816e-01,3.211688675520708025e-01
5.008617043499999921e-01,5.425708013639699567e-01
4.378605186940000005e-01,3.245516893522918944e-01
2.561259269710000064e-01,3.792155664901715739e-01
2.273572981360000023e-01,2.357962320045808857e-01
2.201671004300000123e-01,2.668434687428783425e-01
1.984222531320000149e-01,2.229144409478247824e-01
1.943005025389999973e-01,2.573226595164557207e-01
1.805235445499999702e-01,1.937415835573636502e-01
1.998776346449999686e-01,2.011128714551481123e-01
2.088513970380000140e-01,1.770070472353841018e-01
2.052325755359999948e-01,2.292113087089076018e-01
2.000157982109999899e-01,1.843639703042841138e-01
1.864733994009999674e-01,2.021439186551350076e-01
1.736753731969999937e-01,1.774870216511713339e-01
1.885808259249999730e-01,1.670617943787033044e-01
1.996680051089999852e-01,1.828800337065319970e-01
2.059511989359999740e-01,2.085531539140365598e-01
1.754488945010000134e-01,1.954907140617896111e-01
2.038332223890000072e-01,1.931076895496220691e-01
2.094203978779999864e-01,1.665358003556304811e-01
1.958734989169999829e-01,2.332128408490972971e-01
1.724482625719999940e-01,1.931726864232946317e-01
1.776420623059999926e-01,1.731719967600939825e-01
1.713635921480000102e-01,1.626200760378312404e-01
1.787484437230000278e-01,1.824082147861248726e-01
1.702087521550000038e-01,1.612014695327422531e-01
1.913181245330000113e-01,1.783154702122186075e-01
1.938814073799999815e-01,1.715412705393878912e-01
2.021497935060000140e-01,1.987164888001460294e-01
1.973596364259999902e-01,1.872113097221987377e-01
1.818598955869999978e-01,2.055822154875752983e-01
1.518772840500000054e-01,1.774638356894553404e-01
1.797889769079999700e-01,1.432033773830647116e-01
1.766516566280000311e-01,1.488600516630286252e-01
2.190984636549999920e-01,1.834750003160795506e-01
2.368807047610000382e-01,1.785536432941056406e-01
2.723162174219999621e-01,2.707828695535530183e-01
2.842651307580000286e-01,2.748574625023231244e-01
3.610217571259999314e-01,3.556587913971299142e-01
3.393641114230000477e-01,3.111515535588494918e-01
2.713941931720000311e-01,4.358460849620616750e-01
2.359429746869999844e-01,2.078553910032845953e-01
1.764906942839999937e-01,1.852623517337009806e-01
1.933852136140000177e-01,1.994737055617830657e-01
2.070471495389999417e-01,1.987789732452411029e-01
2.076206952330000022e-01,2.325184355735502306e-01
2.084009945389999896e-01,2.375172916454738603e-01
2.094228416680000149e-01,1.964849540840577502e-01
1.959958970549999790e-01,1.970192962752548294e-01
2.029076218609999760e-01,1.975090767818187543e-01
1.715861856940000263e-01,1.702566019167963685e-01
1.853289008139999972e-01,1.916512070139848034e-01
1.865625381469999955e-01,1.655035685416846591e-01
1.824795007709999750e-01,1.948465561486378006e-01
1.865475177760000103e-01,1.820308087911325090e-01
1.910450011489999711e-01,1.770769088363855770e-01
1.947984993460000203e-01,1.952117510139098067e-01
1.942836940290000036e-01,1.822432461008178517e-01
1.823579072949999824e-01,2.009667106305113582e-01
1.863520592450000068e-01,1.736516032907679530e-01
2.122309356929999724e-01,1.659027711768131796e-01
2.061766982079999977e-01,2.078664058541442872e-01
2.002694308759999930e-01,2.002148005436228395e-01
2.036442905660000025e-01,1.959272924513566771e-01
2.041575908660000216e-01,1.970826302411879949e-01
2.072980999949999847e-01,2.141719542774589424e-01
1.624802798030000051e-01,1.948638780661420544e-01
2.047239691019999974e-01,1.815744154740231986e-01
1.887350976469999997e-01,1.611461415493481153e-01
1.948221027850000064e-01,2.276028004623331658e-01
1.866550594570000055e-01,1.538862720679849416e-01
2.063589692120000041e-01,1.965439919572712080e-01
1.990336924790000184e-01,1.922092597263511116e-01
1.980886012320000056e-01,2.149207360409094159e-01
2.041638940570000005e-01,1.878253340160632168e-01
1.967703551049999888e-01,2.171334221946779053e-01
1.815092116589999971e-01,2.041552196846343481e-01
1.704124957319999856e-01,1.732661227248711577e-01
1.662842035290000020e-01,1.633739450840538676e-01
1.620960831640000099e-01,1.655315154769708974e-01
2.050786018369999963e-01,1.573789070162797954e-01
2.152855992319999967e-01,1.885542483915151335e-01
2.119203954940000467e-01,2.459784458693213549e-01
2.017627954479999930e-01,1.770808396021644748e-01
1.966343224050000060e-01,1.849090990751719732e-01
1.994546651839999851e-01,1.962417630578506822e-01
1.848202943799999998e-01,2.084299778068691988e-01
1.885830014939999799e-01,1.963258213573385869e-01
1.749152988199999814e-01,1.712185979931812319e-01
1.777306050059999920e-01,1.939638785755116446e-01
1.724444031720000214e-01,1.598579139842397911e-01
1.696542352440000012e-01,1.757656521509701197e-01
1.860917955640000176e-01,1.601368713646074970e-01
1.783816069359999701e-01,1.804449691401583677e-01
1.954015940430000042e-01,1.819977808471633651e-01
1.979020982979999843e-01,1.805827348627468965e-01
1.943283975120000118e-01,2.143575720712571908e-01
1.862878054379999981e-01,1.823648229997730519e-01
1.807115972040000129e-01,1.913142773790699469e-01
1.901234537359999810e-01,1.640026930279316897e-01
1.879478991030000268e-01,1.857678500044925851e-01
1.885761320589999790e-01,1.955718892678983689e-01
1.930653005840000103e-01,1.813509238515794431e-01
1.887152642009999881e-01,1.996805550427656339e-01
2.012016028170000026e-01,1.735580738064626261e-01
2.029483020310000330e-01,1.948762619851784894e-01
1.880519986150000211e-01,2.022410063838098737e-01
1.938583850860000068e-01,1.701088877190329862e-01
1.818363368510000078e-01,1.771003231227427921e-01
1.934503465890000384e-01,2.017246657772567286e-01
1.825065016750000157e-01,1.653828031989325875e-01
1.718572974210000048e-01,2.021222509982691373e-01
1.888858973980000189e-01,1.567280704401092795e-01
1.934519559140000233e-01,1.804151735927334854e-01
2.148046046500000361e-01,1.961134221428921798e-01
1.987380981450000417e-01,2.081909530080331694e-01
2.087343037130000023e-01,2.040548796356264905e-01
1.829220354560000261e-01,1.790211835719401900e-01
1.861628442999999911e-01,2.042793203148123293e-01
1.987580806019999813e-01,1.671600686972075922e-01
2.008325010539999955e-01,1.909384097829305571e-01
1.991298943760000106e-01,2.188554314863239425e-01
1.789479851720000014e-01,1.823651180396863858e-01
1.960126012559999797e-01,1.955924858239351805e-01
1.769941002129999941e-01,1.750969470716658150e-01
1.811666339639999845e-01,2.102118635079653075e-01
2.170765548939999900e-01,1.542989049698177684e-01
2.228865027430000090e-01,2.212963173692670260e-01
1.981754004959999926e-01,2.006846282863563591e-01
1.650676876309999930e-01,2.087265291619410101e-01
1.990987807510000429e-01,1.520597277600487796e-01
1.952784955500000141e-01,1.881563914536777682e-01
1.885309964419999984e-01,2.123808255445057691e-01
1.826629936699999956e-01,1.915556966392935323e-01
2.290190458300000176e-01,1.837663016902830182e-01
2.735207974910000006e-01,2.068748832316382735e-01
2.842034697529999820e-01,2.926914735659911226e-01
2.687470018859999810e-01,2.187244294155700763e-01
2.419617027039999979e-01,2.651020242336830646e-01
2.585682272909999857e-01,2.282224402894230952e-01
2.487231940029999977e-01,2.337875642876147686e-01
2.237731963400000357e-01,2.932630770621845739e-01
2.095130234959999838e-01,1.978429023408532494e-01
1.998770385979999897e-01,1.957203394362623528e-01
2.012569010259999958e-01,2.050813585137958306e-01
2.061658948660000101e-01,2.283893192301312547e-01
1.921332776550000176e-01,1.992731601527344132e-01
1.658605039119999958e-01,2.121889969191432246e-01
1.724504977459999921e-01,1.614796930155526777e-01
1.866747587920000173e-01,1.624346158232703730e-01
1.559437066319999954e-01,1.906176870039549831e-01
1.450039297340000033e-01,1.903680345929232853e-01
1.372807174919999929e-01,1.010788736927025755e-01
1.404531002040000087e-01,1.254070914388620006e-01
1.343677937979999848e-01,1.228470868695766965e-01
1.512558013200000218e-01,1.303133993781364353e-01
1.571162044999999952e-01,1.202048814258958043e-01
1.624787002799999991e-01,1.501853966358320802e-01
1.773491054770000019e-01,1.556709789947085254e-01
1.815999448299999985e-01,1.509004737593197809e-01
1.852913051839999992e-01,1.912906117326025335e-01
1.884922981259999908e-01,1.814047050320528875e-01
1.918683052059999838e-01,1.755116754119354361e-01
2.261683344839999776e-01,1.821614199377832033e-01
2.014196962120000101e-01,2.245982364047012514e-01
1.973526030779999829e-01,2.043827021142717582e-01
1.941564679150000194e-01,1.772986768989140705e-01
2.078395932910000188e-01,1.887927766017565290e-01
1.838871985670000042e-01,2.106591065524758555e-01
2.030725032089999993e-01,2.010535483926462197e-01
1.920516937969999893e-01,1.688412442816581982e-01
1.887007951740000411e-01,2.224751393446987580e-01
1.887437999249999832e-01,1.688268971037706345e-01
1.873788982629999988e-01,1.899058666573948118e-01
1.891151070590000038e-01,2.059509800124948165e-01
1.895716041330000323e-01,1.726740764914926340e-01
1.892361938949999878e-01,2.034754304934376090e-01
1.986678987739999847e-01,1.856904239429467696e-01
2.600212097169999903e-01,2.021525136737607475e-01
2.536996603009999962e-01,2.461719713437125756e-01
2.486595213409999727e-01,2.916558355810198178e-01
2.238901853559999988e-01,1.896018849496842462e-01
1.916601955889999931e-01,2.073029948073563666e-01
1.912304460999999789e-01,1.996408412014357425e-01
2.217618972060000082e-01,1.969266041157014258e-01
2.349424958230000027e-01,2.305473623828517282e-01
2.342955172060000035e-01,2.752465041291821124e-01
2.245461940769999942e-01,2.268373702563700189e-01
2.107733041050000034e-01,2.536821401095497586e-01
2.195045053959999715e-01,2.118883538057753368e-01
1.867112517360000057e-01,1.980324424045117326e-01
1.782344579700000098e-01,2.243572816158247718e-01
1.810989975930000218e-01,1.628421047430902990e-01
1.992904990909999952e-01,1.854539163177802985e-01
2.188781946900000275e-01,1.867155494319509557e-01
3.330821096900000167e-01,2.354598326241438278e-01
2.986789345740000212e-01,3.218211380256391640e-01
3.000943064689999829e-01,4.205863789572944489e-01
2.386572659019999820e-01,1.771709732027942075e-01
2.014694958929999502e-01,2.538481380607415239e-01
2.121156007049999903e-01,1.854097792143944989e-01
2.050123065709999748e-01,2.429397057806242377e-01
1.987702995540000239e-01,2.304717926351840251e-01
1.788948029280000296e-01,2.084580024931628195e-01
2.083670347930000055e-01,1.716764194006354660e-01
2.080235034229999946e-01,1.869871521908821888e-01
1.859974563120000146e-01,2.390806730378877420e-01
2.174742072819999816e-01,1.947537403918814802e-01
2.246447950599999854e-01,1.824172967951809832e-01
2.117234021429999780e-01,2.688121316273919814e-01
2.041544467209999714e-01,1.924489077563417694e-01
2.146971523759999834e-01,1.884936912988491309e-01
2.150782048699999838e-01,2.334873325527742349e-01
2.338068932289999735e-01,2.379940822357649588e-01
3.202091157440000169e-01,2.253327654361256538e-01
3.246116042139999824e-01,3.470065993065938326e-01
3.107064068320000150e-01,4.049728918766145602e-01
3.095698356630000037e-01,2.834909522309485563e-01
2.792485058309999713e-01,2.723947751338842704e-01
2.426900416609999722e-01,3.448843694746908106e-01
2.526278495789999745e-01,2.860269053065345735e-01
2.839281857009999799e-01,2.480201212949849077e-01
2.947731912139999744e-01,3.254308150438776637e-01
2.706804275510000246e-01,3.433820626244100671e-01
2.213104963300000227e-01,3.115954839129501108e-01
2.309004068370000273e-01,2.040705526180653651e-01
2.387782931329999747e-01,2.083124038355092522e-01
2.419604510069999770e-01,2.810142226910572472e-01
2.565485239029999809e-01,2.757578626507326547e-01
2.649432718749999971e-01,2.879563402610511025e-01
2.552419006819999781e-01,2.353542473980452521e-01
2.503576874729999679e-01,3.095642446001892756e-01
2.851879894730000031e-01,2.133187848588543045e-01
3.117785453800000495e-01,2.959848463598320767e-01
2.945955097679999746e-01,3.945218631768159789e-01
3.066652119159999912e-01,3.383958486728247395e-01
2.395841330290000293e-01,2.478105357470750947e-01
1.883951872589999799e-01,2.896850139971313132e-01
1.851434856649999960e-01,1.533408379940525146e-01
2.226487994190000097e-01,2.133877880332859800e-01
2.192545831199999851e-01,2.344489718625509811e-01
2.097330987449999851e-01,2.622857865427021817e-01
1.943479031319999828e-01,1.778651691191092954e-01
1.941306889060000207e-01,1.848643500690941022e-01
2.030006051060000150e-01,1.831250980530526318e-01
1.910956948999999738e-01,2.076390829765111801e-01
1.403214633459999860e-01,1.903714376609303427e-01
1.376174986360000074e-01,1.567503459127094489e-01
1.550265699630000160e-01,1.105120195386761900e-01
2.001304924489999970e-01,1.481428358820195690e-01
1.929156184199999624e-01,1.941391180299214259e-01
1.806230992080000430e-01,2.086143405250970584e-01
1.619705408809999914e-01,1.619710035160443484e-01
1.889210045340000144e-01,1.484848570044545180e-01
1.788192987439999881e-01,1.764834626497250036e-01
1.769654452799999944e-01,1.912809641728565047e-01
1.813704073430000008e-01,1.706224343494679163e-01
2.045527994630000068e-01,1.610045065485281035e-01
2.115447074170000163e-01,1.993986548324294950e-01
2.114014774559999921e-01,2.181887167286640505e-01
1.859614849089999966e-01,1.814033691038033358e-01
1.966694146390000064e-01,1.909288132615488687e-01
1.941680759189999828e-01,1.835896853859576294e-01
1.857832968239999938e-01,2.091996066555000811e-01
1.800334155560000260e-01,1.948529670821232407e-01
2.057538926599999929e-01,1.742405783338686343e-01
