1.769561022520000082e-01,1.887971866398285015e-01
1.810430586339999981e-01,1.153400768416605188e-01
1.955727785830000398e-01,2.253413952232563300e-01
1.954265981910000005e-01,2.282105804394845006e-01
2.004670947789999880e-01,1.411431983731785966e-01
2.029463946819999587e-01,1.741494882051140836e-01
0.000000000000000000e+00,1.703004483916815970e-01
1.862521618600000151e-01,-1.648285961908961816e-01
1.862153261900000301e-01,4.491595604498474503e-01
4.038094580169999670e-01,1.546366754074594285e-01
4.118085205549999461e-01,5.961750330734646441e-01
3.743042349819999948e-01,-1.195112934339452593e-01
3.571429848669999685e-01,2.820061810185066631e-01
2.572054266930000055e-01,3.699751000733105255e-01
2.409307956699999753e-01,2.711114086971346815e-01
2.253161966800000249e-01,1.351160199161139386e-01
1.935185044999999937e-01,1.894368988537468157e-01
1.787700653079999924e-01,2.030497759487790987e-01
1.622045934200000150e-01,2.455106704574386289e-01
1.761920750140000269e-01,1.345975780593671178e-01
1.883655935530000325e-01,2.295839130467032252e-01
1.861467957499999548e-01,1.848119611986658029e-01
1.954913884399999968e-01,1.541607820171417842e-01
1.954011768099999935e-01,2.034734051898220153e-01
1.660518944260000185e-01,1.653348197582179269e-01
1.907722949980000249e-01,9.479717909117306440e-02
2.156041562559999625e-01,3.033470272028684911e-01
1.898660957809999716e-01,2.148776105541127524e-01
1.770474612709999895e-01,5.491378042229945466e-02
2.001174986360000074e-01,2.101738025392071996e-01
1.948629021640000125e-01,3.038679777910464064e-01
1.922753006219999894e-01,9.459496237117040462e-02
1.779100298880000042e-01,1.706697639977435843e-01
1.810636967419999854e-01,1.590128039085483280e-01
1.680064052340000114e-01,1.936209183117772736e-01
1.635809391740000174e-01,1.468991444220251463e-01
1.706920862200000111e-01,2.269044421409805723e-01
1.916799396280000345e-01,2.474255917756355838e-01
2.085516005749999957e-01,1.776127855047971438e-01
2.058236002919999752e-01,2.420671986555999466e-01
1.828240007160000513e-01,1.188849675857891058e-01
1.857409924269999846e-01,1.078105761576840932e-01
1.775099337099999841e-01,1.997901054754364636e-01
1.752161234619999952e-01,1.647924071181086636e-01
1.971126049759999999e-01,2.041585800362642200e-01
1.845117062330000057e-01,2.291968068662308122e-01
1.984785944219999987e-01,1.579068806436695338e-01
2.143009155989999692e-01,2.324669910839296805e-01
1.841159015890000139e-01,1.869012987042084351e-01
2.104043960570000094e-01,8.014710591909796067e-02
2.032361328599999739e-01,3.099670638198647743e-01
2.088565975429999833e-01,1.782618427471841516e-01
1.960448026660000231e-01,1.382784923976511093e-01
1.900728046889999523e-01,1.039200546311492140e-01
1.658952832220000062e-01,2.084749038232030505e-01
1.872539073229999851e-01,1.740503466393962528e-01
1.852532625200000171e-01,2.320999110577799673e-01
1.799222826959999966e-01,1.990389291818008832e-01
2.012764066460000223e-01,2.069995844364589943e-01
1.978618204589999985e-01,2.333245252629033706e-01
1.950792670250000027e-01,1.076082231350553864e-01
1.711323857310000085e-01,1.790469568890079854e-01
1.623787879939999901e-01,1.465670305229265225e-01
1.677809953689999856e-01,1.796347143270750624e-01
2.059821039440000168e-01,2.146448341081365618e-01
2.158481031659999771e-01,2.491944995306175636e-01
2.141157686710000174e-01,1.550561726139203234e-01
1.768843084569999835e-01,1.701661821360647697e-01
1.967563778159999444e-01,1.697645075912740387e-01
1.834106147289999988e-01,2.397956649934681050e-01
1.805770993230000065e-01,1.523827489430100712e-01
1.911945044990000231e-01,2.121125936731296235e-01
2.012096941470000178e-01,1.957717872007102011e-01
2.066745012999999798e-01,1.746862257895928916e-01
2.420079559090000110e-01,2.103281188435668358e-01
2.195876985790000124e-01,2.330294620901824099e-01
2.106474190949999825e-01,4.012113216386197639e-02
1.944769918919999896e-01,2.183284372081346070e-01
1.704634428020000148e-01,2.171119775276999786e-01
1.787724494929999741e-01,1.920974566799261984e-01
1.750701963900000158e-01,2.045629931157524894e-01
1.796004772190000487e-01,1.770834704794984060e-01
1.688816994429999940e-01,2.143561653760607255e-01
1.640222966669999949e-01,1.288751057981400161e-01
1.799237728120000324e-01,2.169547657299044086e-01
1.769366562369999729e-01,2.578505504200777065e-01
1.781685650350000039e-01,1.660301736041898679e-01
1.665234863759999795e-01,2.343772533459596574e-01
1.855484992270000077e-01,1.828757675419747653e-01
1.732649058100000083e-01,2.110256251060023958e-01
1.860052198169999949e-01,1.457254424671063919e-01
1.832000017169999884e-01,2.012182149458450198e-01
1.951216459270000425e-01,1.766439052332634818e-01
2.088083624839999763e-01,2.086606415552000049e-01
1.873752027749999993e-01,1.583059709695705530e-01
2.025922685860000183e-01,8.964107794276746088e-02
1.986005455260000108e-01,2.867663887938154965e-01
1.863885968919999914e-01,1.537426580897885420e-01
1.716178953649999950e-01,1.466462823186661102e-01
1.885485500099999823e-01,1.429694999061966731e-01
2.112170010809999998e-01,2.961044729555095123e-01
1.833238750700000030e-01,1.989763043023941580e-01
2.096922993660000067e-01,1.185243270555687289e-01
2.197588831190000203e-01,2.633256784088692237e-01
2.330529242750000174e-01,1.898081809754023908e-01
2.151579260829999951e-01,1.570770246537801229e-01
2.008593231439999849e-01,1.709743914681568500e-01
1.312076449390000010e-01,1.987379477752965473e-01
1.399971693750000079e-01,1.119660714270982876e-01
1.684847325090000070e-01,2.571390300195739442e-01
2.097207009790000298e-01,2.507893606282625143e-01
1.677834987640000053e-01,1.998054502385039344e-01
1.697814613580000132e-01,1.164391691452077715e-01
1.778024435040000129e-01,2.657706190169246141e-01
1.989280730490000093e-01,2.778152654792583887e-01
1.968562752010000194e-01,1.633781019262206535e-01
1.764101982119999634e-01,1.902529615527981111e-01
1.775619983670000124e-01,1.757948534123880691e-01
1.848997771739999962e-01,2.125765929222775130e-01
1.751745045190000183e-01,2.079607221734541267e-01
1.822087168690000036e-01,1.347045575821547714e-01
1.833387613300000163e-01,2.085046058946299630e-01
2.092746049170000067e-01,1.681701724253643060e-01
2.103900015349999819e-01,2.134041612354599382e-01
1.875178515910000121e-01,1.852651727817752059e-01
1.892182081940000093e-01,1.260245770323946413e-01
2.129119038579999901e-01,2.101943278452194086e-01
1.846891939640000202e-01,1.946671048129971771e-01
1.933595985170000198e-01,1.368723181061628769e-01
1.597519963980000013e-01,2.716251188749160272e-01
1.731968969110000145e-01,8.193096320166309843e-02
1.763989776370000484e-01,2.469648273925036663e-01
1.903230398890000119e-01,1.834585406127095253e-01
1.978137493129999980e-01,2.234738532659693577e-01
1.724811047320000124e-01,1.677729589197043403e-01
1.773964017630000056e-01,7.253036096510435959e-02
1.862247735259999759e-01,2.259784267941671865e-01
2.039294093849999823e-01,2.625517587641843509e-01
2.303259670730000153e-01,2.114257288820675373e-01
2.793866395949999859e-01,2.193617067861816927e-01
2.991397082810000052e-01,8.683328810706089640e-02
2.514718174930000161e-01,1.924687437688129277e-01
1.890812516209999794e-01,-2.882265164622458201e-02
2.833725214000000214e-01,1.080684660937947239e-01
2.606627941129999737e-01,3.982733627236055285e-01
2.856159806249999877e-01,-7.431414502229492791e-02
2.152941524979999910e-01,3.322661399390375303e-01
1.691618561740000082e-01,1.599430209409458403e-01
1.676646620040000146e-01,2.607386813270423098e-01
1.986771523950000007e-01,2.112396870892908063e-01
1.806469559670000058e-01,2.318746971891257613e-01
1.824937760829999922e-01,9.551409414296536948e-02
1.871567964549999963e-01,2.161844346369196923e-01
2.099210023880000164e-01,2.144053805142562275e-01
1.939254999159999993e-01,2.235529479064044811e-01
1.662387549880000037e-01,7.696213512166447113e-02
1.659430116420000101e-01,1.477181006520467410e-01
1.823978126049999871e-01,2.419930106542341475e-01
1.884365230800000013e-01,2.136934311838341038e-01
2.158337980510000031e-01,1.658221900018033990e-01
2.153968065980000068e-01,2.300243531724659451e-01
1.994820386169999793e-01,1.879904560716454398e-01
1.468160003419999859e-01,1.725361682491652060e-01
1.810178905730000509e-01,8.544887482198762485e-02
1.982497125860000209e-01,2.838231806842404503e-01
1.886273920540000038e-01,2.049686159381652051e-01
1.874347329140000074e-01,8.646931810792558848e-02
1.838997006419999802e-01,1.945895018780916252e-01
1.789868623020000049e-01,1.493713610173396378e-01
2.386641800400000069e-01,1.738325236470286972e-01
4.006521701810000224e-01,3.545741881768528225e-01
3.205133974549999598e-01,2.777502316764053902e-01
3.453539609910000197e-01,-9.271236467090568367e-02
3.201048076149999866e-01,4.011503811083959592e-01
3.410750627520000022e-01,2.792279160782827896e-01
3.317869901659999954e-01,1.414191408613624523e-01
3.053638935090000062e-01,1.069809009101933134e-01
2.349332422019999866e-01,1.231571794926076685e-01
2.433501929039999789e-01,1.183089401394469831e-01
2.282197028400000105e-01,2.312263451564084138e-01
2.155468463900000187e-01,6.386834658103399120e-02
1.862514019010000077e-01,1.432841928174219404e-01
1.789111644029999504e-01,1.560284729491414057e-01
1.881189942359999534e-01,2.004862759198940692e-01
2.258600741620000185e-01,2.416666079290258617e-01
2.293289005759999999e-01,2.085306583092710886e-01
2.172957956789999534e-01,1.560184030253367882e-01
2.285813987260000013e-01,1.525475681503727365e-01
2.961176931860000083e-01,2.450874034341580243e-01
2.966041862959999942e-01,1.262327024447369161e-01
2.547382712360000134e-01,1.833825758371330494e-01
2.234010547399999935e-01,1.403096708391658731e-01
2.086469978090000066e-01,2.311072269400052670e-01
2.144542932510000166e-01,1.628399290674039102e-01
1.909040212630000177e-01,2.263910001428704188e-01
1.961078941820000032e-01,1.031068253910006061e-01
1.758218258620000141e-01,2.531540691676963384e-01
1.801499277349999928e-01,1.699938094216713325e-01
1.802266091110000246e-01,2.028933402997739610e-01
1.831340938809999930e-01,1.652312026048788351e-01
1.799343973400000241e-01,1.679463827980224311e-01
1.912952065469999963e-01,1.748965514333793991e-01
2.391949146990000052e-01,2.373259106142706631e-01
2.476447969680000138e-01,2.180939026119802226e-01
2.603625059129999753e-01,1.280094568209121375e-01
2.153915017839999890e-01,3.027902188303082665e-01
1.687171012159999761e-01,1.271206963515779387e-01
1.901023983960000163e-01,1.880820235089842307e-01
1.932636946439999781e-01,2.349684644320818583e-01
1.967433989050000331e-01,1.635792019725612889e-01
1.968259066340000141e-01,2.182998998765942056e-01
1.806160062550000167e-01,1.546706006954702561e-01
1.917202025649999975e-01,1.501847598601045441e-01
1.939498037100000072e-01,2.125028999069914770e-01
1.780927032229999429e-01,1.524149313180830356e-01
1.982128173110000169e-01,1.889423319689180203e-01
2.026619017119999921e-01,2.150303214063937207e-01
1.926424354309999587e-01,2.254152977564858606e-01
1.775846034290000375e-01,2.114954936552044251e-01
1.697379499670000069e-01,1.432328017163343181e-01
1.742126941680000041e-01,1.914915822357166897e-01
1.767573058610000247e-01,1.875110658327070745e-01
1.698893159629999983e-01,1.963074186411532529e-01
1.786662638189999985e-01,1.874932302000023310e-01
1.773128658529999901e-01,2.085727831683042710e-01
1.912915557620000206e-01,1.747577836604518042e-01
1.917339116329999926e-01,2.087281057490776026e-01
1.682408750059999902e-01,1.547117947589529141e-01
1.533582359550000052e-01,1.534198847161937773e-01
1.219834238290000011e-01,2.129882625517837413e-01
1.124273017049999962e-01,1.808916819434713275e-01
1.387385427950000027e-01,1.993135858584146880e-01
1.735682934519999776e-01,2.662607544849584507e-01
1.894755959509999699e-01,2.759732696120203999e-01
1.896263062950000189e-01,1.519904023191785691e-01
1.874510943890000114e-01,1.861660847046492373e-01
1.846003979439999887e-01,1.861789417161575644e-01
2.440665513279999810e-01,1.387159266887705578e-01
2.327407002449999873e-01,3.101333720529003135e-01
2.219963967800000215e-01,9.994357050542182486e-02
1.852974742650000117e-01,2.237723491330458336e-01
1.947617977860000016e-01,1.990590319355754756e-01
1.780637502669999983e-01,2.131173379404971147e-01
1.859644204379999610e-01,1.555179491699685834e-01
2.072025239469999502e-01,2.436381850802524229e-01
1.870556026700000152e-01,1.839094493396103147e-01
2.003259211780000215e-01,1.024205609083017887e-01
2.049419134859999936e-01,2.856048238574604992e-01
4.109843969350000514e-01,1.711094863239531472e-01
3.850685060019999884e-01,4.854490239723456280e-01
3.761990368370000670e-01,-2.514470630281804425e-02
3.382981419560000536e-01,3.624285302325330749e-01
2.050670981410000482e-01,3.522618879691794547e-01
2.311079055070000277e-01,1.654779062636744791e-01
2.232432067389999997e-01,3.355723823112943816e-01
1.962449550630000206e-01,1.348259240979630957e-01
1.992976218459999727e-01,1.674828129051156855e-01
1.784480065109999847e-01,2.796476184827946243e-01
1.708953380579999737e-01,1.295600781383564881e-01
1.857410371300000085e-01,1.684707689727273916e-01
1.884250044819999748e-01,2.321717256292745168e-01
1.818749755619999964e-01,1.741814756567251765e-01
1.925081014630000142e-01,1.702854322092026140e-01
1.790819615130000153e-01,2.083869032321866988e-01
1.921849995850000159e-01,1.426805020721824691e-01
1.867637038229999769e-01,2.031027428571437754e-01
1.980000883339999851e-01,1.981618240588776114e-01
3.074838817119999734e-01,1.938135667533336659e-01
2.838982045650000341e-01,3.360350730006670950e-01
2.563236057759999964e-01,1.066932330993820982e-01
2.176708281040000137e-01,2.569376328326850034e-01
3.016590476040000302e-01,2.719068926667118080e-01
3.009566068650000314e-01,4.694821675989512277e-01
3.871228992939999558e-01,-1.291022939399567859e-01
3.553330004220000005e-01,4.577184307411482078e-01
2.734268903729999978e-01,-2.749858871183805675e-01
3.047637045380000020e-01,1.654864858933867769e-02
1.934034079309999710e-01,4.154018395584772594e-01
1.674667745829999943e-01,1.030198928603907049e-01
1.849085837600000226e-01,2.056886899859659557e-01
2.460200339559999727e-01,2.278542926475372876e-01
2.682054042820000150e-01,2.615073702042700621e-01
2.603135108949999887e-01,9.154175674111884875e-02
2.072546035049999680e-01,4.412252221196263230e-02
2.076155245300000118e-01,4.772545843129569199e-02
1.928880363700000156e-01,2.883013538647292706e-01
1.886100023979999929e-01,2.388455906988585786e-01
1.899161785839999783e-01,1.310024712841597883e-01
1.841135472060000111e-01,2.152306132171426245e-01
1.885657012459999726e-01,1.838672258875067855e-01
1.928238719700000325e-01,1.753369381627858381e-01
1.931996941570000015e-01,1.831900732860643477e-01
1.622868627309999867e-01,1.653077749682926034e-01
1.296745538709999923e-01,1.420926460753039466e-01
1.509044617410000011e-01,1.745179729935604218e-01
1.567745953799999925e-01,2.595074723838078357e-01
2.352031022309999941e-01,2.048219026203697835e-01
2.412368059159999689e-01,3.424956413271628142e-01
3.487674891950000022e-01,1.652653633397172528e-01
4.479171633719999934e-01,3.700806325199984537e-01
7.274934649469999570e-01,2.345841427811747593e-01
7.546014785770001065e-01,3.800187629738419615e-01
6.946486234659999814e-01,-3.796477226266852245e-01
6.383669972420000782e-01,3.649885736260405911e-01
5.096258521080000436e-01,5.393271478486738602e-01
3.489852249620000735e-01,4.124752090249489411e-01
3.274166882039999948e-01,2.961698257506565901e-01
3.183498978609999863e-01,5.606537578145276424e-02
2.771280407910000076e-01,2.081486749553027593e-01
2.614668905739999660e-01,1.312329277790538207e-01
2.646197974680000176e-01,1.435336628538991244e-01
2.569813728329999880e-01,1.984406199027621553e-01
2.632848024370000317e-01,1.163891181022239651e-01
2.274889498949999866e-01,1.411493907409557547e-01
1.972997337579999733e-01,1.885914404918309917e-01
1.593737602229999828e-01,2.451315355911731497e-01
1.552143245940000027e-01,2.465269916720294607e-01
2.165970057250000136e-01,2.308782396768410683e-01
2.152127921579999881e-01,3.581039340305008367e-01
2.079710960389999919e-01,6.108049469938402198e-02
2.003736048939999681e-01,1.530547987503525775e-01
1.930765211580000029e-01,1.716768082231223680e-01
1.887691617009999989e-01,2.299067794642213891e-01
2.153376042839999782e-01,1.794560014773501355e-01
2.704129219060000255e-01,2.539262455505048033e-01
5.549836754800000493e-01,2.391012513594473199e-01
5.126557946209999717e-01,5.071982785201536448e-01
5.099799633029999946e-01,-5.773228147846533043e-01
4.163484573359999552e-01,4.387282443557367628e-01
2.535916566849999998e-01,3.569768025617540697e-01
1.788074076179999861e-01,2.865982608391514086e-01
1.850019842389999947e-01,2.502535861286152019e-01
1.711802035570000047e-01,2.138823835132025730e-01
1.727939993140000241e-01,1.193304893964095004e-01
1.767069548369999965e-01,1.922790153970631855e-01
1.761609017850000181e-01,1.906080195889474360e-01
2.039509564639999939e-01,1.870117764631439583e-01
1.905422955750000480e-01,2.546147752701018452e-01
1.819348037240000049e-01,1.353108449000154367e-01
1.684180349109999919e-01,1.955838552523469220e-01
1.891849339009999964e-01,2.130498715273769494e-01
1.689333617690000067e-01,2.489434567129675535e-01
1.962249428029999576e-01,1.332011748296832998e-01
1.980420649049999537e-01,2.807108030812477950e-01
1.778897047040000068e-01,1.748018345970427934e-01
1.612316220999999994e-01,1.493537738808694837e-01
1.492553949359999854e-01,1.771373838424187275e-01
1.442013978960000053e-01,1.559405942732932648e-01
1.220441684129999899e-01,2.153045705242997709e-01
1.259213238949999925e-01,1.890326730615897455e-01
1.192706972360000062e-01,2.235526254519728806e-01
1.400409787890000146e-01,2.052795572569716120e-01
1.655126959090000016e-01,2.656760867102740953e-01
1.946723610159999951e-01,2.493671587151596591e-01
1.824015975000000123e-01,2.229582805080022878e-01
1.781254708769999806e-01,1.294155720572329193e-01
1.768455654380000075e-01,1.724946131074222289e-01
1.895092576740000090e-01,1.828243505567366534e-01
1.890345066789999584e-01,2.073456649539737184e-01
2.166133970019999688e-01,1.637775063950456800e-01
2.142671942709999944e-01,2.581338719606313670e-01
1.696722060440000179e-01,1.168130470814062044e-01
1.861636042589999707e-01,1.148394825918393619e-01
2.109026014799999793e-01,3.068119232778244165e-01
2.016181051729999951e-01,2.248253908678001789e-01
2.371999472380000307e-01,6.827631655975943681e-02
1.953185498709999746e-01,3.391752156893615977e-01
1.463003754620000041e-01,1.073713332202535925e-01
2.596421837810000133e-01,1.539457716259589326e-01
4.047906100750000014e-01,4.917873395205277220e-01
3.813273906710000216e-01,1.154989647571671441e-01
3.577617108820000391e-01,2.654901357197722578e-02
3.031907975670000144e-01,3.223368039447536137e-01
2.219824343919999943e-01,3.152185676055352381e-01
2.247738689180000249e-01,1.336899732591696477e-01
2.553716301919999876e-01,2.269077057955833365e-01
2.618205845359999895e-01,2.791399999831846168e-01
2.273367345329999900e-01,7.367167700329881053e-02
2.031441032889999831e-01,7.353553307768746772e-02
1.758806854490000404e-01,2.034999784889666985e-01
1.670619547370000013e-01,1.976597901369241406e-01
2.118712961670000117e-01,1.676982887214730766e-01
1.990658938880000006e-01,2.997595035129229091e-01
1.948491036890000194e-01,8.576607104250418001e-02
1.566408872600000002e-01,2.214085562106319072e-01
1.590297073130000072e-01,1.369228396751263621e-01
1.671897023919999836e-01,2.609750482461378751e-01
1.815824955700000298e-01,1.895334605703908881e-01
2.245292961599999748e-01,2.476670164343857117e-01
2.216224968430000053e-01,1.890329998808407130e-01
2.066582888360000148e-01,2.008078029133487097e-01
1.570345163350000128e-01,2.098471402488699677e-01
1.968932896850000003e-01,1.441995590486664092e-01
2.048864960669999902e-01,2.704081842842416816e-01
1.668177992110000118e-01,1.925724161936076262e-01
1.417246013879999988e-01,6.223828459823244064e-02
1.666631847619999829e-01,1.807629039984074704e-01
1.926406770939999569e-01,2.477606927679151805e-01
2.254680991169999982e-01,2.024387443153835842e-01
2.252101451159999879e-01,1.324580685469813335e-01
2.145293951029999535e-01,1.982108517853697627e-01
1.820016801359999881e-01,1.942412601181432164e-01
1.906076073649999592e-01,1.507213511203446821e-01
1.686857044700000030e-01,1.937492668197972889e-01
1.903967410330000276e-01,1.269953505718435793e-01
2.045876085759999741e-01,2.645842742960681226e-01
1.865548938510000199e-01,1.499850954353122989e-01
1.815108954909999961e-01,1.531240936656355078e-01
2.014583945270000120e-01,2.140528718740659642e-01
2.036586105820000214e-01,2.167113435229503504e-01
1.918114423750000019e-01,1.654529239492288917e-01
1.731049269440000093e-01,1.694141142033707415e-01
1.919497996569999865e-01,1.830690545161937910e-01
1.787570714950000028e-01,2.269313747663434799e-01
1.788225024940000296e-01,1.164843423589644461e-01
1.665375530719999941e-01,2.059722960520518620e-01
1.951155364510000489e-01,1.543138513517563482e-01
1.929849982259999874e-01,2.529772849359195885e-01
1.620820015670000058e-01,1.101635060665355076e-01
1.356869190929999858e-01,1.203217172816124919e-01
1.467041671279999959e-01,1.895536859396164397e-01
1.972582042220000220e-01,2.542794360738226955e-01
1.894697993989999940e-01,2.972313892295904147e-01
1.961945891380000029e-01,1.000850313300337829e-01
2.645494043830000086e-01,2.212568270376034096e-01
2.692976891989999899e-01,2.837969650351092055e-01
2.608369886879999822e-01,1.320874304218108870e-02
2.406771630049999999e-01,2.324370478233190318e-01
3.313829302790000098e-01,2.506480807487546092e-01
3.281686902050000021e-01,4.314279985974464604e-01
2.893257141109999986e-01,-1.206861982757314739e-01
2.625965774060000091e-01,6.086329637412329907e-02
1.794345527890000014e-01,2.026016675906450182e-01
1.727855503559999895e-01,1.336166492126663052e-01
2.207822054619999752e-01,2.106227483952756441e-01
2.426082938910000264e-01,2.747537769863246937e-01
2.444625049829999841e-01,1.252909057207486354e-01
2.097309380769999676e-01,2.234554168052033385e-01
1.825350672010000175e-01,1.388650806482887023e-01
1.691226661210000204e-01,2.250890099232064345e-01
1.575669944289999902e-01,1.252166006414140442e-01
1.770704984660000092e-01,1.661720861921223147e-01
1.741859167810000109e-01,2.510382123933981302e-01
1.755136996510000269e-01,1.592868747681642494e-01
1.687776893379999976e-01,1.703192096290125357e-01
1.939594447609999939e-01,1.813875708002882781e-01
1.943469941619999919e-01,2.459502166627240416e-01
2.223779261109999905e-01,1.354695794737247327e-01
2.144328951839999942e-01,2.270274674008871951e-01
1.937792897219999533e-01,8.447392382400210897e-02
1.783622056249999921e-01,1.739904509528020227e-01
1.706998199219999790e-01,2.251023667311216336e-01
1.894924789669999998e-01,1.962908310583944549e-01
2.422726899390000022e-01,2.178504135555731080e-01
2.336400598289999908e-01,1.863041252369669609e-01
2.456458657979999904e-01,1.763239434278500439e-01
2.297928631310000025e-01,2.492148780559397814e-01
2.152034044269999780e-01,1.217972402184321207e-01
2.607180178169999918e-01,1.908385695490655010e-01
2.623189091679999918e-01,2.438298652136688394e-01
2.198584228750000147e-01,8.619144352991425784e-02
3.426670730110000229e-01,8.046953921873267745e-02
3.465315699580000519e-01,4.963418272518028140e-01
2.930460572240000117e-01,7.262972522637911599e-02
2.670845985409999734e-01,5.812644175316615536e-02
2.535850703720000099e-01,2.839028388634886602e-01
2.199364602570000049e-01,1.359808504801446327e-01
2.274277955290000264e-01,3.190377557129122493e-02
1.686184257270000042e-01,2.744503953265107210e-01
1.842167228460000195e-01,9.070824402390553765e-02
1.896838992830000015e-01,2.802738880790908160e-01
1.641370058060000192e-01,1.456854243240938429e-01
2.130100131029999677e-01,1.240438450705593221e-01
2.186074256900000234e-01,3.192790971430594649e-01
2.188677042720000021e-01,1.404587237707590752e-01
2.313981950280000199e-01,1.491879068505802541e-01
2.149903923270000128e-01,1.723252197877805092e-01
2.503419816490000116e-01,6.510661570012461763e-02
2.535111904139999983e-01,2.398403447400355715e-01
2.445873767139999932e-01,1.088153456702411620e-01
2.031902372839999860e-01,1.530463311929475267e-01
2.327843457459999599e-01,1.058972076054689737e-01
2.531769871709999564e-01,2.696153967925712935e-01
2.558321058749999932e-01,1.456235120792337689e-01
2.091450989249999948e-01,1.898935334085899151e-01
2.179704755539999816e-01,1.038528138456179528e-01
2.751700878139999862e-01,2.907392676522001507e-01
2.834362983699999505e-01,2.494192941903026484e-01
5.200669765470000705e-01,1.128560315765543415e-01
5.718095898630000118e-01,5.780301553714499718e-01
5.820317864419999321e-01,-2.041110879130768330e-01
5.010549426079999868e-01,2.746042169798555421e-01
2.807539105419999959e-01,2.304927550901039734e-01
2.063424885269999898e-01,7.754010860883077047e-03
2.145204693079999780e-01,1.912298106356540295e-01
2.198818922040000068e-01,2.072290212026657863e-01
2.337387651210000028e-01,2.279304972009693619e-01
2.567627131940000140e-01,2.125821359481360473e-01
2.328460067509999509e-01,1.674392612134560088e-01
1.991674900050000030e-01,1.139597115670944044e-01
1.789865642790000044e-01,1.734435546018296970e-01
1.796395033599999802e-01,2.373583188457298043e-01
1.698227077719999811e-01,2.146223795574639381e-01
1.522479057309999995e-01,1.468926087897509947e-01
1.740261465309999867e-01,1.622888392040744698e-01
1.826220005749999709e-01,2.737692542001780582e-01
1.566141396759999915e-01,2.074513984090071705e-01
1.689846664669999721e-01,1.192873254307188075e-01
1.731435954569999769e-01,2.533746199146980072e-01
1.901344954969999834e-01,1.738198984455547602e-01
1.337733566760000159e-01,2.651674632715346203e-01
1.587713211769999910e-01,1.034994601598146075e-01
3.362798094749999689e-01,3.007643779238893256e-01
3.365317881109999854e-01,4.606960215259855995e-01
3.025190830230000127e-01,9.246944299476700380e-02
2.839955985550000062e-01,2.832240337057613244e-01
1.806526631120000115e-01,3.511061334211112994e-01
1.813106983900000246e-01,1.897682188919102564e-01
2.399948686360000027e-01,2.235112555192948769e-01
2.357428967949999898e-01,2.587737033651388852e-01
2.299271076919999768e-01,7.440505626248704318e-02
2.266699969770000211e-01,9.758307886966667566e-02
2.079305946829999863e-01,1.743683939689074369e-01
2.176461517809999968e-01,1.340569596747794856e-01
2.530807852749999975e-01,2.498064225469524280e-01
2.445257008080000127e-01,2.029501920786028757e-01
2.472106367350000167e-01,7.984674617920993478e-02
2.140260040760000038e-01,2.633013158566960277e-01
3.001447618010000262e-01,1.957403258591025597e-01
4.906117916109999921e-01,3.969305905250153921e-01
3.879201114179999799e-01,2.765499788901292222e-01
3.368788957599999634e-01,-3.522551933242250022e-01
2.932540476320000256e-01,2.077744042987567652e-01
1.897923052309999914e-01,3.053899584669317324e-01
2.160292118790000104e-01,1.858358602629766043e-01
3.753999471659999476e-01,2.609728634728986085e-01
3.595648109909999612e-01,3.156190930802983408e-01
3.568296134470000380e-01,1.630598830692943368e-01
2.543200254440000085e-01,3.222872902589346555e-01
1.710169017309999817e-01,1.308067849017240658e-01
1.929912567139999979e-01,2.176686844047288627e-01
1.877582967279999848e-01,2.476296602608799857e-01
1.911910772320000174e-01,1.511989762621100963e-01
2.173696309329999909e-01,1.970046132672531869e-01
2.077021002769999791e-01,2.175173798050487328e-01
2.206149846319999941e-01,1.676471233109306236e-01
2.270559668539999798e-01,2.405785526063655144e-01
2.409625947480000252e-01,2.140534418477645362e-01
2.354097962379999853e-01,1.890992199836924459e-01
2.214455157519999995e-01,2.089433220179340578e-01
1.873570978640000106e-01,2.308387512759378923e-01
1.875694990160000075e-01,1.504574736179124517e-01
1.860239952800000485e-01,2.554223436243733270e-01
2.020407021049999696e-01,1.690266259799177162e-01
1.742038130759999970e-01,2.211140064683894402e-01
1.875655949120000054e-01,1.780271908736759112e-01
1.820583045479999829e-01,2.893372011441226466e-01
1.922361850739999767e-01,1.570334434917555200e-01
2.172528207300000180e-01,2.291260229292481909e-01
2.296049296860000200e-01,2.084665855901328135e-01
2.509359121320000052e-01,1.993789990761117847e-01
2.739968001839999667e-01,2.425643495507265046e-01
2.468370050189999942e-01,1.854114274715707722e-01
2.319672256710000047e-01,1.130995150575782732e-01
2.044411897660000088e-01,2.510014904886996856e-01
2.075911909340000250e-01,2.486678755736840551e-01
2.634023129940000207e-01,2.163571050445453336e-01
3.036424219609999975e-01,2.623773109134092119e-01
3.236212432380000115e-01,1.605624935503979223e-01
3.383783698080000124e-01,1.026938998247156898e-01
3.256455063820000162e-01,3.838628627351318295e-02
3.199611008170000215e-01,3.419959741503118128e-02
3.445942103859999661e-01,1.366942790504432625e-01
3.591096997259999868e-01,1.020035385333863120e-01
3.462464511389999888e-01,1.262925842285211875e-01
3.135047256949999861e-01,2.215724754041558942e-01
2.611905336379999887e-01,2.164497058845997746e-01
2.517339885229999963e-01,1.671021263121404421e-01
2.365340739490000288e-01,1.798848824055989948e-01
2.257324606179999804e-01,1.509145241773731383e-01
2.135377526280000104e-01,1.344944884407145713e-01
1.833177059890000182e-01,1.990146577497281799e-01
2.036423683169999999e-01,1.795326089999354224e-01
2.443349212410000082e-01,2.657873761666443291e-01
2.420464009050000143e-01,2.307946616244668514e-01
1.904003769159999526e-01,1.875352530587937050e-01
1.422279328109999907e-01,7.103420426763612516e-02
1.802364736799999811e-01,1.812537613617123677e-01
1.587783545260000040e-01,3.032107907055430207e-01
1.564234346149999955e-01,1.244053561748468123e-01
1.458736360070000126e-01,2.233630773123473079e-01
1.534039974209999990e-01,1.686971727569948343e-01
1.587697118520000061e-01,2.203570239555241728e-01
1.766731888060000533e-01,2.270876081000814117e-01
1.735716015100000065e-01,2.307523657244836823e-01
1.556300967930000223e-01,1.643994874492425429e-01
1.678923070430000108e-01,1.586623154184705342e-01
1.889611035589999766e-01,2.485784512619595710e-01
1.857852935790000048e-01,2.574411786734934759e-01
1.759144961829999798e-01,1.189416468034348584e-01
1.993034631010000002e-01,1.867170967330618603e-01
1.905056983229999890e-01,2.628789098036171112e-01
1.746108233929999920e-01,1.380632558940496357e-01
1.891844570640000001e-01,1.493832193214423010e-01
1.795153021809999805e-01,2.368719883250375580e-01
2.012605071070000251e-01,1.188133158493500097e-01
2.108775675299999763e-01,2.861828508319647635e-01
1.980962008239999794e-01,1.671085501806738871e-01
1.666497588159999987e-01,1.132899506741634893e-01
1.744651794429999958e-01,1.335079500111249484e-01
1.693953573699999993e-01,2.479694056449450734e-01
1.666028350590000040e-01,1.511588659820623792e-01
1.645158231259999937e-01,2.175288687901814066e-01
1.785626411439999728e-01,2.084455139232120058e-01
2.016437053679999980e-01,2.186438031232910417e-01
2.162254005669999868e-01,2.180174786503044637e-01
1.915986984970000084e-01,1.865361275089117976e-01
1.954402029510000083e-01,1.645027807134183395e-01
2.037038058040000210e-01,2.521759955753943294e-01
1.996463239190000016e-01,1.681089669786869356e-01
1.804761737589999915e-01,1.787125735259196824e-01
1.873520165680000182e-01,1.441616154211206036e-01
1.970120966429999843e-01,2.081446290526440812e-01
2.032908946279999851e-01,1.610726070417637101e-01
1.883477419610000425e-01,2.425907671114756747e-01
2.073840051889999925e-01,1.320256379973663852e-01
1.903086006639999883e-01,2.606139338870936406e-01
1.647335141900000133e-01,1.250685042104607569e-01
1.856785118579999949e-01,1.626413399466016818e-01
2.097074985500000099e-01,2.463168024460548333e-01
1.964578926559999994e-01,2.637645971628062025e-01
2.250059992069999848e-01,1.036587342389839739e-01
2.485178858039999994e-01,2.835850458712916300e-01
2.478968948129999794e-01,1.946845294813339400e-01
2.352291047569999849e-01,1.371723984191791368e-01
2.200151830909999606e-01,2.061784862657216055e-01
1.695966720579999976e-01,2.215686197363148646e-01
2.001868933439999443e-01,1.536820370013556591e-01
1.837853938339999993e-01,2.561697733048745040e-01
1.719795018430000100e-01,1.369703392281926280e-01
1.722060889009999762e-01,2.101445698631597137e-01
2.091183662410000255e-01,2.304961611499625473e-01
1.962699592110000169e-01,2.298927965362750903e-01
2.345576137300000308e-01,1.990740158696632511e-01
2.212668955329999965e-01,3.406780351791945383e-01
2.321032136680000191e-01,1.279616214274613695e-01
2.424474954610000288e-01,2.519992380183939118e-01
2.362180352210000167e-01,1.761463293934671104e-01
2.033241987229999492e-01,2.187915138404764037e-01
1.746149510150000472e-01,1.646084119128004841e-01
1.879347711800000154e-01,2.188979831932400810e-01
1.927646994589999885e-01,1.898901288746407956e-01
1.995158940549999760e-01,1.615484614359144755e-01
1.902115345000000013e-01,2.266537554633012430e-01
1.989603042599999982e-01,1.247239748795180569e-01
1.870438009499999499e-01,1.808857260868374228e-01
1.557538956400000008e-01,1.180845430455410988e-01
1.348650753500000021e-01,1.380060811724241054e-01
1.567980051039999934e-01,1.871146487526815227e-01
1.943633109329999942e-01,2.662780558568859646e-01
2.161478996279999898e-01,2.560262523211588315e-01
2.312179952860000387e-01,1.630102741013690903e-01
1.992108970879999941e-01,1.832773856523245981e-01
3.674222230910000331e-01,8.232498105604078853e-02
4.058226048949999942e-01,5.844006943743316196e-01
4.052526056769999996e-01,-1.926522959021288728e-01
3.688966929910000303e-01,3.666571250551334815e-01
2.675450444220000001e-01,3.462909381665627562e-01
2.104666233059999947e-01,2.752062908643738703e-01
2.505743205550000074e-01,2.339029268592864585e-01
2.567990124230000171e-01,1.802899545150108140e-01
2.333147972819999694e-01,2.387343890855130879e-01
1.871584951879999847e-01,1.066230408529596080e-01
1.702336072920000165e-01,1.782813395463913597e-01
1.787967979910000116e-01,1.925564686754573929e-01
2.178041040900000058e-01,1.967055709606813918e-01
2.256611436609999854e-01,2.835524893835515425e-01
2.151906937359999994e-01,1.114728447609524692e-01
2.004701942210000143e-01,1.584239437256352578e-01
1.993511021139999784e-01,2.092731088212172186e-01
2.054219990969999576e-01,2.454639107289973976e-01
2.202302068469999818e-01,2.035542514664868408e-01
2.543391883370000328e-01,2.363506881519005509e-01
2.307367920879999923e-01,2.412608584219120555e-01
2.086869627239999747e-01,9.263158545110709852e-02
1.803357303139999923e-01,1.735944140260499979e-01
1.733369380239999924e-01,2.062283887740510024e-01
1.888285428290000234e-01,1.859515374180221170e-01
1.801446974280000168e-01,2.311576433588106716e-01
1.690454930070000028e-01,1.327948017597092301e-01
1.937783956529999796e-01,1.916004283141852782e-01
1.963465064759999934e-01,2.653115703014938820e-01
1.779485940929999843e-01,1.641180710092035033e-01
1.642222702499999964e-01,1.527222743615694878e-01
2.063633054490000007e-01,1.989402820551473827e-01
2.183381021019999979e-01,2.820435322621636653e-01
1.926020979879999873e-01,1.505632651996340332e-01
1.817457973960000250e-01,1.253972595358318343e-01
1.791574060919999822e-01,2.273260517181251439e-01
1.796555072069999648e-01,1.799822233310476860e-01
1.755983978510000099e-01,1.835492390421444575e-01
1.700639575719999907e-01,1.915946021736425753e-01
1.699959039689999951e-01,1.788508569712090324e-01
1.770231574769999816e-01,1.814686235394845637e-01
1.734361052510000056e-01,2.272529771119848885e-01
1.864347159860000047e-01,2.052594565465388765e-01
1.702874004839999844e-01,2.184013430142512924e-01
1.785273402929999920e-01,1.364678292703867257e-01
1.290820986030000173e-01,2.406169653502358285e-01
1.158849000929999956e-01,1.260147276412726391e-01
1.127520129079999933e-01,2.258049501057343422e-01
1.570463031529999998e-01,2.169093336573511555e-01
1.757429093120000119e-01,2.926687734986874734e-01
1.788239777089999927e-01,2.249153190258888491e-01
2.061250060799999784e-01,1.668083735517041644e-01
2.961472272869999922e-01,2.456438062457807214e-01
2.668476104740000188e-01,2.009596166592881317e-01
2.756402194500000014e-01,-4.708702828762030557e-02
2.648843526840000129e-01,2.895880730040137352e-01
3.272587060930000069e-01,2.388803790040042729e-01
2.934317588809999822e-01,1.388429331426202507e-01
2.612319886680000147e-01,-8.718307234400330535e-03
2.073775231839999900e-01,2.014372165985184038e-01
1.807138323779999833e-01,2.144836818830139491e-01
1.843436211349999965e-01,1.978827870138080980e-01
2.054681032900000093e-01,1.998903311850006859e-01
1.878930032250000215e-01,2.133344899175488030e-01
2.013643831010000218e-01,1.019213033896961967e-01
1.992990970609999912e-01,2.414923683841817548e-01
2.207290083170000417e-01,1.687828559973748033e-01
2.184396982190000003e-01,2.535271357265884706e-01
2.160932719709999783e-01,1.125249998446064270e-01
1.800702065230000148e-01,1.887721620236152975e-01
1.806241124869999992e-01,1.394594138802558725e-01
1.736052930359999746e-01,2.353114546890619496e-01
1.964215040210000318e-01,1.407894518121365068e-01
2.613951861859999948e-01,2.853221017114543900e-01
2.367069572210000195e-01,2.398437591062968222e-01
1.817331761120000166e-01,1.128161503431333590e-01
1.872550845150000032e-01,1.241210700708610670e-01
1.708921939130000067e-01,3.074131187705639867e-01
1.886087059969999979e-01,1.371015369408957463e-01
1.907265037299999966e-01,2.393288842449111387e-01
1.932464987040000415e-01,1.330153926755130445e-01
1.732929944990000137e-01,2.173616174808807588e-01
2.095063477749999625e-01,1.392586982575171883e-01
4.538556933399999771e-01,3.200174479691766383e-01
4.529328942299999938e-01,5.291647147364092474e-01
4.376089870929998904e-01,-2.449685896249259587e-01
4.101786911490000742e-01,3.625416579114955629e-01
2.999480962750000201e-01,4.122612773590301760e-01
2.743109166620000261e-01,2.517091789679631875e-01
2.636764347549999665e-01,1.776187524052006972e-01
3.030085861679999715e-01,4.356748610022784240e-02
2.883977890009999934e-01,2.381638009152465263e-01
2.769187986850000227e-01,8.631303436648683769e-02
2.645944654940000085e-01,1.776799432003030033e-01
3.595731556419999864e-01,1.390183488523729638e-01
3.489974141120000262e-01,2.675798295175916275e-01
3.149650990960000119e-01,9.139966003541388773e-02
2.530409693719999908e-01,1.403925316498056686e-01
2.099061757329999944e-01,1.492087732923947641e-01
2.237384021280000024e-01,2.291855308555327264e-01
2.169338017699999344e-01,1.694253562618792119e-01
2.123453021049999945e-01,1.337686320005312679e-01
2.144929021599999985e-01,1.602936235642452023e-01
2.123427987100000303e-01,1.327416148790495909e-01
2.086919993160000208e-01,1.547947183079081968e-01
2.024399936200000361e-01,1.477276808364041405e-01
1.932131946090000219e-01,1.455826268525294565e-01
1.812405437229999972e-01,1.828525817167324929e-01
1.841152161359999873e-01,1.832394996435671719e-01
2.009199708700000198e-01,1.833606987812394506e-01
1.946409046650000030e-01,2.232406831619172527e-01
1.966055035590000000e-01,1.364145452016918003e-01
1.737543940540000054e-01,1.943787895682240752e-01
1.790176033969999858e-01,9.139077976639417566e-02
2.000912129879999779e-01,2.280691430341520998e-01
1.695824414490000043e-01,2.453766132994988358e-01
1.927433013919999938e-01,9.053105277342003709e-02
2.038794755939999925e-01,3.032528102359323130e-01
2.095497995620000109e-01,1.950250538619831275e-01
2.050999999049999967e-01,1.139163490174717602e-01
1.882844567299999938e-01,1.937034416852067842e-01
2.005678713319999917e-01,1.559676184171686908e-01
1.948222815989999746e-01,2.118168027156159261e-01
1.851616054770000019e-01,1.492776674658878866e-01
1.811457574369999823e-01,1.622653834533439587e-01
1.909579336640000180e-01,1.823537986310032333e-01
2.015465050940000169e-01,1.885553514481186077e-01
1.874635964629999818e-01,1.494455731040904845e-01
2.141287922859999859e-01,1.469686820959499041e-01
2.041694968939999910e-01,2.739168755987270720e-01
2.533474564550000085e-01,7.685257694858337041e-02
2.678037881850000024e-01,3.359001752995354195e-01
3.017286956309999657e-01,8.984463433485027212e-03
3.658618927000000243e-01,3.635722132623866454e-01
3.397559225559999563e-01,2.274013428378240942e-01
2.932764291759999975e-01,-2.882205733552077875e-01
2.594402134420000228e-01,-4.494575527641941209e-02
1.747480928900000119e-01,2.452625211464717347e-01
1.857970058920000167e-01,1.526515972793552889e-01
2.116256058219999903e-01,1.914724900748584202e-01
2.045923024419999958e-01,2.180107102176676304e-01
2.080095559360000124e-01,8.460396804056800890e-02
2.008861005310000059e-01,2.186394510912386957e-01
2.219119668010000324e-01,2.093212032823258684e-01
2.171941995620000065e-01,2.068284916214511437e-01
2.135767042640000224e-01,1.055405268905010158e-01
2.023674994709999952e-01,1.716548550172300180e-01
1.955586671829999956e-01,2.153657974273036346e-01
1.969362944360000256e-01,2.212841498101194848e-01
1.962438523770000387e-01,1.232728868666880390e-01
2.066201269630000281e-01,1.988467581331529455e-01
2.266834974290000138e-01,2.153127173219298307e-01
2.307016998529999863e-01,1.266821728023996008e-01
2.064162045719999949e-01,2.525509336900500501e-01
2.136748582119999684e-01,2.046261164387443987e-01
2.115589976309999731e-01,2.774117312569269189e-01
2.210098206999999981e-01,7.043071462279951178e-02
2.002004534010000114e-01,2.508604531055051989e-01
2.026610970500000164e-01,2.001754663098898601e-01
1.840810924770000245e-01,2.472222372394495549e-01
1.918098330499999893e-01,1.097909757999924185e-01
1.945068985220000102e-01,2.396538338515713795e-01
1.860962957140000207e-01,1.680082823621701915e-01
3.239021003249999975e-01,1.382637801161298308e-01
2.998737990859999814e-01,4.448862637221821514e-01
2.647733092310000091e-01,-6.711000339048601993e-02
2.435151785609999953e-01,2.262319318865425866e-01
1.468971520659999863e-01,2.770493590090669644e-01
1.675205081699999987e-01,1.498617883603915735e-01
1.691907048229999710e-01,2.666132457344643214e-01
1.851512044669999801e-01,1.783128660679639821e-01
1.919896006579999981e-01,2.451996685448042390e-01
1.983390152450000277e-01,1.666714731679163897e-01
2.193651050329999963e-01,2.089323437881705769e-01
2.147694528099999833e-01,2.177689295109301870e-01
2.910268306730000032e-01,1.892859180694782817e-01
2.744570672509999976e-01,3.195739509520967303e-01
2.695364058020000009e-01,1.787021531081608300e-02
2.071107774970000204e-01,2.404685453071488954e-01
1.958816945549999577e-01,1.437917938035652987e-01
1.965135931969999861e-01,2.165297085978473701e-01
1.876440942289999969e-01,1.558372650009016425e-01
2.025545984510000175e-01,1.594913114682345312e-01
1.871117651460000031e-01,2.354663378497136028e-01
1.973968744280000243e-01,1.111605121581930034e-01
2.005362063649999971e-01,2.222781724227684830e-01
2.371928393840000149e-01,1.164019404707198613e-01
2.252300232649999678e-01,2.946161491985004321e-01
2.096156179900000305e-01,7.571611139729934881e-02
1.828726381060000183e-01,1.870421523585457380e-01
2.188799381260000398e-01,1.886104941214179209e-01
2.092117965219999765e-01,2.552430550328375070e-01
2.991323173050000062e-01,1.319500251245789291e-01
3.725849986079999843e-01,4.074937936408995487e-01
3.703671991829999843e-01,4.177278581222192318e-03
3.411498963830000286e-01,1.218915894615171941e-01
2.537753880020000019e-01,1.015013077240907308e-01
2.660570144650000191e-01,8.851646263856002839e-02
2.583504617210000132e-01,2.992693309227237308e-01
2.349327653649999903e-01,7.365015708262805105e-02
1.964800357820000176e-01,1.813671602527665572e-01
2.010751813650000219e-01,1.650067751000149630e-01
2.233009040360000030e-01,2.348890966421365856e-01
2.107799947259999807e-01,1.696992989904320126e-01
2.084790617230000143e-01,1.581737173761986748e-01
2.135446965689999921e-01,2.590648683872312508e-01
2.063921540979999636e-01,1.632235267320736594e-01
1.915937960150000119e-01,1.096137146189686690e-01
1.907173544170000234e-01,1.459772781186177149e-01
2.065229862929999771e-01,2.290207466027495142e-01
2.108760029080000431e-01,2.549406967008089331e-01
1.930121034380000433e-01,2.246728493107424951e-01
1.988846510650000288e-01,1.802030909823514326e-01
2.141418010000000205e-01,2.575771049641435440e-01
2.070428282019999844e-01,2.171904769189515472e-01
3.285667896269999777e-01,1.992865332589802974e-01
4.495427012439999759e-01,4.937948094156335288e-01
4.017376005650000748e-01,1.740838531157087588e-01
3.919491171839999399e-01,-9.925866840189256912e-02
3.275258541109999921e-01,3.204195963377410306e-01
2.748836874960000065e-01,2.643165616984993194e-01
2.869270443920000080e-01,3.016082560139011215e-01
2.935220301149999989e-01,2.685363000393400368e-01
3.149933218959999892e-01,1.926596011657259744e-01
3.063029944900000356e-01,2.656432047045829137e-01
2.829472124579999748e-01,1.598286443763747844e-01
2.236190885309999876e-01,1.795563424174111133e-01
2.047974467280000155e-01,1.865414970916070836e-01
1.970064640049999927e-01,2.689434737537748088e-01
2.168944925069999918e-01,1.874936095138017567e-01
2.222929000849999948e-01,2.236424109089691914e-01
2.163385450839999946e-01,2.375761768043391509e-01
2.129120975730000032e-01,1.395767912174180614e-01
2.239284068350000101e-01,1.657816210467584206e-01
2.111652940509999854e-01,2.139692324373990706e-01
2.037166059019999975e-01,7.829767971279615046e-02
1.949672847989999958e-01,2.034919613066666078e-01
2.212041467430000130e-01,2.047642731720884235e-01
2.242754995819999930e-01,2.458036310678936576e-01
2.110134959219999995e-01,1.187801510943799904e-01
1.880159825090000070e-01,1.696524148751634709e-01
1.926469951869999864e-01,1.619939033042098186e-01
1.927028000349999826e-01,2.249024920834205021e-01
2.360453009609999875e-01,2.170654484124386607e-01
2.494726628070000063e-01,2.593527421882348971e-01
2.352280020710000030e-01,1.908190765507784825e-01
1.843072175980000060e-01,1.802949457450201964e-01
1.996876001359999819e-01,1.194962350655362215e-01
1.958325058219999859e-01,2.398259253300661920e-01
1.888218969110000145e-01,1.797044268835822911e-01
1.885980367660000101e-01,1.831606255103251368e-01
1.783643960949999885e-01,2.058773230711460345e-01
1.893583983179999986e-01,1.298517852970844655e-01
1.769174039359999728e-01,2.289195262627153893e-01
1.822073012590000041e-01,1.590005925221339156e-01
1.726381331679999742e-01,2.359565744568588586e-01
1.796488463879999664e-01,1.926014682035168124e-01
1.893453001979999994e-01,2.164767517105519734e-01
2.041255980730000141e-01,2.118688483131858924e-01
2.021193057299999762e-01,2.438899716490517122e-01
1.950753927230000073e-01,1.821582846592247618e-01
1.913484036919999853e-01,1.846245712065218147e-01
1.940153539180000386e-01,2.141662496695537210e-01
2.548274099830000194e-01,1.937410082812678902e-01
2.428829520939999875e-01,3.131242752163702625e-01
2.269057929519999739e-01,7.515745627561173925e-02
2.461629658940000243e-01,1.754655574463274692e-01
2.363652586939999911e-01,2.502473681349809964e-01
2.234285175800000134e-01,1.502398065413201589e-01
2.153740972279999943e-01,1.741168808552795988e-01
2.169086933140000062e-01,1.879661700098195498e-01
1.956495195630000294e-01,2.300600355930837726e-01
1.911730021240000132e-01,1.248062978621316682e-01
1.911281347270000208e-01,2.355245953485164689e-01
1.682610064739999967e-01,2.363456580455658429e-01
1.873182952399999879e-01,1.215619567294071168e-01
1.789516657589999837e-01,2.821089970157751869e-01
1.870546638969999842e-01,1.745706299523422655e-01
2.044772058730000008e-01,2.381646148242288763e-01
1.983377933500000412e-01,2.141118183709325717e-01
2.032073587180000251e-01,1.803618817985947198e-01
2.265556752679999952e-01,2.326490245593444139e-01
2.234009951350000023e-01,2.550153263431682582e-01
2.426621168849999732e-01,1.869610816152162402e-01
2.588768005370000180e-01,2.868072608581624383e-01
2.521358132360000393e-01,2.205152749852156702e-01
2.280115038159999941e-01,2.525709873302661168e-01
1.778044104579999951e-01,1.676399525114826150e-01
1.634968966249999989e-01,1.747162629541099410e-01
1.860933601860000064e-01,1.984890982493495160e-01
1.859123855829999672e-01,2.952055411567894860e-01
1.739067137240000172e-01,1.892041328106672526e-01
1.785075962540000061e-01,1.656190773670382088e-01
1.885641068220000049e-01,2.277367431525137986e-01
2.542034089569999988e-01,2.134416728649995432e-01
2.529518902300000316e-01,2.886355016409272167e-01
2.264477610590000245e-01,1.443914036857284755e-01
2.110380530360000118e-01,1.840626359444806348e-01
2.390624135729999822e-01,2.472994780634494016e-01
2.233908027409999830e-01,2.684474355319127481e-01
2.384739071129999832e-01,1.495868219834630974e-01
2.096938937900000022e-01,2.944489395455029968e-01
2.205873429780000061e-01,9.317514586040034907e-02
1.979559957979999951e-01,2.641551438277940367e-01
2.239636480809999997e-01,1.612105328123979719e-01
1.824693381790000180e-01,2.482996050496748264e-01
1.944653987880000379e-01,7.870221392055208598e-02
1.623506993060000181e-01,2.841309653005795743e-01
1.634901016950000008e-01,1.802503017209013403e-01
1.519308984280000052e-01,2.172571105349486442e-01
1.773174256089999623e-01,1.948477980639923002e-01
2.009179741139999753e-01,2.838617753103819252e-01
1.831925064329999742e-01,1.808259694517975469e-01
1.519723981620000053e-01,1.850117263488345598e-01
1.608350872990000069e-01,1.795143468304185308e-01
1.576898992060000171e-01,2.760440381396007670e-01
1.789468824859999918e-01,2.107718556918691255e-01
1.863833963870000221e-01,2.590485273189164217e-01
1.762941032649999740e-01,1.881946942527465694e-01
1.410365849730000065e-01,2.032932355053266305e-01
1.918971985579999984e-01,1.708471385876683679e-01
2.020718008279999978e-01,3.365420537330093831e-01
2.467120736839999995e-01,1.640199757629499655e-01
2.503778040410000183e-01,3.092782032378188495e-01
2.420776039360000020e-01,6.462050898979623814e-02
2.059547007079999548e-01,1.363357593252987332e-01
1.608465462920000144e-01,9.136558668188073107e-02
1.329861283299999808e-01,1.748477655527543861e-01
1.673102676869999972e-01,1.879076632447846118e-01
1.795337647199999609e-01,2.841173548767215729e-01
1.848126053810000002e-01,2.267104003674807466e-01
2.060592025519999981e-01,1.753548071806887709e-01
1.993591934439999935e-01,2.130181664444495970e-01
2.019896209239999962e-01,1.135139810137142796e-01
1.895201951269999963e-01,2.166990507762206752e-01
2.597720026969999596e-01,1.155208585453922771e-01
2.444770485159999951e-01,3.644258572779364713e-01
2.407727241519999617e-01,4.464389214671479061e-02
2.282528877259999978e-01,2.895311420682465386e-01
1.719890981910000005e-01,3.018712682808053493e-01
2.107089906930000034e-01,2.035737418709654134e-01
2.091155946250000119e-01,2.912389962155657042e-01
1.978048980240000032e-01,1.445437481789756395e-01
2.423519939180000249e-01,1.305381225799951417e-01
2.733131051059999872e-01,2.642058245605061195e-01
2.591018974779999984e-01,1.554364031718517836e-01
2.398502230640000010e-01,-5.720969703334605194e-02
2.027270048860000118e-01,1.660882805047140254e-01
1.646265089510000057e-01,1.778255708387754541e-01
1.514579057690000063e-01,2.071613865597400350e-01
1.715828478339999907e-01,1.756609128028372435e-01
2.222049087290000058e-01,2.455049068530548162e-01
2.350890487429999898e-01,2.857019014800126766e-01
2.281305044889999634e-01,1.626098824284932243e-01
2.251530140639999844e-01,1.652116721555801082e-01
2.360830008979999950e-01,2.402922657348400270e-01
2.331852018829999873e-01,2.443032063513797536e-01
1.995675563809999886e-01,2.108260809743888742e-01
2.020958065989999775e-01,1.259133980768880889e-01
1.845946013929999907e-01,2.577356934448728487e-01
1.881015300749999952e-01,1.328252682156280395e-01
2.119678109879999939e-01,2.441646371530914739e-01
2.234034091230000241e-01,2.341801335962971076e-01
2.446219176049999888e-01,2.156546247034167585e-01
2.418016940359999645e-01,1.228750138219545929e-01
2.144879996780000020e-01,2.232348925755894831e-01
2.017266303299999897e-01,2.299269245849054899e-01
1.734066754580000091e-01,2.832108405185822519e-01
1.667926013469999968e-01,1.292857274818732805e-01
1.653245985510000127e-01,1.804284149442566543e-01
1.766120344399999820e-01,2.352945417721200860e-01
2.292105853560000295e-01,2.505715443121616648e-01
2.151339054109999982e-01,2.377988066553130830e-01
2.032367140049999854e-01,8.587826911103242644e-02
2.899451851839999761e-01,1.724712022359471963e-01
3.044671118260000031e-01,3.994946627878376844e-01
2.927406132220000123e-01,-3.483781889337100868e-02
2.604539990429999841e-01,2.117839779894128138e-01
2.598164081569999673e-01,2.025913801643606238e-01
2.464921027420000077e-01,2.931515629306787329e-01
2.179778963329999930e-01,9.519469729954722903e-02
2.073534131049999674e-01,1.648028328844319823e-01
2.050486057999999778e-01,2.782431923995632994e-01
2.097736448049999924e-01,2.004209730906288955e-01
2.061820030209999821e-01,2.073077880371457238e-01
1.972219944000000447e-01,1.751887384490785071e-01
1.988296955820000045e-01,1.209245439836061919e-01
2.057753950360000361e-01,2.091343953378760334e-01
2.033157944680000218e-01,1.678612810787182830e-01
1.759992837910000218e-01,1.949015435088467807e-01
2.031327337029999736e-01,1.287147632293798860e-01
2.274394929410000210e-01,2.888435920803871237e-01
2.340615987779999796e-01,1.602311774057230964e-01
2.466137260199999792e-01,1.690341016362968685e-01
2.308412343259999833e-01,1.410431687276519352e-01
2.145392149689999972e-01,1.415784096316251017e-01
1.903560012579999794e-01,2.238663699804297469e-01
2.080181986090000046e-01,1.512435868311602094e-01
2.246207594869999991e-01,2.290487349043541510e-01
2.103735655550000305e-01,1.788114460455554611e-01
1.986407041550000141e-01,9.586116082467356636e-02
1.817755550150000066e-01,1.732636923738763435e-01
1.930263042450000022e-01,1.977944632566489280e-01
1.930966228249999805e-01,1.838501698361137970e-01
1.897509992120000044e-01,1.833700173447730952e-01
1.693823039529999963e-01,1.801634631928560604e-01
1.858561486009999986e-01,1.218935291596817960e-01
1.774827986960000048e-01,2.462876917623767481e-01
1.667204946280000100e-01,1.724545984367999718e-01
1.615741997959999898e-01,1.916064090022394362e-01
1.936000734570000048e-01,2.097762467857941515e-01
2.084788978100000079e-01,2.659461054732615848e-01
2.083924710750000298e-01,1.878172960342157360e-01
1.912561953069999710e-01,1.481527837648498602e-01
1.796658039089999992e-01,1.187536504439769408e-01
1.821167021990000301e-01,1.960669986079856264e-01
2.010916024449999895e-01,2.402326251047769423e-01
1.848223060370000059e-01,1.900938651253646083e-01
1.947717964649999800e-01,1.273454642823409755e-01
1.730353981260000229e-01,2.463616456358504458e-01
1.828583031890000099e-01,1.161654105528178577e-01
1.498861461880000023e-01,2.535026690349772016e-01
1.527018994090000026e-01,1.350014954546618073e-01
1.779081076379999959e-01,2.251947896820588879e-01
1.696159988640000005e-01,2.622528017440201031e-01
1.754582375290000273e-01,1.392333150556870625e-01
1.580465734000000011e-01,2.265831530964315388e-01
1.843986064199999997e-01,1.521904525671317343e-01
1.731242984530000084e-01,2.469903162363622229e-01
1.698645055290000094e-01,1.752569262664266381e-01
2.204860746860000387e-01,1.870718911316557875e-01
2.881226837640000205e-01,3.406921268441947537e-01
2.816658914090000021e-01,2.077304771435348196e-01
2.804358899590000398e-01,-4.167416989140838163e-02
3.555045723920000067e-01,1.478540819408420970e-01
3.446882963180000203e-01,2.912411122263768304e-01
3.495651185509999759e-01,-2.466537568294503435e-01
3.308182954789999908e-01,3.300271566161641079e-01
2.400473654270000312e-01,3.095076496787482201e-01
1.951503008599999867e-01,2.063633404656667891e-01
1.843069046739999883e-01,1.990449283965660954e-01
1.784625351430000062e-01,2.011207535021959925e-01
1.679867953059999974e-01,2.076406492971269724e-01
1.683609932660000141e-01,1.597050656079667119e-01
2.073428332810000052e-01,2.036392152124362198e-01
3.081569075580000150e-01,3.131923516383141592e-01
3.016481101509999596e-01,2.450761129454258336e-01
3.267253041270000158e-01,1.500606982808493362e-01
2.592641115190000289e-01,3.522581336305745658e-01
2.114182710650000241e-01,1.414099964621035876e-01
2.050412595270000027e-01,2.079113069473753350e-01
2.347255051140000048e-01,1.503012495195625298e-01
2.621370851990000306e-01,2.721949106345971647e-01
2.531891763210000201e-01,1.304139332965711939e-01
2.543610632420000295e-01,2.131700672024454124e-01
2.207816988229999999e-01,2.903571960670398022e-01
2.424586564300000302e-01,1.041850599151801088e-01
2.450377047060000035e-01,2.868661389969123787e-01
2.463154047729999852e-01,1.071555750483927927e-01
2.298433184620000125e-01,2.338294828978212947e-01
2.683678865429999782e-01,1.748791200221279929e-01
2.317014038559999656e-01,2.183053611413086348e-01
2.536134123800000140e-01,-6.471033906850476303e-02
2.278259247540000143e-01,2.953525919579004233e-01
2.511056959629999752e-01,1.370012118945758139e-01
2.406570017340000089e-01,1.812655789597633349e-01
2.355776131150000285e-01,1.444920866988805008e-01
2.084955275060000057e-01,2.234942178128257184e-01
2.014831006530000135e-01,1.532318046300784886e-01
2.134985029700000314e-01,1.513993082929144529e-01
1.968656927350000141e-01,2.419661741314568237e-01
1.748276948930000407e-01,8.321741335776096371e-02
1.675257831810000042e-01,1.668798820517559400e-01
1.819289028640000139e-01,2.139112012097849902e-01
2.163158357140000099e-01,2.472739216877264390e-01
1.956270039080000300e-01,2.005386008798785702e-01
1.841740161179999946e-01,9.913963456444215006e-02
2.603065371509999948e-01,2.250601323366270834e-01
2.706716060640000365e-01,4.286486044742369717e-01
2.765875160690000056e-01,6.682640208221764244e-02
3.321622908119999940e-01,2.290480127880293870e-01
3.372164070610000342e-01,2.691361048685084745e-01
3.424106836320000014e-01,-4.446360503016456162e-02
3.502804040910000305e-01,8.228742305558209291e-02
3.334882259370000046e-01,4.410985430929822981e-02
3.048415184020000224e-01,5.915371077389925542e-02
2.241699099539999906e-01,1.415263640276348822e-01
2.231916040179999783e-01,7.135846334226762788e-02
2.127934992309999940e-01,2.346933384070621631e-01
2.555466890340000186e-01,1.225749439271291014e-01
2.643494009969999947e-01,2.863077123225518106e-01
2.531680464739999858e-01,1.319185004672462913e-01
2.339650541540000128e-01,9.857315974356699317e-02
2.333215028050000250e-01,1.526417212533252299e-01
2.242033332589999928e-01,1.690980801589543336e-01
2.012783437970000200e-01,1.334389091689034967e-01
1.966407001020000211e-01,1.467917804751484312e-01
2.178835868840000300e-01,2.040831140694664425e-01
2.213913053269999931e-01,2.648213207136623781e-01
1.959984004500000265e-01,1.691594094118641922e-01
1.992403119800000288e-01,1.326960599995036794e-01
1.625297963619999897e-01,2.630281740473163210e-01
1.901159286500000156e-01,1.878105052766704530e-01
1.898488998409999795e-01,2.998954585468391332e-01
2.000212967400000208e-01,1.887379584926571485e-01
1.874057054520000265e-01,2.647521413618492137e-01
1.881960034370000201e-01,1.879434498755186700e-01
2.220781892539999691e-01,1.642907707581797994e-01
2.257640063759999982e-01,2.950566914922800876e-01
2.163868844509999889e-01,1.362648559296215367e-01
1.905837059019999669e-01,1.723838740854018448e-01
2.389943003649999953e-01,1.284626650072335508e-01
2.126784026619999990e-01,3.084926288533011984e-01
2.203326970339999913e-01,1.108310110891443656e-01
1.995152980090000028e-01,2.800409896729062487e-01
1.767843067650000100e-01,1.807312744421042672e-01
2.036905288699999983e-01,1.500332698765631800e-01
1.890024542810000152e-01,3.205016780620848493e-01
1.914628148079999814e-01,1.710382023876508284e-01
2.303853929040000081e-01,2.044368523712390973e-01
2.602671086789999921e-01,2.686947619542215393e-01
2.651697993279999999e-01,2.337612397715182200e-01
2.410915046930000583e-01,1.112676754957892672e-01
2.030028998850000044e-01,1.262228040487564096e-01
2.060085982080000211e-01,2.049222882610763352e-01
1.778325885530000205e-01,2.213504817805314329e-01
1.719783544540000042e-01,1.744511033935962074e-01
1.757052987809999689e-01,2.494024501892276313e-01
1.694041937590000102e-01,2.591746136655184718e-01
1.635388135910000040e-01,1.810887120879578760e-01
1.943304240699999796e-01,2.252811820354873040e-01
2.042852044110000098e-01,3.035267718551616367e-01
2.030708640810000021e-01,1.338408812510434032e-01
1.812596023079999785e-01,2.169888177388413775e-01
2.182700932030000041e-01,1.613268052367815286e-01
2.186232060190000104e-01,2.913402921417396763e-01
2.044367194179999569e-01,1.567603306715556755e-01
1.787614673380000241e-01,1.544275540025213667e-01
2.417660057539999519e-01,1.802394869466704408e-01
2.367322593929999941e-01,3.379423626211479625e-01
2.201220840219999808e-01,4.884282530236749159e-02
2.190245538950000292e-01,1.651437296721140480e-01
2.470148950820000300e-01,2.324159799019687445e-01
2.227835953240000222e-01,2.348235278187053299e-01
2.453936934469999886e-01,3.978968864754033052e-02
2.456143051390000109e-01,2.992585296109628312e-01
2.149323076009999889e-01,1.629961115496529334e-01
1.782320737840000502e-01,1.353844882827567875e-01
1.983320713039999628e-01,1.715941676660115156e-01
1.837121993299999645e-01,2.498137515213409710e-01
2.150899022819999784e-01,1.548540174181086693e-01
2.187249064449999780e-01,2.833203661478058133e-01
1.953707039359999786e-01,1.855035994585312875e-01
2.260476946829999834e-01,1.134757632169694080e-01
2.273865938190000047e-01,2.744181770692654676e-01
2.131565511230000265e-01,1.605560948614412897e-01
1.765360683200000169e-01,1.691518983461118564e-01
2.150828540329999816e-01,1.614612097793279577e-01
3.349621891979999710e-01,3.162722028538771935e-01
3.160460889339999913e-01,2.903229447601338720e-01
3.057914972309999646e-01,6.206247522743701256e-02
2.454170137640000193e-01,3.009742958995859086e-01
2.043210864070000021e-01,2.168980865742472508e-01
2.795807123180000242e-01,2.518222960900809992e-01
2.639636099339999764e-01,3.773307787681164371e-01
2.800608277320000283e-01,-4.693345115153255837e-02
2.840686142440000395e-01,3.205037723672063965e-01
2.698352336879999980e-01,2.058492253279482209e-01
2.565046846869999952e-01,2.125531984642349548e-01
1.737418919799999795e-01,2.581448021405706728e-01
1.598615348340000075e-01,1.234152364797378720e-01
1.806169450279999644e-01,2.308632821647699229e-01
1.780257374049999952e-01,2.366228051197029059e-01
1.924792230129999948e-01,1.875190273135745878e-01
1.990472823380000089e-01,2.085285226960007232e-01
1.957502663139999710e-01,2.019052729654783884e-01
1.883261650800000242e-01,1.980823416895253763e-01
1.797540038819999686e-01,1.245891673392565818e-01
1.916811913249999999e-01,1.455091492475120152e-01
2.141620814799999883e-01,2.428411343714420856e-01
2.216559946539999881e-01,2.123309872548695965e-01
2.209348082539999703e-01,1.732128648222739931e-01
2.184751033780000240e-01,2.161509660054621029e-01
2.180604040619999739e-01,2.001876492533615493e-01
2.504481077190000016e-01,1.257049767077710323e-01
2.412912994619999807e-01,2.103787385849413272e-01
2.391991466279999590e-01,6.016244924762707141e-02
2.296963632110000098e-01,2.263675639584581123e-01
2.403284162280000247e-01,9.741124347525068061e-02
2.240518331529999796e-01,2.515061751965337877e-01
2.023217231040000119e-01,1.699276209506554169e-01
2.082566022870000200e-01,1.783969555576177812e-01
2.085203975440000079e-01,2.142887418960997270e-01
1.949775964020000196e-01,1.818011946138277657e-01
1.989800930020000080e-01,1.091029997621844605e-01
1.869141757489999889e-01,2.526550717912044441e-01
1.943044960499999974e-01,2.141311989719907605e-01
2.154057025910000034e-01,2.357648417322776024e-01
2.246519029140000012e-01,2.282604411827513780e-01
1.886185854669999717e-01,1.817202946949027509e-01
1.838601976629999635e-01,9.738544675752602853e-02
1.893669962880000224e-01,2.528763374808852271e-01
1.995205432180000016e-01,2.628270358057893663e-01
1.813428401949999658e-01,2.064260425231269069e-01
1.920076012609999994e-01,1.753482687326427814e-01
2.081632465119999942e-01,2.136900593018498662e-01
1.980955004690000132e-01,2.572233238851290293e-01
2.022272646429999765e-01,1.028969328005509554e-01
1.925842463970000029e-01,2.298009901773360175e-01
2.055149674419999850e-01,1.827874309174296608e-01
1.921776980160000148e-01,2.254686705858889861e-01
1.974076032640000034e-01,1.255889709320651138e-01
1.978288739919999983e-01,2.376885805870657398e-01
1.947185993189999853e-01,1.914535927218762867e-01
1.929751932619999943e-01,1.500630050181940289e-01
1.787372082470000123e-01,2.114491278738583890e-01
1.773243993519999784e-01,1.752402243258850967e-01
1.954015046359999785e-01,2.099274280367206535e-01
1.786402463910000127e-01,2.468873056265871446e-01
1.929298043250000094e-01,1.287789951592603899e-01
1.924515962599999963e-01,2.376567040690498456e-01
1.982013732189999711e-01,1.992242523405615973e-01
2.029816657299999549e-01,2.386659927466398823e-01
2.076473981139999869e-01,1.663366826786894792e-01
1.996106952430000137e-01,2.044474011964345084e-01
1.837998628619999797e-01,2.075869010801833781e-01
3.492729067800000586e-01,1.781222474128708877e-01
3.385715782639999727e-01,4.670419879525146145e-01
3.246645033359999988e-01,-3.159374322737278692e-03
2.590272426610000234e-01,1.676994876501377296e-01
2.013491839169999909e-01,1.204741652235564592e-01
2.125197052959999777e-01,1.602569519278796151e-01
2.082609981300000135e-01,1.471482708298479103e-01
2.026299685240000037e-01,1.555315941088261378e-01
1.967180371280000117e-01,1.624204190895507383e-01
1.891978979110000014e-01,1.884940494376971254e-01
1.683970987799999763e-01,1.758339390525692214e-01
1.529303938150000097e-01,1.727541070014899649e-01
1.571273952720000089e-01,1.826600438904861512e-01
1.925273537640000143e-01,2.391589899220655235e-01
2.034381031989999922e-01,2.908667938951333132e-01
1.979987621310000112e-01,1.353000729827210091e-01
1.713397651909999986e-01,1.513639365887609334e-01
1.605434864760000024e-01,1.448452563724196007e-01
1.448902040719999840e-01,2.160834380829101120e-01
1.455924957989999935e-01,1.614020777999260192e-01
1.324006021019999979e-01,2.365186384326616043e-01
1.147388964889999863e-01,2.088444587607550806e-01
1.390763670209999858e-01,2.029430497918695842e-01
1.773481071000000131e-01,2.755221690958199465e-01
1.872349977490000150e-01,2.484921937016374704e-01
1.716542839999999903e-01,2.206832543693691695e-01
1.901565045120000019e-01,1.135643340182052596e-01
2.085365056989999799e-01,2.643977366571826915e-01
2.105930447580000031e-01,1.787600078333741460e-01
2.011387944220000001e-01,1.920272231672374708e-01
1.981692165139999906e-01,1.488262842357994387e-01
1.862777769570000130e-01,1.965375892866569885e-01
2.313299924139999852e-01,1.563044530767970508e-01
2.665236890320000218e-01,2.630725727416006188e-01
2.672828137869999732e-01,4.484760697001725915e-02
2.530894875529999810e-01,1.729779966734284746e-01
2.939947843549999829e-01,1.730943549803313775e-01
2.766048014160000235e-01,2.313179768903725619e-01
2.432340085509999972e-01,8.778693496166480037e-02
2.223459333180000108e-01,1.286998089546383950e-01
2.186183035370000138e-01,2.422952730230729101e-01
2.029476463789999796e-01,1.760202979627552844e-01
1.907453686000000204e-01,1.378852253158975305e-01
1.951031982900000294e-01,1.906910990420753738e-01
2.226422727109999833e-01,2.014233271762576050e-01
2.252217978240000085e-01,2.205927366932988465e-01
2.214518934490000146e-01,1.064224652229278367e-01
2.066775113340000025e-01,1.613294331819886407e-01
2.097374200819999979e-01,1.074831772614099207e-01
2.612883150579999869e-01,2.050991008186742737e-01
2.342368513349999681e-01,2.662752464307193700e-01
2.237651944159999851e-01,6.740562243647730753e-03
2.170636057850000022e-01,2.017407941802537852e-01
2.301114946599999433e-01,2.314511393644239079e-01
2.086910158400000215e-01,1.523155073421026962e-01
2.047397941349999584e-01,9.335247735950383263e-02
2.222295254470000037e-01,2.233052383820045284e-01
2.279004752640000075e-01,1.738951736782026192e-01
2.129457294940000078e-01,2.277941851907969162e-01
1.926552951340000375e-01,1.467501841431671505e-01
1.835393011569999844e-01,1.243220077190928391e-01
1.722192019220000203e-01,1.851826752671603127e-01
1.875299960370000463e-01,1.896987860238932289e-01
1.739563494920000064e-01,2.088493668893285915e-01
1.938352584840000170e-01,1.457366511671562559e-01
1.973450034860000091e-01,2.524859926536855426e-01
1.942632943389999978e-01,1.478214826426993422e-01
2.034828513860000021e-01,1.915797386984551542e-01
1.873460412029999966e-01,2.347398554363724354e-01
2.008862048390000210e-01,1.124219298364326214e-01
1.905569285150000014e-01,2.454785474689527291e-01
1.927679926160000001e-01,1.869918039741433613e-01
1.832018047569999863e-01,2.106833765700680261e-01
2.027056962250000094e-01,1.565645572446129896e-01
1.902956068519999766e-01,2.136103722389917636e-01
1.815531253809999912e-01,1.734042849507426987e-01
1.891089975829999548e-01,2.246537698843661113e-01
1.840091049670000145e-01,1.997971382790835193e-01
1.819614022970000022e-01,1.582182054670463189e-01
1.854998767380000024e-01,1.767863208335590519e-01
2.226949036120000058e-01,2.052499619320674873e-01
2.071253955359999843e-01,2.300920690216152198e-01
2.009170949460000188e-01,9.353299380735273505e-02
1.885115951299999870e-01,2.033539245206786028e-01
1.943915784359999954e-01,1.514531405131274433e-01
1.774574071170000045e-01,2.261716885751869077e-01
1.960569024089999779e-01,1.445259503388544309e-01
1.895107030869999931e-01,2.871493118795832022e-01
2.074400931600000053e-01,1.582041438233010855e-01
2.042641043660000100e-01,2.352948076778870745e-01
2.000678032640000048e-01,1.594401658345067085e-01
1.733694821599999769e-01,2.077956868729760043e-01
1.849348992109999812e-01,1.726731831478163504e-01
1.688267737630000098e-01,2.328725420374303245e-01
1.914010494949999752e-01,1.393466817388045453e-01
1.822085529569999751e-01,2.396207892120722216e-01
2.055577039720000165e-01,1.540796707493650164e-01
2.419840693470000081e-01,2.762536748043682988e-01
2.256706357000000107e-01,1.816383111459201061e-01
2.096177935600000153e-01,1.505679747236341459e-01
1.874290108680000400e-01,1.998317393742936598e-01
1.834661066530000328e-01,2.050165105983784153e-01
1.931275576349999745e-01,1.632834669505948411e-01
1.979932039979999947e-01,2.149030692289120026e-01
1.810770928860000184e-01,1.638955278327963172e-01
4.031366109849999768e-01,1.464403220409899176e-01
4.604647159579999816e-01,6.276568004619721419e-01
5.008617043499999921e-01,-1.780539834791730266e-02
4.378605186940000005e-01,4.776960287785601000e-01
2.561259269710000064e-01,3.424890126766820808e-01
2.273572981360000023e-01,2.193910635647330631e-01
2.201671004300000123e-01,1.833363910484090697e-01
1.984222531320000149e-01,2.295036798935599087e-01
1.943005025389999973e-01,2.302259647331948711e-01
1.805235445499999702e-01,2.574557700376780001e-01
1.998776346449999686e-01,1.386459878670138757e-01
2.088513970380000140e-01,2.684652599655044103e-01
2.052325755359999948e-01,1.640468160220394378e-01
2.000157982109999899e-01,2.102670281941380337e-01
1.864733994009999674e-01,1.886366206169431403e-01
1.736753731969999937e-01,1.726798327803912847e-01
1.885808259249999730e-01,2.035035123915385491e-01
1.996680051089999852e-01,2.421855166745935095e-01
2.059511989359999740e-01,1.715330695366638625e-01
1.754488945010000134e-01,2.114688769969336191e-01
2.038332223890000072e-01,1.098784704612964652e-01
2.094203978779999864e-01,2.842375259315234604e-01
1.958734989169999829e-01,1.515101064464220160e-01
1.724482625719999940e-01,1.581141793691354658e-01
1.776420623059999926e-01,1.529593756728225284e-01
1.713635921480000102e-01,2.240290914949111811e-01
1.787484437230000278e-01,1.563156335939910324e-01
1.702087521550000038e-01,2.343989372193698850e-01
1.913181245330000113e-01,1.717439304717313375e-01
1.938814073799999815e-01,2.390015645633690455e-01
2.021497935060000140e-01,1.688393490380651896e-01
1.973596364259999902e-01,2.241164569706403098e-01
1.818598955869999978e-01,1.608535862465291233e-01
1.518772840500000054e-01,1.449138451490304402e-01
1.797889769079999700e-01,1.644630004872562057e-01
1.766516566280000311e-01,3.033269350559479327e-01
2.190984636549999920e-01,1.710923075240329272e-01
2.368807047610000382e-01,3.524504049713949594e-01
2.723162174219999621e-01,1.646161300067517652e-01
2.842651307580000286e-01,2.266296958667478045e-01
3.610217571259999314e-01,-1.777616956591903524e-02
3.393641114230000477e-01,3.051221548178236764e-01
2.713941931720000311e-01,-7.448181292418498689e-02
2.359429746869999844e-01,7.150614503721050563e-02
1.764906942839999937e-01,2.856473350574038617e-01
1.933852136140000177e-01,1.859841911024552596e-01
2.070471495389999417e-01,2.616225964569257045e-01
2.076206952330000022e-01,2.003000935902201352e-01
2.084009945389999896e-01,1.408751310148466107e-01
2.094228416680000149e-01,1.719593743718436374e-01
1.959958970549999790e-01,2.112325195263231037e-01
2.029076218609999760e-01,1.551215840250315392e-01
1.715861856940000263e-01,2.670198250327666112e-01
1.853289008139999972e-01,1.509859412802659340e-01
1.865625381469999955e-01,2.447612010491648504e-01
1.824795007709999750e-01,1.789361721119751281e-01
1.865475177760000103e-01,1.839706687217134151e-01
1.910450011489999711e-01,2.169940243824513837e-01
1.947984993460000203e-01,1.704606151554289295e-01
1.942836940290000036e-01,2.085367158376471297e-01
1.823579072949999824e-01,1.728304743874168881e-01
1.863520592450000068e-01,1.598988840564474490e-01
2.122309356929999724e-01,2.462573933748052057e-01
2.061766982079999977e-01,2.283198920331786230e-01
2.002694308759999930e-01,1.854365603868330103e-01
2.036442905660000025e-01,2.026548207002146773e-01
2.041575908660000216e-01,2.069506190974385318e-01
2.072980999949999847e-01,1.541701203494471872e-01
1.624802798030000051e-01,2.069199509137883697e-01
2.047239691019999974e-01,1.039718181151221416e-01
1.887350976469999997e-01,3.355724602220713781e-01
1.948221027850000064e-01,8.129228646830419236e-02
1.866550594570000055e-01,2.654355178899798218e-01
2.063589692120000041e-01,1.903718074065982035e-01
1.990336924790000184e-01,2.311074101453261531e-01
1.980886012320000056e-01,1.365626960366508325e-01
2.041638940570000005e-01,2.096020967263058365e-01
1.967703551049999888e-01,1.708816373170377045e-01
1.815092116589999971e-01,1.239038004938977644e-01
1.704124957319999856e-01,1.683381404618977950e-01
1.662842035290000020e-01,2.031585163647861569e-01
1.620960831640000099e-01,1.884642218262438385e-01
2.050786018369999963e-01,1.928462344499103920e-01
2.152855992319999967e-01,3.010986855544619534e-01
2.119203954940000467e-01,1.018051558961426406e-01
2.017627954479999930e-01,1.881181478246639061e-01
1.966343224050000060e-01,2.328989677206538267e-01
1.994546651839999851e-01,2.044019600488533317e-01
1.848202943799999998e-01,1.694424206669888633e-01
1.885830014939999799e-01,1.249656893650380046e-01
1.749152988199999814e-01,2.370276563783069168e-01
1.777306050059999920e-01,1.393694730925543468e-01
1.724444031720000214e-01,2.074405594321565849e-01
1.696542352440000012e-01,1.792647722726205817e-01
1.860917955640000176e-01,2.080337085056464530e-01
1.783816069359999701e-01,2.184575758589312189e-01
1.954015940430000042e-01,1.569649633875533912e-01
1.979020982979999843e-01,2.445581741256285246e-01
1.943283975120000118e-01,1.371332897770989045e-01
1.862878054379999981e-01,1.805507656740121258e-01
1.807115972040000129e-01,1.550738395841273765e-01
1.901234537359999810e-01,1.993834262937441149e-01
1.879478991030000268e-01,2.270573555496656626e-01
1.885761320589999790e-01,1.634774586942023822e-01
1.930653005840000103e-01,2.025767085957380642e-01
1.887152642009999881e-01,1.608247815678353343e-01
2.012016028170000026e-01,1.928824512783778033e-01
2.029483020310000330e-01,2.298381528087165282e-01
1.880519986150000211e-01,1.641543135014113530e-01
1.938583850860000068e-01,1.936621996238952481e-01
1.818363368510000078e-01,2.712116006732243623e-01
1.934503465890000384e-01,1.277076969367104409e-01
1.825065016750000157e-01,2.490376683100962163e-01
1.718572974210000048e-01,1.519776551921701302e-01
1.888858973980000189e-01,1.947879695400351052e-01
1.934519559140000233e-01,2.324680864976395867e-01
2.148046046500000361e-01,1.865898604654801507e-01
1.987380981450000417e-01,2.172754904582404056e-01
2.087343037130000023e-01,1.274382134765629782e-01
1.829220354560000261e-01,2.590075096298797841e-01
1.861628442999999911e-01,1.267064507322444855e-01
1.987580806019999813e-01,2.067558239257243913e-01
2.008325010539999955e-01,2.443565782746568438e-01
1.991298943760000106e-01,1.537654674124586673e-01
1.789479851720000014e-01,2.055088569894140682e-01
1.960126012559999797e-01,1.349029037930312702e-01
1.769941002129999941e-01,2.464162369921365225e-01
1.811666339639999845e-01,8.720592804189783442e-02
2.170765548939999900e-01,2.387494471697438059e-01
2.228865027430000090e-01,2.021062871659884408e-01
1.981754004959999926e-01,2.157066078043279322e-01
1.650676876309999930e-01,1.569713140631314452e-01
1.990987807510000429e-01,1.708494757953480658e-01
1.952784955500000141e-01,2.555507897288526453e-01
1.885309964419999984e-01,1.504305679402819507e-01
1.826629936699999956e-01,1.866445418102837817e-01
2.290190458300000176e-01,1.570542481776731059e-01
2.735207974910000006e-01,2.887421228294162479e-01
2.842034697529999820e-01,1.300354231112923198e-01
2.687470018859999810e-01,2.879638066698191334e-01
2.419617027039999979e-01,2.466922688530151786e-01
2.585682272909999857e-01,1.662879796249476794e-01
2.487231940029999977e-01,3.058207168366222084e-01
2.237731963400000357e-01,1.153235915521045180e-01
2.095130234959999838e-01,1.899261144712363625e-01
1.998770385979999897e-01,2.603225823316338006e-01
2.012569010259999958e-01,2.398932541550063691e-01
2.061658948660000101e-01,1.441566369261950142e-01
1.921332776550000176e-01,1.974897739244376171e-01
1.658605039119999958e-01,1.452916695588803708e-01
1.724504977459999921e-01,1.533008487710298962e-01
1.866747587920000173e-01,2.221237396154298327e-01
1.559437066319999954e-01,2.203330924489657894e-01
1.450039297340000033e-01,5.086369941584568261e-02
1.372807174919999929e-01,2.208270558007621731e-01
1.404531002040000087e-01,2.351905840208891874e-01
1.343677937979999848e-01,2.482707555983711400e-01
1.512558013200000218e-01,1.899121327447010066e-01
1.571162044999999952e-01,2.666966568471833554e-01
1.624787002799999991e-01,2.285257921467234721e-01
1.773491054770000019e-01,1.852984090198400990e-01
1.815999448299999985e-01,2.467063781982265780e-01
1.852913051839999992e-01,1.825186373050935174e-01
1.884922981259999908e-01,1.592303671997750414e-01
1.918683052059999838e-01,1.846750621929411640e-01
2.261683344839999776e-01,2.254080646922343167e-01
2.014196962120000101e-01,2.121131922664658831e-01
1.973526030779999829e-01,1.169900614943936018e-01
1.941564679150000194e-01,2.262347812267584968e-01
2.078395932910000188e-01,2.058518491323515776e-01
1.838871985670000042e-01,2.091362876365150114e-01
2.030725032089999993e-01,1.019795915158102639e-01
1.920516937969999893e-01,2.904535406727531410e-01
1.887007951740000411e-01,1.228090606687487346e-01
1.887437999249999832e-01,1.933443815130008459e-01
1.873788982629999988e-01,2.188450209729048690e-01
1.891151070590000038e-01,1.302971600825495180e-01
1.895716041330000323e-01,2.023899486510777057e-01
1.892361938949999878e-01,1.711382798657465620e-01
1.986678987739999847e-01,1.758210016017949517e-01
2.600212097169999903e-01,1.825979583070478085e-01
2.536996603009999962e-01,2.806260332856665984e-01
2.486595213409999727e-01,4.257354852303083664e-02
2.238901853559999988e-01,2.300818003108072163e-01
1.916601955889999931e-01,2.395239864248998873e-01
1.912304460999999789e-01,1.817529244474022920e-01
2.217618972060000082e-01,1.943748043897792765e-01
2.349424958230000027e-01,2.433312287448613498e-01
2.342955172060000035e-01,1.128675160371950120e-01
2.245461940769999942e-01,1.771665024037118452e-01
2.107733041050000034e-01,1.092730725630169375e-01
2.195045053959999715e-01,9.186310372912288857e-02
1.867112517360000057e-01,2.432824466186815637e-01
1.782344579700000098e-01,9.742508417872250415e-02
1.810989975930000218e-01,1.890097867909526774e-01
1.992904990909999952e-01,1.793022291165409232e-01
2.188781946900000275e-01,2.523438192518492884e-01
3.330821096900000167e-01,1.996816102175625607e-01
2.986789345740000212e-01,3.748240118552913502e-01
3.000943064689999829e-01,-2.045972722880655403e-01
2.386572659019999820e-01,2.679142050251209217e-01
2.014694958929999502e-01,1.278227047039091346e-01
2.121156007049999903e-01,2.229128469516660493e-01
2.050123065709999748e-01,1.844378303824887322e-01
1.987702995540000239e-01,1.329506455953847754e-01
1.788948029280000296e-01,1.672081203622434453e-01
2.083670347930000055e-01,1.735139543730169764e-01
2.080235034229999946e-01,2.955032472829721701e-01
1.859974563120000146e-01,1.404923436403453241e-01
2.174742072819999816e-01,9.721852815717864360e-02
2.246447950599999854e-01,3.067529482755718129e-01
2.117234021429999780e-01,1.028272623439962785e-01
2.041544467209999714e-01,1.397999953622459657e-01
2.146971523759999834e-01,2.447962477944698456e-01
2.150782048699999838e-01,1.930523077106907348e-01
2.338068932289999735e-01,9.669318662023054789e-02
3.202091157440000169e-01,2.304739847465785696e-01
3.246116042139999824e-01,2.744619191759323229e-01
3.107064068320000150e-01,-5.010244505770913154e-02
3.095698356630000037e-01,6.973231868231265229e-02
2.792485058309999713e-01,2.627269422926551967e-01
2.426900416609999722e-01,8.505377671718092336e-02
2.526278495789999745e-01,-2.994824758915657845e-03
2.839281857009999799e-01,1.849582543897809184e-01
2.947731912139999744e-01,1.814814797920291656e-01
2.706804275510000246e-01,9.904178764027474213e-02
2.213104963300000227e-01,-7.537892647957470695e-03
2.309004068370000273e-01,7.647756711829137299e-02
2.387782931329999747e-01,2.823101392209492189e-01
2.419604510069999770e-01,1.604976900962327147e-01
2.565485239029999809e-01,1.344181822978534890e-01
2.649432718749999971e-01,6.337166258651363848e-02
2.552419006819999781e-01,2.397546686586195519e-01
2.503576874729999679e-01,6.717922263972921082e-02
2.851879894730000031e-01,1.835345016417124775e-01
3.117785453800000495e-01,2.999103094793984514e-01
2.945955097679999746e-01,8.065430640658562134e-02
3.066652119159999912e-01,-7.295085359154225568e-02
2.395841330290000293e-01,2.496809664274848295e-01
1.883951872589999799e-01,1.806580172179462346e-02
1.851434856649999960e-01,2.040710822501321242e-01
2.226487994190000097e-01,1.972274144189801737e-01
2.192545831199999851e-01,2.288825328730028363e-01
2.097330987449999851e-01,8.075726294362813029e-02
1.943479031319999828e-01,2.017425965673150801e-01
1.941306889060000207e-01,2.069046355850212848e-01
2.030006051060000150e-01,2.262377899476025744e-01
1.910956948999999738e-01,1.916268843958003898e-01
1.403214633459999860e-01,1.805733738605707350e-01
1.376174986360000074e-01,1.081605798797544982e-01
1.550265699630000160e-01,2.364210677202293331e-01
2.001304924489999970e-01,2.496589534661752818e-01
1.929156184199999624e-01,2.697157943040288663e-01
1.806230992080000430e-01,1.249168943730579462e-01
1.619705408809999914e-01,1.678355444011051800e-01
1.889210045340000144e-01,1.890418258678500385e-01
1.788192987439999881e-01,2.480712558866237649e-01
1.769654452799999944e-01,1.481635813182728134e-01
1.813704073430000008e-01,1.819250181942768385e-01
2.045527994630000068e-01,2.252193535533119073e-01
2.115447074170000163e-01,2.437573094410836749e-01
2.114014774559999921e-01,1.438754928025564594e-01
1.859614849089999966e-01,2.262797249109375908e-01
1.966694146390000064e-01,1.794038930749848881e-01
1.941680759189999828e-01,2.285377765507692616e-01
1.857832968239999938e-01,1.588860931224835016e-01
