9.743152856830000763e-01,7.553388912277956280e-01
5.654720067979999154e-01,8.450108647469448675e-01
7.307389974590000614e-01,6.914461926576808137e-01
1.074290990829999792e+00,6.651537632741839623e-01
9.521890282630000035e-01,8.551754108211118144e-01
9.879170060160000766e-01,8.891720181888954633e-01
1.011654973029999960e+00,8.882469359035450873e-01
0.000000000000000000e+00,9.093012681991748947e-01
7.643579840659999736e-01,2.497894618507784728e-02
7.788103222849999119e-01,6.468115367076362476e-01
3.306220054629999794e+00,7.397781572529061878e-01
1.055441975589999970e+00,2.214277911227246154e+00
7.543110251430000801e-01,1.934307730459114527e+00
7.915459871289999283e-01,1.346644792955135284e+00
1.409499049189999909e+00,1.232882075939730537e+00
8.875439763070001042e-01,1.118765675779659574e+00
6.401469707490000660e-01,1.057444308331877636e+00
5.082880258560000808e-01,8.226415088221787908e-01
8.640019893649999450e-01,6.314085261779873726e-01
5.725920200349999822e-01,6.796427280764008039e-01
8.469420075419999971e-01,6.299871616416615749e-01
9.181020259860001032e-01,6.958217864634191896e-01
7.976629734039999420e-01,8.137733489361284045e-01
9.608020186419998776e-01,7.804211260697258012e-01
9.555831551549999192e-01,8.328432584032431363e-01
3.470349907879999862e-01,8.647983931596101570e-01
9.546210169789999256e-01,5.836746448673727494e-01
1.293938040730000072e+00,7.147876907278907233e-01
5.251880288119999962e-01,1.032565003221821431e+00
4.773890078070000542e-01,7.771691606112034467e-01
1.275226235389999907e+00,5.576028870473238586e-01
8.723750114439999814e-01,8.718552435623780905e-01
8.355640172959999390e-01,9.039171276133447508e-01
7.321749925609999377e-01,7.975576778067727801e-01
7.640249729160000225e-01,7.146493545342383902e-01
4.072830080990000323e-01,7.156622564533866582e-01
4.752210080619999610e-01,5.700737581956870637e-01
8.781340122220000488e-01,4.970032545322103368e-01
7.414129972460000717e-01,6.647159542318922254e-01
1.258002042770000051e+00,7.773683039442846887e-01
1.069700956339999953e+00,9.501123068816000883e-01
7.274609804150000691e-01,9.922466326299177464e-01
7.892770171170000459e-01,7.756284084040805382e-01
6.237750053410000550e-01,7.343475850019237638e-01
6.914690136910000007e-01,6.709140124904282576e-01
8.557710051540000640e-01,6.494932511074266168e-01
7.093830108640000187e-01,7.839208716559270540e-01
1.014547944070000041e+00,7.297754049487662487e-01
1.115731000900000103e+00,8.385122868721410772e-01
4.182830154900000208e-01,9.830792319090077003e-01
1.002280950550000105e+00,6.882900261261916119e-01
1.218860983849999968e+00,7.990959982830848629e-01
1.143296003339999922e+00,9.749072956382868194e-01
6.528189778330000248e-01,1.018209419658954618e+00
6.746559739110000731e-01,8.063747564614083263e-01
6.009536385540000802e-01,6.876875645182527474e-01
6.694570183749999348e-01,6.004536817992836006e-01
6.538079977039999990e-01,6.776909749734741917e-01
7.814120054240000224e-01,6.742628309909286521e-01
1.206303954120000022e+00,6.959312322223929481e-01
8.469259738919999725e-01,9.262642443477063781e-01
8.286409974099999687e-01,8.897408089686431598e-01
6.482390165329999787e-01,7.966777979446562075e-01
5.623700022700000023e-01,6.653234554279606749e-01
7.183309793469999649e-01,5.794827691922240787e-01
1.099647998810000082e+00,6.277516596422195727e-01
9.541710019110001273e-01,8.971617363717770965e-01
7.290139794350000146e-01,9.528669651718632005e-01
6.694499850270000385e-01,8.403392131772107199e-01
8.631219863889999511e-01,6.583947258953259940e-01
6.464660167689999515e-01,7.791728166025714275e-01
8.223180174830000411e-01,7.083986476869780224e-01
9.235979914669999458e-01,7.098005828916665871e-01
8.300920128820000743e-01,8.163462524889510963e-01
1.067314028740000031e+00,8.357920591834769874e-01
1.546175003050000107e+00,9.016082587777148882e-01
6.827279925350000500e-01,1.211273135920845290e+00
6.385620236399999206e-01,9.592519758256538021e-01
6.464239954950000699e-01,7.364607087914615269e-01
6.881093978879999629e-01,6.829056724965825165e-01
7.273989915849999877e-01,6.329556838024702481e-01
6.500350236890000133e-01,6.899679928918607263e-01
8.693690299990000092e-01,6.603114952402100446e-01
4.408580064769999640e-01,7.261735022433001285e-01
4.518609941010000020e-01,6.085674698616070355e-01
7.575070261959999662e-01,4.989562923319709187e-01
4.952389895920000229e-01,6.477487014759720774e-01
6.850870251659999521e-01,6.233131832856324550e-01
7.243813276289999825e-01,6.248020096842253901e-01
8.653740286830000628e-01,6.488733832177034921e-01
7.400469779970000328e-01,7.641335540513481961e-01
8.070759773250000269e-01,7.130704440632417151e-01
8.204330205920000729e-01,7.478169713710405286e-01
1.114411950110000049e+00,7.541417911111825134e-01
1.108605027200000093e+00,8.866987028363750856e-01
4.751499891279999943e-01,9.876724749799963288e-01
1.039268016820000140e+00,7.165079850346749435e-01
9.457899928090000019e-01,8.001940518031936955e-01
7.877500057220000462e-01,8.861725807952988143e-01
3.504549860949999762e-01,7.802588720251467658e-01
9.367713332179998797e-01,5.659706707299607675e-01
9.868059754369999936e-01,7.009468956918845084e-01
6.470239758489999549e-01,9.194970956727879230e-01
1.029777050020000084e+00,7.311133729957934868e-01
1.187446951870000156e+00,8.625342926368336771e-01
9.328820109369999614e-01,1.021364441314494220e+00
7.528370022769999004e-01,1.012671721191523710e+00
6.420040130619999452e-01,8.403739031354903188e-01
2.307340055699999837e-01,7.263673807351759271e-01
4.714997112749998998e-01,3.699246887154132857e-01
8.772729635240000823e-01,3.993479649835030010e-01
7.876309752460000091e-01,6.681466619915241711e-01
2.742219865320000283e-01,8.469078126843325727e-01
3.992269933219999567e-01,5.212978424230036989e-01
9.923512339589999343e-01,4.569704923133012797e-01
7.627239823340000724e-01,6.998408269628534351e-01
7.200859785079999353e-01,8.287498235741931341e-01
6.264780163759999798e-01,7.474908496837903149e-01
7.269890308380000388e-01,6.476937838291357830e-01
9.301019906999999920e-01,6.688048935091250868e-01
6.872699856759999504e-01,7.784681912126369951e-01
8.662552833559999943e-01,7.171139933637553643e-01
8.352038264269999734e-01,7.418398799163394841e-01
9.402499794959999768e-01,7.745669811072216637e-01
1.023357987399999836e+00,8.776895561679223245e-01
7.322629690170000538e-01,9.213104410166206293e-01
9.300749897960000068e-01,7.791018479157993948e-01
8.702930212019999168e-01,7.884125996897841659e-01
5.104020237919999481e-01,8.860312567713557463e-01
1.025817990299999982e+00,6.645739166853492641e-01
4.551239907739999535e-01,7.781887964979439243e-01
7.345349788670000324e-01,6.162839243121396304e-01
7.012919783589999234e-01,6.233593399544512526e-01
1.014386057849999911e+00,6.845736794487337074e-01
1.123770236970000225e+00,8.155629165308823092e-01
4.825370013710000294e-01,9.391542572998070604e-01
4.689320027830000681e-01,6.822416888854604400e-01
8.755196928980000237e-01,5.526170712491761394e-01
1.145424962039999883e+00,7.022003795122635506e-01
1.943787455560000099e+00,9.344081317805551512e-01
1.557039022450000143e+00,1.317458352479009553e+00
2.104775905609999942e+00,1.497273290263465784e+00
1.062240004540000005e+00,1.644023419276049669e+00
7.867829799650000178e-01,1.264892166276839536e+00
2.247971057890000068e+00,7.962812201496388687e-01
5.664669871329999218e-01,1.500836582634495819e+00
8.389729857439999217e-01,1.163395235503873693e+00
3.188189864160000386e-01,9.904465503548831595e-01
6.386680006980000046e-01,6.669826057879900683e-01
7.540266513819999794e-01,5.238053461703152669e-01
1.085826039310000102e+00,6.543142535093708911e-01
6.014299988750000381e-01,8.793997571746261510e-01
6.923220157619999204e-01,7.354831884643993067e-01
8.782439827919999997e-01,6.645256340078843360e-01
1.279224038119999962e+00,7.584377522481439149e-01
7.251669764520000117e-01,9.947532400216428927e-01
4.283109903339999969e-01,8.516988100850091392e-01
7.012249827380000466e-01,5.571240886902709688e-01
8.846225738529999161e-01,5.817958659250604958e-01
7.809653878210001121e-01,7.555950034226425194e-01
9.259700179100002204e-01,7.767183113577145193e-01
9.178640246389998536e-01,8.782197788081674839e-01
9.073020219799998731e-01,8.975382985127453583e-01
4.099450111390000040e-01,8.445483788835760341e-01
8.741459846500000408e-01,5.350716549058903704e-01
1.231343984599999830e+00,6.853203058863593933e-01
7.683960199359999299e-01,9.462149686519957248e-01
9.357339143750000865e-01,8.438353639899500713e-01
7.523270249369999885e-01,7.929992376463748105e-01
6.247839927670000293e-01,7.637978029475933628e-01
1.977947235109999591e+00,6.676443501638130718e-01
2.476479291920000048e+00,1.243678102312325118e+00
6.822599768639999729e-01,2.178045073380094010e+00
1.294077992440000102e+00,1.412684812869761108e+00
2.116506099700000032e+00,1.340607092845781390e+00
2.030230045320000176e+00,1.650233628019549759e+00
1.727593064309999926e+00,1.849681758178890911e+00
1.321619033810000010e+00,1.708296117993904240e+00
1.114274978639999913e+00,1.443240968408236347e+00
1.618482947350000201e+00,1.081450751400825583e+00
1.102354049679999948e+00,1.238568751050595607e+00
8.501269817350000091e-01,1.131833312052825891e+00
6.531813144679999850e-01,9.118458076608114693e-01
6.168276071549999573e-01,7.089476623126117483e-01
1.023204803470000090e+00,6.402097237232509119e-01
1.176781058310000017e+00,7.903261635570152377e-01
1.108754038809999898e+00,1.043438185278399821e+00
9.838110208509999177e-01,1.052350366741749088e+00
1.829927563669999868e+00,9.604039565289702596e-01
1.342131018639999951e+00,1.236084965999822538e+00
1.265669584270000092e+00,1.462899630240850124e+00
7.930377125740000199e-01,1.327332248408371829e+00
1.030689358710000114e+00,1.030982312852378291e+00
8.210232257839999992e-01,9.142917991283586732e-01
1.099169254300000009e+00,8.675419591887224557e-01
5.255355238910000004e-01,9.302239613374909677e-01
7.758393883709999717e-01,7.389222932928624088e-01
7.209759950640000081e-01,7.086601019941594082e-01
8.666771054269999386e-01,6.894287761019971539e-01
8.462041020389999835e-01,7.436556829570226679e-01
7.614132165909999195e-01,7.697806075295461348e-01
6.587246060370000045e-01,7.467926356010121669e-01
1.078659296040000104e+00,6.836842254231383365e-01
1.281940340999999872e+00,8.269864648720410827e-01
6.600005030629999547e-01,1.128315419110212270e+00
1.112500548360000119e+00,9.849053055417208435e-01
6.280704736709999958e-01,1.024132281175645476e+00
6.864575743680000341e-01,8.336100586030119608e-01
9.000409841539999123e-01,6.150018295189041417e-01
7.342569231990000445e-01,7.786007269055569280e-01
1.011121273039999879e+00,7.767102638256744296e-01
8.827599883079999543e-01,8.346186609019337066e-01
7.521411776540001259e-01,8.569132767432846576e-01
9.489411115650000506e-01,7.381167312919162393e-01
6.799052953720000625e-01,8.094000290445704238e-01
7.211565971369999772e-01,7.720541539306244871e-01
6.504104733470000843e-01,6.742135917284111102e-01
7.167106270790000178e-01,7.280492535299729617e-01
9.056316018100001308e-01,7.372624675285792684e-01
6.526464819910000603e-01,7.812409771094173117e-01
7.056654095649999014e-01,7.045189603376234011e-01
6.581057906149999637e-01,6.448193802628833238e-01
6.592794060709999959e-01,6.590563464092981105e-01
6.634064316750000190e-01,6.535654678013641528e-01
7.808002829549999246e-01,6.338209537567074392e-01
7.565907239910000248e-01,7.008753457832579414e-01
9.280405640600000172e-01,7.133931742427135347e-01
7.073829770089999913e-01,8.039734855430161753e-01
3.888399899009999383e-01,7.695607585986778965e-01
3.422417938710000107e-01,5.470593554814145998e-01
2.337300032380000281e-01,4.200364938423785666e-01
1.459127068520000015e-01,2.900781236500564186e-01
3.949534893039999828e-01,2.224088501733359202e-01
9.678409695629999199e-01,3.588240432030471716e-01
7.839220166210000285e-01,6.930287081858174103e-01
8.333759903910000766e-01,8.034996503054967487e-01
9.723259806630000224e-01,7.704954795343789131e-01
6.905210018160000685e-01,8.194276196546425028e-01
1.345324039460000121e+00,7.545928904393321979e-01
7.227010130879999439e-01,1.076505179455901517e+00
6.804850101469999135e-01,9.707381829458955336e-01
7.610610127449999318e-01,7.892975977317590042e-01
8.075709938999999782e-01,6.979847131379558478e-01
5.886639952659999953e-01,7.739709438738359149e-01
9.960750937460000065e-01,6.620662917840286488e-01
1.045413970949999882e+00,7.688487613010718258e-01
4.713059961800000197e-01,9.403426094153837234e-01
1.047140955920000005e+00,7.009701619734239886e-01
1.126214265820000060e+00,7.950399557467384692e-01
2.560461759570000329e+00,9.646997230777423216e-01
7.747610211370000721e-01,2.082130954211949714e+00
7.172060012819999608e-01,1.664840829033284120e+00
8.005080223080000001e-01,1.276371787845155259e+00
5.680390000339999856e-01,1.165615303565622485e+00
1.195780038829999947e+00,6.977643554606703935e-01
7.970449924470000003e-01,9.519911174781672258e-01
4.899359941480000979e-01,9.377710544585031727e-01
9.918130040170001216e-01,6.718366328901856921e-01
7.445690035819999553e-01,7.754934331291766236e-01
6.096370220180000743e-01,7.531817812792843680e-01
8.565919995309999591e-01,6.394060365652028954e-01
8.144299983980000102e-01,7.323525912827558715e-01
7.605929970739999657e-01,7.794143643405552213e-01
9.157519936560000184e-01,7.320069562326807500e-01
7.421634793279999753e-01,8.027445795268184359e-01
7.329360246660000522e-01,7.396938854776093919e-01
8.745691180230000805e-01,7.407627095804816264e-01
9.644910097120000803e-01,7.618515228274304052e-01
1.477671980859999845e+00,8.591619013707467722e-01
6.752679944040000937e-01,1.375263379825699239e+00
5.030400156970000758e-01,1.126459410685208384e+00
7.066659927370000371e-01,8.130741713878513188e-01
2.968195915220000369e+00,7.238924472579020275e-01
1.255300998690000114e+00,1.749892766430966917e+00
4.084815025330000182e+00,1.605794799166157860e+00
1.692322969440000158e+00,2.465507194263154567e+00
4.121052026750000041e-01,2.010581640052119035e+00
1.035750985149999970e+00,1.045907347420619526e+00
6.408920288089999806e-01,1.071445290869218692e+00
7.065470218660000468e-01,7.446026042294243696e-01
1.060830354689999977e+00,6.290784282374936032e-01
1.880954027180000043e+00,8.192396645712890502e-01
1.886373996729999725e+00,1.335054353931658166e+00
1.328773975370000082e+00,1.548756057405918041e+00
3.931840062139999592e-01,1.344962672927197733e+00
6.382430195809999374e-01,7.805837872138216005e-01
1.045531988140000035e+00,6.600875535622834356e-01
6.588029861449999913e-01,8.053914503504133737e-01
8.046740293499999863e-01,7.706855402878743933e-01
8.740410208700001293e-01,7.328129484081510325e-01
8.532550334930000258e-01,7.716504856430693726e-01
8.952109813689997919e-01,7.968188068776905775e-01
7.301589846610000434e-01,8.161415104917562058e-01
4.149410128589999802e-01,7.730222921882199394e-01
2.700940072540000125e-01,5.427651035203326924e-01
4.911319911480000466e-01,3.380178101860495388e-01
5.079169869420000483e-01,4.481766127494559715e-01
1.224020004270000017e+00,5.164315128176456549e-01
1.267657995220000222e+00,9.787910739907184077e-01
2.633487939829999736e+00,1.145891865158822576e+00
3.999615430829999596e+00,1.917593976004080769e+00
6.651418209080000032e+00,2.880028342016714316e+00
2.102678060530000170e+00,4.777649673454900103e+00
1.283689975739999989e+00,3.612912262458144674e+00
1.291347503659999951e+00,2.984894333311840064e+00
1.353754043579999733e+00,2.581899801293637609e+00
2.390191078189999985e+00,2.114357775510592674e+00
1.461441040039999972e+00,1.854559774310649667e+00
1.599208951000000045e+00,1.668952031395836366e+00
1.471150994300000070e+00,1.520304520108796797e+00
1.298205018039999992e+00,1.378133983355074310e+00
1.579622030259999921e+00,1.257678718881052982e+00
1.360355019570000268e+00,1.323998200718815799e+00
8.036410212519999874e-01,1.287856672498310262e+00
4.276689887049999750e-01,1.090052280452613154e+00
2.694070041180000041e-01,7.358703957798159445e-01
3.897170126439999938e-01,5.133297057909870231e-01
4.179170131680000067e-01,4.099007198835951105e-01
1.546036005019999937e+00,4.537662023740604011e-01
1.017611026760000037e+00,1.001151451288462724e+00
8.653150200839999640e-01,1.060205800728776016e+00
6.194109916690000439e-01,8.794380695569060657e-01
8.454149961469999974e-01,7.466732099638704323e-01
8.048596382139999728e-01,7.409409019057258128e-01
1.435889005660000217e+00,7.718548265353702975e-01
2.565752029420000024e+00,1.042527921296925397e+00
6.206179142000000759e+00,1.690288736324392582e+00
9.309499859810000943e-01,3.899832386046055088e+00
9.077759981159998492e-01,2.322941107146735185e+00
4.609797894950000141e-01,1.841334805814206277e+00
5.264570117000000327e-01,1.375429483580981938e+00
7.942249774930000283e-01,7.482568214661529105e-01
9.704009890560000295e-01,6.417730192309956117e-01
6.695889830590000535e-01,8.068583923414340831e-01
6.997730135920000594e-01,7.088464860072886120e-01
6.903669834139999351e-01,6.587969126557833288e-01
6.361600160600000553e-01,6.739039357328607815e-01
9.726700186730000697e-01,6.511602688281271645e-01
6.393389701839999884e-01,8.276190045667697337e-01
5.123779773709999930e-01,7.496446917216873507e-01
5.699130296709999932e-01,6.108933435909965626e-01
8.318089842800000522e-01,5.616660831461671721e-01
4.694110155110000071e-01,7.261333044071758280e-01
9.054309725759998040e-01,6.051316472089842691e-01
8.482750058169999940e-01,7.452659170809668998e-01
6.566630005839999562e-01,8.258930593707780599e-01
6.324055790899999474e-01,6.913387629502416587e-01
3.268550038340000130e-01,5.974864011198399716e-01
3.047409951689999952e-01,4.668766452505550557e-01
2.159480005499999911e-01,3.744070095352805549e-01
2.148479968310000043e-01,2.792875277976545889e-01
1.512310057880000003e-01,2.780328342209152370e-01
4.153338372709999837e-01,2.364777870686012584e-01
7.344200015070000420e-01,3.668232117870278142e-01
9.913370013240001555e-01,6.000674866800577156e-01
7.910000085830000138e-01,8.339399946000221053e-01
7.429170012469999973e-01,7.812876350973919637e-01
7.426548600200000294e-01,7.122941729220944040e-01
8.799139857289999256e-01,6.988745786234618063e-01
7.376829981800000491e-01,7.803551748429786716e-01
1.240342974660000097e+00,7.607905776419958688e-01
8.343409895899999151e-01,9.691153507809147083e-01
3.054729998110000122e-01,9.367846292496122551e-01
8.929460048680000206e-01,5.461024355711340261e-01
1.285866022110000007e+00,6.692957671508719120e-01
4.146400094030000538e-01,1.003593759580883704e+00
1.090137004850000091e+00,7.771424234235272399e-01
5.923830270769999684e-01,9.004601168773764819e-01
3.773260116580000045e-01,7.637166937554459301e-01
2.693597316740000469e+00,4.501991490108356309e-01
2.288666009900000020e+00,1.482326889382526325e+00
8.955270051960000366e-01,2.239556259288503437e+00
8.070570230480000884e-01,1.649287484818648952e+00
1.194862961769999954e+00,1.272569277451548242e+00
8.929409980770000033e-01,1.199514027678773465e+00
9.776080250740001309e-01,9.456612179830050646e-01
1.832507014270000179e+00,9.351604181842637642e-01
1.403792977329999747e+00,1.315329115038620378e+00
7.223749756810000644e-01,1.366821441830495809e+00
6.599410176280000595e-01,9.611352586529871012e-01
7.407349944109999917e-01,7.274871618306054666e-01
5.553659796709999874e-01,6.655133483608963729e-01
1.236768960949999885e+00,6.110891529018303014e-01
6.214020252229999208e-01,9.188663989860176295e-01
7.108730077739999764e-01,8.244735579963410332e-01
3.064779937269999643e-01,7.046351323582515924e-01
6.473349928859999380e-01,4.864584355419087069e-01
5.458269715310000159e-01,5.177412690575634580e-01
1.024247765539999966e+00,5.935299907656366170e-01
8.176820278170000567e-01,7.589244020679829505e-01
7.440620064740001149e-01,9.290528563561305520e-01
7.367150187490000279e-01,8.334319609465026257e-01
5.768560171130000525e-01,7.694846341949926893e-01
9.152600169180000744e-01,5.753037276159984614e-01
1.137029051779999911e+00,7.823780712137224924e-01
4.960080087179999930e-01,9.395110580437219250e-01
4.941360056399999312e-01,6.700666858861772379e-01
8.834533095360000976e-01,4.623239847962175575e-01
1.271524906160000024e+00,6.695575013236652051e-01
8.864369988439999570e-01,9.504120577625353450e-01
8.988280296330000141e-01,1.002882180449512273e+00
9.049779772759998231e-01,9.089364088093739857e-01
8.299319744109999730e-01,8.813832884615686591e-01
8.756300210950000995e-01,7.653325012504339497e-01
5.502920150760000073e-01,8.006215382082908505e-01
1.073919415470000027e+00,6.397079457812276937e-01
8.491920232770000521e-01,8.012154318186313073e-01
6.393229961399998773e-01,8.860860477317475947e-01
7.995309829709998928e-01,7.092435219574965144e-01
9.646000266079999275e-01,7.023328338841871021e-01
8.413559794430000016e-01,8.542796891945405591e-01
7.011449933050000194e-01,8.520207494143691163e-01
7.240070104600000445e-01,7.430353037844816821e-01
1.010308027270000020e+00,6.663358503339148475e-01
6.538060307499999890e-01,8.259701354302585452e-01
7.932850122450000319e-01,7.323659253850725026e-01
6.538396477699999210e-01,6.991459893369205147e-01
1.160789966579999888e+00,6.519655330139912941e-01
8.085789680480000019e-01,8.688730144819859502e-01
3.743770122530000188e-01,8.556044430108009635e-01
2.556999921800000020e-01,5.478344766901080964e-01
4.893150031570000502e-01,3.404386291033728584e-01
1.151844024660000132e+00,4.286422880993404072e-01
7.372779846189999597e-01,8.412592408764522078e-01
1.088750958439999916e+00,8.197683626402175738e-01
1.975852966309999958e+00,8.596759082033524901e-01
8.547700047490001118e-01,1.423595461890775571e+00
7.977370023729999371e-01,1.240517374003711648e+00
1.052428960799999924e+00,9.664308466500766137e-01
3.179450988770000208e+00,9.734178228202090555e-01
1.797067999840000541e+00,1.981507585864272336e+00
1.056702017779999947e+00,1.882091847608648116e+00
8.751260042189999977e-01,1.322498319972796432e+00
6.645399928090000019e-01,1.037554596126226247e+00
7.571684122089999969e-01,6.835146533705551697e-01
1.368484020229999931e+00,6.721924307488552630e-01
9.052469730380000579e-01,1.033408352481280490e+00
1.032060980800000083e+00,1.071089365602245547e+00
6.141330003739999821e-01,1.008800581574640143e+00
9.733130335809999645e-01,7.988139069868918085e-01
6.452289819719999597e-01,7.451750018545094667e-01
4.894390106200000035e-01,6.967483010981097014e-01
8.408679962160000576e-01,5.423987475454972174e-01
7.771940231319999226e-01,6.780383865375585462e-01
6.755350232119999854e-01,7.254161783473467295e-01
6.592059731480000018e-01,6.834609437300909196e-01
1.084153056139999904e+00,6.336696758151524334e-01
9.314100146290000826e-01,8.415991423236696134e-01
1.359479665760000122e+00,8.821977691765117147e-01
7.633988261220000515e-01,1.066977078908186938e+00
5.357339978220000409e-01,9.378210293207258630e-01
6.781889796259998882e-01,6.741796664312700305e-01
7.839810252189999273e-01,6.263109836403025765e-01
1.169367671010000054e+00,6.782791668915841843e-01
1.015287995340000027e+00,8.839789730214621111e-01
9.259430170060000131e-01,1.074437075499382832e+00
1.319244027140000108e+00,9.671228281255077608e-01
9.717460274700000511e-01,1.110292183222005402e+00
1.176299691200000108e+00,1.034569992475957045e+00
1.714609026910000056e+00,9.840277130472181444e-01
1.307337045669999975e+00,1.342433738950893130e+00
6.186890006069999393e-01,1.314783936136391773e+00
2.298435926440000276e+00,8.854010303097528123e-01
1.808241009709999680e+00,1.654111540037669581e+00
8.794149756429999742e-01,1.825273894181359990e+00
1.570945024490000064e+00,1.278308159554490731e+00
1.578516006470000121e+00,1.229290323167949284e+00
6.200309991839999535e-01,1.343256942969851098e+00
9.928810000419999726e-01,9.433775127629603352e-01
4.551869928839999968e-01,8.842038512626947400e-01
1.017398953439999865e+00,6.224598728273001980e-01
8.378469943999999892e-01,7.413823741257018485e-01
4.884769916529999589e-01,8.278279378677174671e-01
1.246340990070000210e+00,5.983277849066386267e-01
1.209630966189999990e+00,9.100401358821507136e-01
1.252451062200000020e+00,1.070814085652902481e+00
1.519726991650000025e+00,1.075237938262225468e+00
1.063797950739999942e+00,1.206197523594414012e+00
1.571495056150000069e+00,1.063858339957121979e+00
1.278105020519999968e+00,1.241079610365366737e+00
1.192077994349999948e+00,1.253627610567436212e+00
8.304439187050000060e-01,1.138440736817969867e+00
1.402015686039999931e+00,8.826811868208638279e-01
1.156504034999999986e+00,1.085357451889484182e+00
1.162554860120000200e+00,1.185798149840752380e+00
6.007519960399999581e-01,1.138001638824632122e+00
1.253835797310000055e+00,8.182040962705937615e-01
1.791844010349999960e+00,9.367260573511022592e-01
1.734062552449999961e+00,1.427219018503294024e+00
4.939970970150000085e+00,1.525044717436532693e+00
2.394351005549999911e+00,3.268780735262909243e+00
2.212575912479999740e+00,3.011106678914598600e+00
1.886527061460000265e+00,2.800432680647771289e+00
9.343829751010001017e-01,2.393576982672130260e+00
9.099829792979999832e-01,1.283097460541841706e+00
8.112999796870000724e-01,8.506487763474089858e-01
1.049708962440000004e+00,8.609961681072705320e-01
1.351788043980000076e+00,9.266950984499402466e-01
1.277305960659999906e+00,1.116392234702060060e+00
7.854449748989998925e-01,1.224225497311903776e+00
4.846229851250000165e-01,9.730390968368038962e-01
6.676359772680000582e-01,6.729899297638509692e-01
8.322510123249999836e-01,6.100050326115438182e-01
5.959370136259999340e-01,7.171306275651810891e-01
3.410890102390000123e-01,6.520073311504049896e-01
6.860110163689999707e-01,4.673784530633721679e-01
8.153510093690000682e-01,5.849663879468391947e-01
3.985430002210000322e-01,7.271611429800421966e-01
6.998159885410000225e-01,5.453698806389458698e-01
4.263690114019999533e-01,5.871210346290200999e-01
6.866139769550000382e-01,5.811934243643847031e-01
1.826770007609999913e-01,6.451673886019195781e-01
7.018824815749999946e-01,3.768845666958091090e-01
1.796682000159999681e+00,5.130146093910484817e-01
7.204269766809999753e-01,1.522711050890513729e+00
4.680640101429999755e-01,1.366027361279920971e+00
6.408870220180000743e-01,9.489931538136410216e-01
7.520520091060001189e-01,8.886884044991075760e-01
1.001817584040000098e+00,6.542427351585047290e-01
1.660804033279999814e+00,7.950950028287895321e-01
1.450595021250000061e+00,1.236296976805262293e+00
1.085010051729999869e+00,1.273339349061858750e+00
1.099555015560000015e+00,1.100717680845511248e+00
7.694180011750000325e-01,1.019966196702083661e+00
1.254430413249999932e+00,8.631995147064138729e-01
1.496320962910000052e+00,9.768674326946873432e-01
7.186369895940000196e-01,1.266444061439093050e+00
8.902019858359999649e-01,1.033756643214386761e+00
9.891759753229998342e-01,9.282777892826461485e-01
2.849014520649999938e+00,8.975039771661241783e-01
4.281075000759999583e+00,1.775574317437713434e+00
1.248739004139999942e+00,3.145257649779607423e+00
7.096589803699999699e-01,2.000672535056121859e+00
7.497439980509998936e-01,1.251915648599114306e+00
8.907449841500001408e-01,1.006413721878707479e+00
1.469527959819999952e+00,7.493770340462367896e-01
1.608888030049999918e+00,1.074676871670636524e+00
1.043460965159999976e+00,1.737581712326157213e+00
1.184751033780000018e+00,1.504547295431419407e+00
5.063725113870000127e-01,1.423025994160186825e+00
6.946156024930000283e-01,9.133789983169539051e-01
9.299110174179999744e-01,5.820464012739153814e-01
7.754629850390000190e-01,7.975981120383335288e-01
8.564696311949999696e-01,7.790273861755413476e-01
9.269009828569999554e-01,7.811665171405772767e-01
7.506660223010001021e-01,8.996934163663573569e-01
9.248849749570000611e-01,8.210844373415707720e-01
1.070162653919999984e+00,8.777511976268422833e-01
8.752880096439998869e-01,9.790856016380418136e-01
7.511039972310000756e-01,9.906550014803723325e-01
8.627579808239999037e-01,8.858214769262248156e-01
5.096570253369999692e-01,8.512209198509400609e-01
8.495249748229999343e-01,6.675189398739262980e-01
6.711369752879999817e-01,7.039907821644870722e-01
6.132180094720000030e-01,7.244989106800328038e-01
3.810549974440000098e-01,7.124374034045513060e-01
8.710420131680000067e-01,5.353905384550790014e-01
6.540319919589999698e-01,6.839494427391765718e-01
9.089673757550000843e-01,7.122850898857221447e-01
9.709029793739999414e-01,7.742464410153502286e-01
9.856920242309999969e-01,9.249089780648747094e-01
1.356256246570000101e+00,9.718676182811782915e-01
1.309872984889999925e+00,1.153099435572916498e+00
6.344919800760000506e-01,1.283868240051427634e+00
5.933508276940000492e-01,9.705676626485919556e-01
8.796380162239999523e-01,7.664964725967250425e-01
1.131836414339999930e+00,7.682764457462331054e-01
1.841274023059999987e+00,9.349457359849405735e-01
2.261745929719999992e+00,1.383328398146747240e+00
2.597975969309999744e+00,1.764656472041010726e+00
2.399192094800000064e+00,1.995021289929176378e+00
1.982298016549999931e+00,2.029060319943325030e+00
2.269547939300000206e+00,1.827967561724195722e+00
2.017889976500000238e+00,1.831873594534494165e+00
1.452262043950000026e+00,1.882342774624890192e+00
1.342797994609999934e+00,1.708510750559947722e+00
1.311915040020000145e+00,1.525044579699260217e+00
1.276762008670000226e+00,1.388467689644393488e+00
1.275267004970000118e+00,1.210179977779449967e+00
1.210446000100000141e+00,1.184246026328959367e+00
8.153480291369999966e-01,1.119364165529319610e+00
7.271119952200000291e-01,9.525498598878967549e-01
6.043019890790000126e-01,8.025962284195685692e-01
9.830358624459998307e-01,6.565272157726044222e-01
1.101529002189999940e+00,8.191963354532746378e-01
1.183724999429999869e+00,1.061266930135461806e+00
4.356400072569999726e-01,1.092654520640231608e+00
3.270040154459999959e-01,7.180916181248584440e-01
8.039849996569999879e-01,3.854291467234149948e-01
4.216859936710000145e-01,6.418731710603061691e-01
5.734559893609999515e-01,5.573908504501541294e-01
3.959457874300000291e-01,5.151303587377625837e-01
4.163750112060000119e-01,4.669280451568212920e-01
5.603970289230000290e-01,4.559387536145801390e-01
7.749050259590000156e-01,5.189758548382938930e-01
6.370840072629999629e-01,6.730218938822120078e-01
3.839260041709999793e-01,6.639278118589786448e-01
5.648739933969999516e-01,4.992490028053155893e-01
1.054715037350000051e+00,5.378342358608371176e-01
6.537709832190000681e-01,7.948287744271479438e-01
5.931029915809999942e-01,7.643025828188644288e-01
1.022608995439999946e+00,6.241545906697721913e-01
8.359869718549999273e-01,8.190385512302322812e-01
6.375340223309999832e-01,8.248254199506663831e-01
9.755985140800000899e-01,6.757072329689447487e-01
4.898079931740000337e-01,7.853494402764835680e-01
1.098647952079999879e+00,6.758186584645085038e-01
1.151165962220000116e+00,8.218233030417282370e-01
8.061249852179999120e-01,1.001471820529061363e+00
4.744769930840000427e-01,8.620556625139692564e-01
7.896029949189999897e-01,5.905080121633557999e-01
4.762530028820000094e-01,6.462722888828138501e-01
5.455229878430000179e-01,6.049418026514823410e-01
6.212809681889999158e-01,5.449635142233786311e-01
7.707700133319999036e-01,5.813491455963976096e-01
9.337069988249999675e-01,6.895810390777299403e-01
8.110550045970000843e-01,8.395611192946016432e-01
6.005529761310000048e-01,8.732745828323870141e-01
1.002521038060000036e+00,6.988266625132646404e-01
8.921650052070000392e-01,7.964589609486212307e-01
9.160850048069999474e-01,8.790984014779765765e-01
7.413420081139999729e-01,8.462073821532170026e-01
9.283249974250000758e-01,7.408413372271661634e-01
6.429409980770000033e-01,7.873758363000707972e-01
9.950090050700001187e-01,7.665579324752079815e-01
6.271365880970000140e-01,8.257944650692613520e-01
1.038689017300000073e+00,7.445212739315841821e-01
6.888009905820000611e-01,8.515000775483588802e-01
5.214130282399999095e-01,7.781664208667358196e-01
6.510270237919999481e-01,5.750816255495849738e-01
1.159701943399999990e+00,6.481116216513546080e-01
6.456400156020000169e-01,9.034873143091397552e-01
1.195862650870000099e+00,8.085840552590766173e-01
1.304703950880000018e+00,9.556165184734145557e-01
8.844429850579998975e-01,1.177266854772466065e+00
7.697709798810000725e-01,1.058711923449592529e+00
7.702100276950000213e-01,8.912083417369761618e-01
6.418280005459999771e-01,8.220684224419277930e-01
8.937159776689999058e-01,6.358349366390750879e-01
5.247250199319999364e-01,7.956085618713309993e-01
5.142210125920000374e-01,6.765789857242804350e-01
7.172748446459999982e-01,5.567368186915141459e-01
6.410769820210000525e-01,6.242662875336787431e-01
4.689820110800000386e-01,7.594785768778168356e-01
1.203750014310000171e+00,6.330616662079494583e-01
7.911959886550000709e-01,9.438498799942841577e-01
1.136301159859999910e+00,9.305094864879468464e-01
8.642929792399999256e-01,9.841298657008452633e-01
8.814030289650001126e-01,1.004610976787399190e+00
5.817409753800000249e-01,9.265251936417032708e-01
8.651199936869999885e-01,7.376029165945802157e-01
9.078124761579998703e-01,6.820518126391678093e-01
7.377740144730000615e-01,8.141313083629883041e-01
1.120375037189999867e+00,7.789944560905247561e-01
9.422479867940000142e-01,8.783774755534955458e-01
1.060060024260000011e+00,8.790627103321898561e-01
7.158420085910000008e-01,9.062866546096954856e-01
4.040209949019999969e-01,7.849538181342538001e-01
2.920779883859999648e-01,5.192849212678096738e-01
6.317924261089999938e-01,3.601330502029404523e-01
1.124665260310000026e+00,5.130809355374205127e-01
1.115690946580000009e+00,8.543440824628900643e-01
1.247418999670000028e+00,1.014631077135642379e+00
6.976169943809999996e-01,1.091792847672947264e+00
3.693974971769999893e+00,8.446917979017767308e-01
8.204839825630000361e-01,2.186801764216569133e+00
8.573070168499999921e-01,1.876292723509221938e+00
6.902359724040000311e-01,1.427862296803159792e+00
8.385969996449998964e-01,1.263372027024899813e+00
1.287726998329999928e+00,9.465386114107063875e-01
9.632229804990000144e-01,9.631590548333668345e-01
1.343299984930000024e+00,1.100807034436599663e+00
7.316169738770000874e-01,1.155653054059912588e+00
6.809219717980000697e-01,9.712271343616106778e-01
7.014784216880000089e-01,6.865864942151791439e-01
6.698030233380000142e-01,6.477723906827714817e-01
1.365643024439999964e+00,6.750878944329514741e-01
9.781420230869999344e-01,1.000046884835672945e+00
6.786789894100000442e-01,1.042651482450970946e+00
5.976330041890000055e-01,8.296752693479176877e-01
8.193774819369999962e-01,6.934127373928002935e-01
7.911109924320000042e-01,7.461345564028215582e-01
1.044147372249999872e+00,8.088381418632850650e-01
1.400015950200000026e+00,9.245955642743924896e-01
8.748620152470000244e-01,1.193603832355033312e+00
6.228179931639999944e-01,1.021043756478277942e+00
7.164059877399998610e-01,7.670413282442711811e-01
6.523500084880000660e-01,6.599192648080287604e-01
9.379299879070001067e-01,6.526547264957399674e-01
5.936999917030000296e-01,7.765367842836417012e-01
5.393440127369999448e-01,7.022981720371047620e-01
9.370089769359999377e-01,5.745877772297778296e-01
8.087720274930000341e-01,7.652704036401012377e-01
5.654280185700000239e-01,8.165029840279663942e-01
6.020820140839999723e-01,6.540048206006264797e-01
1.146679997439999932e+00,5.743606190681229684e-01
9.824249744419998320e-01,8.866537600255274265e-01
5.671510100359999917e-01,9.794691353141690149e-01
7.866399884220000027e-01,7.298435170179100595e-01
7.388439774510000557e-01,6.788973908459733364e-01
6.810299754140000106e-01,7.133055690785309322e-01
7.086979746820000203e-01,6.862516115754784263e-01
6.642330288889999323e-01,6.690088369217788156e-01
5.124790072439999733e-01,6.469592757095549151e-01
6.040380001070000393e-01,5.903012050354000673e-01
6.728799939159999521e-01,6.029974989767282745e-01
8.265414834020000656e-01,6.337505904775867505e-01
4.546860158439999799e-01,7.391224087728294201e-01
5.594509840010000179e-01,6.043186281166436080e-01
1.332218050960000122e-01,5.787226549268565945e-01
1.633069962260000063e-01,3.215287668510252161e-01
1.797860413789999778e-01,2.075421685612235390e-01
5.747918486599999932e-01,2.188441758943295568e-01
8.508148789409999413e-01,4.778541883600591067e-01
8.527640104289999634e-01,6.986215409458371717e-01
1.687628030779999788e+00,7.659016213557842123e-01
2.149522066120000297e+00,1.108644193319969551e+00
8.122850060459999577e-01,1.695831300979509626e+00
1.239639997479999867e+00,1.241810760040296335e+00
2.128437280650000041e+00,1.142707789370261962e+00
2.139239072800000141e+00,1.479476258032005997e+00
9.779880046840000452e-01,1.852129720412137193e+00
6.937779784199998856e-01,1.370838326133570595e+00
7.218790054320000094e-01,9.574394111973237864e-01
7.631160020829999002e-01,7.428484261013340584e-01
8.565329909319999713e-01,7.001606546959419086e-01
1.109338045120000116e+00,7.608082818973218586e-01
6.476340293879999654e-01,9.240629396601242052e-01
9.241870045660001143e-01,7.742453180203210383e-01
7.877320051189998784e-01,8.024248457137522772e-01
1.305567026139999864e+00,8.128135004461953805e-01
9.107710123060001051e-01,1.009850527045899726e+00
8.699640035629999657e-01,9.859147071017078101e-01
5.743020176890000217e-01,8.801199580265771649e-01
8.599532246590000373e-01,6.699707810473795044e-01
4.775849878790000558e-01,7.056528153127186176e-01
1.108017444610000179e+00,6.315496728195595377e-01
1.290724992749999966e+00,8.097435180801112464e-01
8.591579794879999898e-01,1.204132209111477447e+00
3.058980107309999807e-01,1.009752238152299419e+00
9.039019942279998832e-01,5.800579534876061372e-01
6.352750062940000220e-01,6.709390204963130433e-01
1.023422956470000145e+00,6.810432741125751477e-01
6.730669736859999919e-01,7.997854184523204291e-01
8.504790067669999454e-01,7.783036263895612983e-01
5.141969919200000128e-01,7.598192821763123384e-01
1.527956604959999964e+00,6.349206532102493750e-01
4.094385623930000051e+00,9.900585489302931030e-01
9.952359795569999390e-01,2.773189530746319242e+00
8.670449852940000923e-01,2.121793649577292662e+00
1.141056060789999993e+00,1.583547590001770144e+00
1.622257947919999888e+00,1.546848616046428981e+00
1.980204939840000344e+00,1.397903991149971326e+00
1.375547051430000112e+00,1.535517441918027970e+00
1.851865053179999610e+00,1.385221574109225307e+00
1.420923948290000016e+00,1.545193196769387045e+00
1.589177966120000285e+00,1.447975958434301491e+00
1.673199415210000041e+00,1.384343357809976416e+00
2.123934030530000072e+00,1.408155124450603646e+00
1.648401975629999905e+00,1.870755463819317121e+00
1.204741954800000014e+00,1.753679210267248267e+00
7.920839786529999538e-01,1.420310765937644382e+00
1.227027416229999890e+00,1.009179531872030022e+00
1.226951003070000157e+00,9.354377772991144813e-01
1.131343960759999989e+00,1.088863721777526328e+00
1.252465009690000075e+00,1.033234862515555186e+00
1.116891980170000132e+00,1.039147965221783432e+00
1.122387051579999850e+00,1.030716598941421314e+00
1.040153026579999862e+00,9.959524292715143945e-01
8.091310262680000420e-01,9.610046690512056289e-01
7.681059837340000751e-01,8.524202077869637018e-01
7.982919812199998910e-01,7.613762174378800873e-01
7.666722536090000428e-01,7.292559996739539363e-01
1.057360053060000027e+00,7.397609643623395126e-01
8.607699871060000563e-01,8.730977569984925690e-01
1.070777058600000053e+00,8.521238134034899714e-01
5.301510095600000527e-01,8.821438966699531870e-01
6.604189872739999467e-01,6.899534785467918985e-01
9.909179806709998983e-01,6.295289365468866860e-01
3.561530113220000016e-01,8.264357764887513280e-01
9.618239998819998471e-01,6.031128091147220927e-01
1.244829058649999931e+00,7.237113451349523885e-01
8.381230235100001202e-01,9.826106343476764815e-01
9.245989918709999200e-01,9.293312741568002799e-01
8.131660223010001021e-01,8.506024371347030710e-01
1.003061056139999963e+00,7.866365791320391043e-01
8.752340078350000496e-01,8.641411362360091886e-01
7.991399765009998823e-01,8.452534624468345248e-01
8.812961578369999938e-01,7.655288391713102047e-01
1.063080191609999892e+00,7.657810356214795888e-01
9.057049751279999672e-01,8.730782593092508703e-01
6.909559965129999926e-01,8.921827915444310309e-01
1.355970025060000195e+00,7.425111239281104725e-01
7.572399973869999856e-01,9.873632445663904633e-01
2.043754577640000125e+00,9.070706748514222317e-01
8.576130270960000690e-01,1.331049889508681305e+00
2.364957094190000220e+00,1.251566681310944729e+00
4.179231166840000178e+00,1.585507849819250081e+00
2.233561992649999883e+00,2.627345063796005409e+00
8.013390302660000630e-01,2.133839712116747389e+00
8.372840285299999463e-01,1.328502524722086076e+00
8.851529955859999133e-01,9.566892224601073469e-01
9.040349721909999303e-01,7.315804992472639823e-01
1.302939534190000082e+00,8.111467986998952551e-01
7.228699922560000157e-01,1.013833145332052821e+00
8.009120225910000279e-01,8.873129434156254991e-01
1.032919287679999965e+00,7.949723912677223447e-01
1.321628212929999879e+00,8.639910892369483397e-01
9.367759823799999275e-01,1.074044584367509048e+00
7.007700204850000336e-01,9.932998867100932827e-01
7.624319791789999634e-01,8.253273498392827978e-01
1.144938945770000105e+00,7.572361099742050961e-01
7.721610069269999599e-01,8.763642032153698969e-01
8.772150278090000697e-01,8.522762360865551168e-01
1.243505001070000171e+00,7.983816493628446143e-01
6.381840109830000385e-01,9.697153662486306391e-01
7.468199729919999807e-01,9.166610257535083850e-01
6.839929819109999976e-01,8.185366237465816486e-01
1.419505119320000119e+00,7.496580850843587163e-01
6.141470074649999500e-01,9.968346892566989359e-01
7.347676754000000976e-01,8.971866564642925201e-01
6.770560145379999062e-01,7.846160032452523803e-01
1.074026942249999950e+00,7.291703484415622549e-01
6.156389713290000287e-01,8.558060508768100538e-01
9.692379832270000550e-01,7.460461819280930218e-01
9.916120171550001361e-01,7.818512458602435711e-01
8.089560270310000023e-01,8.768611980651680460e-01
2.435143947599999859e+00,7.980664123050844605e-01
8.223479986189999869e-01,1.693877763007965997e+00
5.938220024110000272e-01,1.389518702584542575e+00
5.762249827380000466e-01,8.997539846628592741e-01
4.224239885809999429e-01,7.816106917755748507e-01
6.765879988670000511e-01,4.455687625868089419e-01
5.520349740979999531e-01,5.860878591123018788e-01
9.015229940410000031e-01,6.046038024334815519e-01
7.489960193629999763e-01,7.314299430252593215e-01
8.627583980560000754e-01,7.799318191701061220e-01
9.480749964710000199e-01,7.965614673443077720e-01
1.055613875389999956e+00,9.110714884482471465e-01
1.970020055770000056e+00,9.428868040177480481e-01
9.391199946399999554e-01,1.490608787079023445e+00
1.009042978289999892e+00,1.276077528639228076e+00
7.824029922490001177e-01,1.078407830598145045e+00
1.016265034679999957e+00,8.321915360159651831e-01
8.782749772069999850e-01,8.397314995225355627e-01
7.353619933130000064e-01,8.560505954915098581e-01
1.109990954399999952e+00,7.527550960918835132e-01
7.727199792860000027e-01,8.857168102723425029e-01
1.164981961250000086e+00,8.128030352235923184e-01
7.157210111620000426e-01,8.966115556776893536e-01
1.475479006770000101e+00,8.488193635817367078e-01
8.354520201680000202e-01,1.095824343329578232e+00
7.344660162930000125e-01,1.012186631088141109e+00
7.861927747729999805e-01,7.979350697418323701e-01
1.143465042110000107e+00,7.160358604264154270e-01
9.246990084649998609e-01,9.595260374040207596e-01
2.958764553069999970e+00,9.284244603056309719e-01
2.138324022289999959e+00,1.792989585307574352e+00
2.038712024690000124e+00,2.111870355623064910e+00
1.480209946629999829e+00,1.946577014986198062e+00
9.367650747299999248e-01,1.660635084308974108e+00
1.715939760209999942e+00,1.110924535136610158e+00
1.001402020450000041e+00,1.294013859168729352e+00
8.896229863169999863e-01,1.205054495006503634e+00
7.492939829829999843e-01,9.518540139460853755e-01
1.115183949470000213e+00,7.725154865026333528e-01
9.457820057870000019e-01,8.826889279279608314e-01
6.452180147170000213e-01,9.781077109440000639e-01
1.164842009540000056e+00,7.991931446338359502e-01
1.244351029399999975e+00,8.902630425345017251e-01
9.045109748840001185e-01,1.050556242259037987e+00
5.575259923929999362e-01,9.371356588813360977e-01
5.778343677520000332e-01,7.103700351442188143e-01
7.199835777280000348e-01,6.374006085294731117e-01
7.607790231700000128e-01,7.352001802145166076e-01
5.404400229450000426e-01,7.895072076503224512e-01
8.009672760959999360e-01,6.740480239250720151e-01
7.710149884220000027e-01,7.277736278809967541e-01
6.709719896319999988e-01,8.246635378347746403e-01
2.768970489500000021e+00,7.588072991655143706e-01
3.086133003230000060e+00,1.770393096017766288e+00
1.116358041760000086e+00,2.630452683293511562e+00
1.018260955809999979e+00,1.899648350143245734e+00
7.442610263819999794e-01,1.501314714943858597e+00
1.114386796949999869e+00,1.182450330631965807e+00
1.380516409870000238e+00,1.073085956651034900e+00
1.229098439219999950e+00,1.288823763946155276e+00
1.573238968849999919e+00,1.315918525788206450e+00
1.245597958560000107e+00,1.458944734114615560e+00
8.298619985580000247e-01,1.395116049156560400e+00
5.376980304720000436e-01,1.124674286338934515e+00
8.593800067899999284e-01,7.604130505096086123e-01
7.949647903440000274e-01,7.520366142262836506e-01
8.122889995569999577e-01,7.920282996327955294e-01
1.209460973739999945e+00,8.453834383456341195e-01
1.043611049649999956e+00,9.836844539325465542e-01
9.914460182189999138e-01,1.000554655602364340e+00
1.377645969390000058e+00,9.395853181461985004e-01
7.495359778399999229e-01,1.083981040939815843e+00
7.549669742579999676e-01,9.267709270690467349e-01
8.522210121150000095e-01,7.714102385596646183e-01
1.312628030780000010e+00,7.799983927251544769e-01
9.499999880789999906e-01,1.030257086151626700e+00
8.433979749680000637e-01,1.017351719480430683e+00
6.329939961430000039e-01,8.632950615565323504e-01
6.848490238189999246e-01,7.078596516174723297e-01
8.296039700509999504e-01,6.970026052654274551e-01
1.117776036259999994e+00,7.536588385807699852e-01
1.060515046120000138e+00,1.009965931912850445e+00
9.966710209850000446e-01,1.082891100232497017e+00
6.726049780850000825e-01,1.002244187184587298e+00
8.499810099600000335e-01,7.361840626432299972e-01
7.929700016980000266e-01,7.814415683903476184e-01
7.509549856190000927e-01,7.876480418739003619e-01
9.556260704989999466e-01,7.416117484365490897e-01
6.085839867589999397e-01,7.985382102344964483e-01
7.782499790189999489e-01,7.058709742825852729e-01
5.098140239720000411e-01,7.148576354663640497e-01
6.364319920540000286e-01,6.288939582352347513e-01
6.015599966049999248e-01,6.249644875724935655e-01
6.556333899499999784e-01,6.144608950899809185e-01
6.385549902920000243e-01,6.479161991984894176e-01
8.762890100480000832e-01,6.814189265098765658e-01
7.967479825020000739e-01,7.928027515329680863e-01
6.824830174449999509e-01,8.120850468308211667e-01
8.025500178340000401e-01,7.370328829117874792e-01
7.950311899190000142e-01,7.395294015106069763e-01
1.584897041320000088e+00,7.750812450486928018e-01
1.017485976220000143e+00,1.205716960844099184e+00
9.177780151369998585e-01,1.140166146886090193e+00
1.230221033100000083e+00,9.442740974688432765e-01
1.027899026870000121e+00,1.084277769771205602e+00
9.125559926030000213e-01,1.053456425772208771e+00
7.935979962350000472e-01,9.363768419256004449e-01
1.030437946320000187e+00,8.524763428983044289e-01
5.325379967690000438e-01,9.071481618779990708e-01
6.127780079839999505e-01,7.392261410321305792e-01
8.741289973260000234e-01,6.420801022656081880e-01
3.667230010029999820e-01,7.461979657654672637e-01
7.391750216480000857e-01,5.794881161814552373e-01
5.604230165479999748e-01,6.404326875345041081e-01
7.758178114889999755e-01,6.425804846345929411e-01
8.102909922600001202e-01,6.951860022650268034e-01
6.437510252000000488e-01,8.067266889766996352e-01
7.236457467079999706e-01,7.367947550476753316e-01
9.113870263100000146e-01,7.394395466549533724e-01
6.627830266949999993e-01,8.868316467876616871e-01
1.002035975460000117e+00,8.340761072457060221e-01
8.224419951440000709e-01,9.429345160428034278e-01
1.030576944350000135e+00,1.009155450244781926e+00
6.781139969830000114e-01,1.008184974102858344e+00
5.333459973340000104e-01,8.720100404807650252e-01
3.209959864620000047e-01,6.009375231086562241e-01
7.608630061149999069e-01,4.749411350337743865e-01
7.439860105509998878e-01,6.340625593415928352e-01
5.468400120740000148e-01,7.270900994552245145e-01
7.004669904709999173e-01,6.250802510315515148e-01
8.356525897980000561e-01,6.447763643974087078e-01
1.274258971210000091e+00,7.527873058362585246e-01
8.934450149539999719e-01,1.118194576093061166e+00
6.211659908290000365e-01,1.069152421271233999e+00
7.900159955019999680e-01,8.178752592354511242e-01
1.067494988440000014e+00,7.684158393710620594e-01
6.698009967800000464e-01,9.871430887780220376e-01
1.265694975850000015e+00,8.673931260498218832e-01
6.380620002750000408e-01,1.014722310198230115e+00
9.348030090330000652e-01,8.588965905458229022e-01
8.006410002709999363e-01,8.530836292023687983e-01
1.085708975790000030e+00,8.083007645147121112e-01
3.527039885520000251e-01,9.541244325487824307e-01
5.883709788319999578e-01,6.525463947136275200e-01
4.875420033929999120e-01,6.042296610446070693e-01
4.636880159380000754e-01,5.313419768369704865e-01
3.637039959430000136e-01,5.157841180826358007e-01
8.750243186949999696e-01,4.437498544428200575e-01
6.435279846190000708e-01,6.604515888247185496e-01
4.834130108359999678e-01,7.704012611787212084e-01
2.120890021319999930e-01,6.023558862319281504e-01
4.560469985010000005e-01,3.918877158939708671e-01
4.367910027499999903e-01,4.398396444241520209e-01
7.238804101939999569e-01,4.830789891647119250e-01
5.560690164570000205e-01,6.332996318975528949e-01
4.748429954049999679e-01,6.630798481450139725e-01
2.674640119080000100e-01,5.636106994767222655e-01
9.588437080379998978e-01,3.786949360236238626e-01
7.868980169300000549e-01,7.106586421875795700e-01
1.794360995290000149e+00,8.324543365035098619e-01
1.337677955630000026e+00,1.240885391898467027e+00
1.210453987120000185e+00,1.306094406419413323e+00
5.654799938200000264e-01,1.149855589631948671e+00
4.008429944520000565e-01,8.117142809358988131e-01
2.727654874320000200e-01,4.893201892593164737e-01
5.836449861529999783e-01,3.454317438761294601e-01
8.533802628519999711e-01,5.244844404501726176e-01
8.660610318179999823e-01,7.081569698035208305e-01
1.158349990839999899e+00,7.868393810005404054e-01
7.764859795569999390e-01,9.432774818694765750e-01
1.068807005880000105e+00,8.597957136176875848e-01
5.888479948040000744e-01,8.761376223061331237e-01
1.588868498799999918e+00,7.528173193369079863e-01
4.327859878540000205e-01,1.174671139203103731e+00
3.996030092239999942e-01,9.592407947392921352e-01
5.545349717140000134e-01,6.826922800875181441e-01
6.221979856490000849e-01,6.863605573533675397e-01
1.149551987649999996e+00,5.818406366032887744e-01
1.121260046960000034e+00,9.021233796210988976e-01
9.776459932330001656e-01,9.943412575126558961e-01
1.732741951940000025e+00,9.095026005487439891e-01
2.302707910540000125e+00,1.253867725562880953e+00
1.053477048870000043e+00,1.667468654842952924e+00
7.962800264360000435e-01,1.323696951459084614e+00
5.203329920770000117e-01,9.488521261384066374e-01
6.104800105090000262e-01,6.953622149043788836e-01
4.453057944770000276e-01,5.571102644754820643e-01
6.522138714790000069e-01,5.041412293763629648e-01
1.175541162490000069e+00,5.938980232269002180e-01
1.032202124599999937e+00,9.525850463796680101e-01
7.193930149079998948e-01,1.046828523459339966e+00
8.200139999390000378e-01,8.909629003223182853e-01
9.497330188749999458e-01,8.438122604468916155e-01
1.039114952089999822e+00,9.429445105661374837e-01
5.883830189700000046e-01,9.885683371540286979e-01
9.508559703829999599e-01,7.651455386818578619e-01
5.277600288389999728e-01,7.940016020198494839e-01
7.736063003540000205e-01,6.922734543853885647e-01
9.703559875489999875e-01,6.871794402615515329e-01
1.383889913560000018e+00,8.789364009591409399e-01
7.795230150220000542e-01,1.079922496830920009e+00
6.069999933240000090e-01,1.039808101882884861e+00
4.660570025440000097e-01,8.363193881840705890e-01
9.455270171170000459e-01,6.676790235172496146e-01
6.238729953770000280e-01,7.553753105186101768e-01
3.923240005969999555e-01,6.886273441615202717e-01
5.156549811360000568e-01,5.314229404621730879e-01
9.679385423659998544e-01,5.117147103245798245e-01
1.356565952299999989e+00,7.198210842456362890e-01
9.072690010070001421e-01,1.102475052676821221e+00
8.162760138510000152e-01,9.825442589515676062e-01
2.479866981509999846e+00,8.247125564820952937e-01
1.133080005649999888e+00,1.594398196411761059e+00
1.045583963389999926e+00,1.514807777631061780e+00
8.474370241169999485e-01,1.199786248335400929e+00
1.536522984499999911e+00,1.018956404593849507e+00
9.008989930149998715e-01,1.196208306213706329e+00
4.812009930610000041e-01,1.103612588150656437e+00
8.572540283199999722e-01,7.512319112766052687e-01
8.617479801180000232e-01,7.469682680444071909e-01
1.008694052699999899e+00,8.358414452703997188e-01
1.127727031710000105e+00,8.983742836540675736e-01
7.795569896699999779e-01,9.567798623243066736e-01
9.895502924919998833e-01,8.476553528007342297e-01
8.363329768179998958e-01,8.432250997593634390e-01
9.099559783939999980e-01,8.634440760237951373e-01
5.511059761050000061e-01,8.415927949881065739e-01
1.239764332770000088e+00,6.644468807462837745e-01
1.211838960649999963e+00,8.885229693881951940e-01
1.379981994630000042e+00,1.100628067378667030e+00
1.148460984229999982e+00,1.159026595865352061e+00
7.663900256160000035e-01,1.158052197205405198e+00
9.660840034480000504e-01,9.361908945115257064e-01
8.156750202179999798e-01,8.679935249672432462e-01
1.142272949220000111e+00,7.995782890685393385e-01
1.299479961400000105e+00,9.301490415178687021e-01
8.583310246469999516e-01,1.096751519324399737e+00
7.149469852449999996e-01,9.423263392795250271e-01
8.764400482179999230e-01,7.692759702597912197e-01
8.305460214609999836e-01,7.408114582108386026e-01
8.535240292550000385e-01,8.044638870084822591e-01
9.092410206789999227e-01,7.967117583235884259e-01
5.202720165249999917e-01,8.096521873043464046e-01
7.411040067669999454e-01,6.402886821098473513e-01
5.853319764140000325e-01,6.748428383288564980e-01
5.047770142559999673e-01,6.472046355669757167e-01
5.519493222240000607e-01,5.558503617475375469e-01
9.697520136830000137e-01,5.405740757312667011e-01
1.116515994070000017e+00,7.815278703929946502e-01
1.049844980239999837e+00,9.575681199725715187e-01
6.342629790310000404e-01,9.632817103651636348e-01
5.644329786300000817e-01,7.658037187309910676e-01
9.184709787369998990e-01,6.191985704190676731e-01
9.593539834020000656e-01,7.263118558843431050e-01
5.984159708020000412e-01,8.788174680540635775e-01
9.383450150489998087e-01,7.177069059059503209e-01
4.542250037189999867e-01,7.764407581568470995e-01
7.079470157619999204e-01,6.346797921606225357e-01
3.876500129699999575e-01,6.373559469728983240e-01
4.484339952469999502e-01,4.968549128065579135e-01
8.405709862710000202e-01,4.600756082322365326e-01
5.337110161779999862e-01,6.724168397050912516e-01
7.211350202559999589e-01,6.343013661916042656e-01
5.215386152269999576e-01,6.409435748293527135e-01
7.050759792330000275e-01,5.694773524437285461e-01
6.405649781229999506e-01,6.645188351843799301e-01
5.168589949609999623e-01,6.438897649401978951e-01
1.660409450529999997e+00,5.842525228917945235e-01
2.465307950970000217e+00,1.066814982893122155e+00
1.622156023979999917e+00,1.757509725464837747e+00
1.866270065309999948e+00,1.594159726431287671e+00
3.623536109919999859e+00,1.523148339733364720e+00
7.948709726329999947e-01,2.347546202121726377e+00
9.065989851949999290e-01,1.662030362554556495e+00
8.571879863740000660e-01,1.256072636953857291e+00
7.756379842759999477e-01,1.205235100149992578e+00
7.006700038909999817e-01,8.840782564898433948e-01
6.443409919740000769e-01,7.249818745118233876e-01
7.579550147059999077e-01,6.727783487161477227e-01
5.499600172040000068e-01,6.822863471727108609e-01
4.964669942860000518e-01,6.150666441962518993e-01
1.367677569390000070e+00,5.534569529247312936e-01
1.397894024850000250e+00,9.311133490842606886e-01
8.148130178450000427e-01,1.436149154470367506e+00
1.278898954390000009e+00,1.210511601449291819e+00
8.623980283740000363e-01,1.310207873151293834e+00
1.093865990639999897e+00,1.064764924228561505e+00
8.134710192680000285e-01,9.127876929508570436e-01
1.466687083240000078e+00,8.725074532483617640e-01
9.060310125349999577e-01,1.106890123364765666e+00
7.652140259739999006e-01,1.147162187191022920e+00
1.311033964160000176e+00,9.460740860295490107e-01
7.892500162119999718e-01,1.091417038235702019e+00
1.474902033810000068e+00,9.452093661746601150e-01
9.167850017550001063e-01,1.121856922300418224e+00
1.186140060420000086e+00,1.096844564774149156e+00
1.411391973500000008e+00,1.064929116573106960e+00
2.092472076419999993e+00,1.144504822893887885e+00
7.189220190049999681e-01,1.528013963279087006e+00
1.301861047739999888e+00,1.100376556721575305e+00
1.268974781040000055e+00,1.081768384904789881e+00
1.221997022629999874e+00,1.116170413838307729e+00
9.061110019679999850e-01,1.173933790846684921e+00
1.078873991970000112e+00,1.025004072766726004e+00
1.028025031089999874e+00,9.970410282563442195e-01
7.863690257070000689e-01,9.391441093312609123e-01
1.276852965350000035e+00,8.397114343293528016e-01
7.093420028689999546e-01,9.777614247623249710e-01
5.201929807659999572e-01,8.536801049024389521e-01
5.645610094070000473e-01,6.066955684165963314e-01
9.855200052259998067e-01,5.622991239606114355e-01
1.092841982840000004e+00,7.522034715077993150e-01
4.786899983879999709e-01,9.821131675123234706e-01
3.955059945579999514e-01,7.360767730167054879e-01
1.850703001020000071e+00,5.387804366851913773e-01
1.195796012879999815e+00,1.211894411573311903e+00
1.702510833739999896e+00,1.331119191337406304e+00
2.998351097109999586e+00,1.375631119080916731e+00
2.407080888749999925e+00,2.052915046447639558e+00
2.585943937299999718e+00,2.079144729538018321e+00
2.233839035029999920e+00,2.069708948501129964e+00
1.655773043629999997e+00,2.012675584095287462e+00
1.430611014370000156e+00,1.724513315152122583e+00
8.921740055079999676e-01,1.461893344905396352e+00
1.231696963309999893e+00,1.001070430681499035e+00
8.955079913140000514e-01,1.009417120999918538e+00
1.602033019070000064e+00,9.475370797696356373e-01
1.585399031639999956e+00,1.229537048019360812e+00
1.232059955600000034e+00,1.387997813914931378e+00
1.210371017459999976e+00,1.236973967586336043e+00
1.242141008379999967e+00,1.101896473183305414e+00
9.857040047650000858e-01,1.111068196045210454e+00
7.289689779279999726e-01,1.009497368400610551e+00
6.761519908910000876e-01,8.058685289865574752e-01
1.071573019029999907e+00,7.240126612471713408e-01
9.457439780239998983e-01,9.021460974284853940e-01
4.376370012759999706e-01,9.565273284351125671e-01
5.141820311550000522e-01,6.894413989027972089e-01
3.387190103530000052e-01,6.110495253133211291e-01
7.144280076029999593e-01,4.643193494627558815e-01
4.996199905870000180e-01,6.363194703380333772e-01
7.917379736899999854e-01,6.485866675953804172e-01
8.646243214609999894e-01,7.194033076194596976e-01
6.024960279459999901e-01,7.714452317567086492e-01
1.260069966320000123e+00,7.127457526732090543e-01
1.012339949610000067e+00,9.596878515024345191e-01
1.004528999329999950e+00,1.030192331350288093e+00
6.310235261919999727e-01,9.439952861306831755e-01
1.141221046449999887e+00,7.497613343270244091e-01
5.426099896430000014e-01,9.800041413208041563e-01
8.547459840769999762e-01,8.107293561492390221e-01
7.744219899179999311e-01,8.025811316550353069e-01
3.084340095520000102e-01,7.863618364478589529e-01
8.376209735870000506e-01,5.594530601034929385e-01
7.293469905850000767e-01,7.018881219683356099e-01
7.503905892370000830e-01,7.427178626181170085e-01
1.134822010990000019e+00,7.369862238256321696e-01
1.614240050320000064e+00,9.798877991400893883e-01
1.244793057440000128e+00,1.295542951719881763e+00
7.141630053519999466e-01,1.284955106878890696e+00
7.293040156360000026e-01,9.666234603948113957e-01
6.486989855770000091e-01,7.426929362570814375e-01
3.427990078929999962e-01,7.428500833840337991e-01
3.861860036850000011e-01,5.410275675270074247e-01
6.366299986840000535e-01,4.726146997196479793e-01
3.990480005740000280e-01,5.768341249433854845e-01
4.178859889509999870e-01,5.433413662286815660e-01
1.103790521619999909e+00,4.759252659186508083e-01
6.956189870829999622e-01,7.915951063383184216e-01
8.070139884950000564e-01,8.415707467846045287e-01
5.947690010070000310e-01,7.756439669392533043e-01
1.107607960700000005e+00,6.701236163241196531e-01
9.713580012320001122e-01,9.011600415979198475e-01
7.170349955560000321e-01,9.640064152042512324e-01
6.764810085300000386e-01,8.102598314709744676e-01
1.687772989270000190e+00,6.668735486794948875e-01
9.907569885250001596e-01,1.175563244020117804e+00
8.082039952280000161e-01,1.136482248490930713e+00
1.087718963619999979e+00,8.848935789142907682e-01
1.564818024639999861e+00,9.333702760259549036e-01
6.673809885979999912e-01,1.232580813751678495e+00
1.256489992140000123e+00,9.662651052119307638e-01
1.091886043549999963e+00,1.032745078261131155e+00
7.375509738919999725e-01,1.107869688858059254e+00
6.224380135540000802e-01,8.665838691892862045e-01
8.364729881290000613e-01,6.492021463814450222e-01
5.774260163309999916e-01,7.635171657564882031e-01
1.015761017800000054e+00,6.805816784970128985e-01
1.106158971790000001e+00,8.573166618712494413e-01
6.945540308949998964e-01,9.875683551762056700e-01
1.130903959270000092e+00,8.059387443840231313e-01
9.518219828609998379e-01,9.505636530592085354e-01
7.524570226669999862e-01,9.869322249675477332e-01
5.585229992869999993e-01,8.403624254633614843e-01
1.415836334229999771e+00,6.280652761571582365e-01
1.855298042299999839e+00,9.813941061134980881e-01
7.845479845999999702e-01,1.671986934656591650e+00
8.210539817810000862e-01,1.331313162031552144e+00
5.835890173909999978e-01,1.089352629794311245e+00
8.359720110889999889e-01,8.351150453966469378e-01
2.184663057329999880e+00,7.475363143023557866e-01
6.805480122570000123e-01,1.474908587810987104e+00
1.238904953000000031e+00,1.200447416264195599e+00
1.030328035349999949e+00,1.125865211101490404e+00
7.914109826090000022e-01,1.195419297028148087e+00
8.423720002169999832e-01,1.028925727073496610e+00
4.464710056779999658e-01,9.521736883879019508e-01
5.589337944979999584e-01,5.914756267075552687e-01
7.099329829220000221e-01,5.201226146988672250e-01
7.334340214730000751e-01,6.632480968548531974e-01
7.833399772640000647e-01,6.905374933080768995e-01
8.426809906959999985e-01,7.559758489101024992e-01
1.099761009220000085e+00,8.002509648305262679e-01
8.706315755840000614e-01,8.827974373568507893e-01
5.862460136410000411e-01,8.477693672112111001e-01
8.863990306849999223e-01,6.835405035502070126e-01
1.019399046900000050e+00,7.499415194629369674e-01
8.493610024450000129e-01,9.258811150345498397e-01
1.010666966439999870e+00,9.165957402897449979e-01
1.331516027449999973e+00,9.239536896171889335e-01
1.215008974079999859e+00,1.054433886757875305e+00
1.645591020579999952e+00,1.086817662381308169e+00
9.708780050280001461e-01,1.296383563341843015e+00
1.411272048950000135e+00,1.133573099106797821e+00
7.953929901119999313e-01,1.127111147962168047e+00
1.046331048010000098e+00,9.995086953555418763e-01
8.879339694979999642e-01,9.791677544215051654e-01
8.349300026890000836e-01,9.333672275530111584e-01
9.847199916840001510e-01,8.203213904486389429e-01
1.090394020079999970e+00,8.810411639822938179e-01
4.901649951929999971e-01,9.472402683964177283e-01
6.141669750209999279e-01,7.400618232041327182e-01
6.314740180969999894e-01,6.556012190296214293e-01
8.252440094949999860e-01,6.540685788178794979e-01
1.051450967789999913e+00,7.464928148368842331e-01
1.047114968300000060e+00,9.245323767129919323e-01
3.921430110930000379e-01,9.948353062447014006e-01
4.695149958129999912e-01,6.746095300945081918e-01
7.720900177959999500e-01,5.423930420427280907e-01
7.520099878309999264e-01,6.762664674926420760e-01
6.877393722529999698e-01,7.715752526555760271e-01
6.718119978899999012e-01,6.882704794095525491e-01
1.185933232310000029e+00,7.069220102402669070e-01
6.571980118750000432e-01,9.095289302282708599e-01
8.213180303569999063e-01,8.233905382384927307e-01
7.795739769939998842e-01,7.707606983674742951e-01
1.030122995379999962e+00,7.660583447465069140e-01
6.211889982220000217e-01,8.779283351116755618e-01
8.660820126530001106e-01,7.610806727329023635e-01
9.608931541440000057e-01,7.640651172959722626e-01
6.760399937630000577e-01,8.513053678148092551e-01
7.402380108830000083e-01,7.734307780785486530e-01
5.984709858890000511e-01,7.232490667255712102e-01
6.151059865950000427e-01,6.520046948646719409e-01
9.358735680579999272e-01,6.248109715384915219e-01
5.818247795100000008e-01,7.847562208863497757e-01
7.156659960750000327e-01,6.909837441965226423e-01
6.529520154000000298e-01,6.990306603265898922e-01
9.700022935870000751e-01,7.042184054484779132e-01
7.834500074390000623e-01,8.068520030569263923e-01
7.448130249979999506e-01,8.341418977509671429e-01
8.276180028919999376e-01,7.910722492180009002e-01
8.943400979039998200e-01,7.822461151065985829e-01
2.505017042159999985e+00,7.786752020745207892e-01
1.620712041850000062e+00,1.818130931987004484e+00
1.417585968970000110e+00,1.771945453909698154e+00
1.049872040749999957e+00,1.513884589344440368e+00
1.226507544519999993e+00,1.152233520274533740e+00
1.043179035189999881e+00,9.667782999451435266e-01
9.694439768789999690e-01,1.000094657065152992e+00
8.192250132559999454e-01,9.198698327114994688e-01
8.129550218580000598e-01,8.404726408940237370e-01
6.712080240250000163e-01,7.883366143764306555e-01
5.289899706839999993e-01,7.217963671357823241e-01
3.461930155749999849e-01,5.844600310711838276e-01
4.789490103719999392e-01,4.551503481675335805e-01
1.153810977940000093e+00,4.706451979714057487e-01
9.671270251270001062e-01,8.202316398658550112e-01
7.845839858059999727e-01,9.365289283543318799e-01
4.701859951019999873e-01,8.168953406416865626e-01
5.632782578470000301e-01,5.979087103761875355e-01
2.416239976880000251e-01,5.304906391754619088e-01
2.709859907630000064e-01,4.104671239913271763e-01
1.994680017229999991e-01,3.476592205933148882e-01
1.327169984580000017e-01,2.941581382688200907e-01
4.732620120050000101e-01,2.103668803151357569e-01
6.585559844969999244e-01,3.799729857561019997e-01
9.621880054470000054e-01,6.259136368868944977e-01
5.111979842189999790e-01,7.792262963765723693e-01
9.829789996150000153e-01,6.571726697626389946e-01
9.100099802019999684e-01,7.608531017696458232e-01
1.026576042179999870e+00,8.969901404207150097e-01
8.309389948840000262e-01,9.163035271337621746e-01
9.651920199390000565e-01,8.516868479405768078e-01
1.000543951989999902e+00,8.440846630835135977e-01
1.983185052869999687e+00,8.517288610225516310e-01
1.274855017659999978e+00,1.307667714757058119e+00
1.286525964740000028e+00,1.375226225957515647e+00
1.382244944570000245e+00,1.234296363733554669e+00
1.736924052240000016e+00,1.222459700896616930e+00
1.257668018339999971e+00,1.485093304722141960e+00
7.533379793170000838e-01,1.340197313265480528e+00
1.084908962249999886e+00,9.855193191952699161e-01
1.062494039539999990e+00,9.221555708871007617e-01
7.787629961969999570e-01,9.863227033780123110e-01
8.256469964979999965e-01,8.457355167178314259e-01
9.891830086710000636e-01,7.648987484742156839e-01
1.418092012410000047e+00,8.453174007178905214e-01
1.151677966120000063e+00,1.098942033559861642e+00
1.250364065170000094e+00,1.105066325948133921e+00
8.794019818310000458e-01,1.067658317901157838e+00
1.089423060420000144e+00,9.285583719045894524e-01
1.809062957760000145e+00,9.271752899726203312e-01
8.687390089040000207e-01,1.356642600970099588e+00
8.521729707719999380e-01,1.107389143542359067e+00
1.307837963100000112e+00,8.828309996881895660e-01
1.262575984000000151e+00,1.005610377004525491e+00
7.601559758189999627e-01,1.133999001828618569e+00
1.069887042049999959e+00,8.965843550713171739e-01
8.579840064049999437e-01,8.773722993165337103e-01
1.149323940279999956e+00,9.357541468306728172e-01
1.067142963410000034e+00,9.906378189074671603e-01
7.400619983670000401e-01,9.828319356917396554e-01
6.799880266190000411e-01,8.056968293730275565e-01
7.323921322820000634e-01,6.921823304159673285e-01
8.352749943730000126e-01,6.646771719252186905e-01
6.000829935070000065e-01,7.599070372576849364e-01
1.010563969610000168e+00,6.629288601439889961e-01
7.613970041280000434e-01,8.014238286777801701e-01
7.260069847110000030e-01,8.210960896244019480e-01
1.064324021340000037e+00,7.419120624400222797e-01
5.901079773899998715e-01,8.692442582250264893e-01
7.744659781460000447e-01,7.451857202508420652e-01
7.406870126719998781e-01,7.398800079261809159e-01
8.908360004430001533e-01,7.372175698314301640e-01
7.620100975040000613e-01,7.873760932573309335e-01
7.774500250820000069e-01,7.523658553842879071e-01
5.811070203779999943e-01,7.893361483839297366e-01
7.908779978749999051e-01,6.858349569621682296e-01
8.903719782829999652e-01,6.840157335685764783e-01
7.882059812549999656e-01,7.918638118111701596e-01
7.301949858670000459e-01,7.644155642778390769e-01
9.248933196070001639e-01,7.182975274944366495e-01
1.265586972239999941e+00,7.775144248911933786e-01
7.884140014650000694e-01,1.040561711639548026e+00
9.180610179899998391e-01,9.039306222512982769e-01
6.569269895549999516e-01,8.252382332922075792e-01
8.252680301670000107e-01,7.379100128431010930e-01
4.257229864599999525e-01,7.522710914309411745e-01
9.114630222319998198e-01,6.127446090115852284e-01
7.238519787790000937e-01,7.319872843398171902e-01
9.657319784160000031e-01,7.624734451144673519e-01
7.194200158119999911e-01,8.514525628209382857e-01
7.146480083470000411e-01,8.132501720097953246e-01
6.188799738879999790e-01,7.430768830298164485e-01
8.502969741820000094e-01,6.337694656390301384e-01
6.113014817240000065e-01,7.291404791460565082e-01
8.405809998509999881e-01,6.559444181676290508e-01
5.909900069240000553e-01,7.454570876591466444e-01
1.191807866100000002e+00,6.841143537420895093e-01
1.072478055950000009e+00,8.879147831786127210e-01
7.976800203319999172e-01,1.090164635412377070e+00
7.140370011329999489e-01,9.150489535035316591e-01
8.885610103609999921e-01,7.824940726324167706e-01
7.367290258409999737e-01,7.570783886419307773e-01
9.655410051350000744e-01,7.467700176242191290e-01
8.569459915160000385e-01,8.139944439128070641e-01
5.838339924809999859e-01,8.434060299503263192e-01
3.047562122340000457e+00,6.796880557512000598e-01
8.865389823909999301e-01,2.088733806930217263e+00
1.186460971829999878e+00,2.016291125065202472e+00
8.750730156899999557e-01,1.876070428184866579e+00
1.111973047260000014e+00,1.638512704355141736e+00
6.929270029070000447e-01,1.042863766302748019e+00
5.632749795910000357e-01,8.915898322533116760e-01
5.519689917560000048e-01,7.411893633773666279e-01
9.211350083349998386e-01,6.429588197352447132e-01
5.465030074119999748e-01,7.527632126726715445e-01
9.997850060459999577e-01,6.824076802946743570e-01
7.512239813800000166e-01,8.001611661681897747e-01
8.402569890019999654e-01,8.476763064830739047e-01
7.843149900439999600e-01,8.042060932771397663e-01
5.915480256080000165e-01,7.930742690263919981e-01
6.109840273859999948e-01,6.804150715581125386e-01
9.328789710999999540e-01,6.078175111742361025e-01
7.992020249369999885e-01,7.640205939914822553e-01
9.833549857140000405e-01,8.245660315216751801e-01
5.405290126799999761e-01,8.663320402437696410e-01
1.093670010570000128e+00,6.751549865390306104e-01
9.266330003740002041e-01,8.423068856982658392e-01
7.972419857979999858e-01,9.242335085935077243e-01
5.896059870719999596e-01,8.031071047722270206e-01
7.799540162090000672e-01,6.429338969310331997e-01
5.182790160179999717e-01,6.785343743669638439e-01
7.263879776000000676e-01,6.204667667093296535e-01
6.216366887090000182e-01,6.477417100360478575e-01
8.810679912569999717e-01,6.367471581704047257e-01
7.315016984940000411e-01,7.599154949159443451e-01
9.703850150109999406e-01,7.728293326302355659e-01
8.715350031849999901e-01,8.370789874615365278e-01
5.505740046500000595e-01,8.437084769011380381e-01
2.576299905780000121e-01,6.750641779755128802e-01
6.952109932899999123e-01,4.233783952996406086e-01
3.547430038449999601e-01,5.835114893742668896e-01
1.308350920679999918e+00,5.629629059848663131e-01
1.424710035319999957e+00,9.086685464764375775e-01
2.422243118290000385e+00,1.204957297704917440e+00
1.588093161580000023e+00,1.642621063344671395e+00
2.882889986040000352e+00,1.588859066275364329e+00
1.510810017590000109e+00,2.087646886231310006e+00
5.103110075000000245e-01,1.791029318006780002e+00
6.637499928469999810e-01,1.036956048022146026e+00
5.865659713749999948e-01,7.638595443043804112e-01
9.182999730110000813e-01,6.079342039594294311e-01
1.126363039020000123e+00,7.665694101219463485e-01
9.455379843709997845e-01,9.447350247662387179e-01
7.979699969290000583e-01,9.307400669123667702e-01
8.895260095599999417e-01,8.459323734034455144e-01
5.017459988589999531e-01,8.435909392651916860e-01
7.889080047609999813e-01,7.012280526873377884e-01
5.571460127830000220e-01,7.252584954074825507e-01
8.079270124439998924e-01,6.254159584700781371e-01
7.382910251620000697e-01,7.025761582165178654e-01
6.742079854009999096e-01,7.386048502989424058e-01
8.787713646889999675e-01,6.892440516271086670e-01
7.401880025859999268e-01,7.524481285104402950e-01
8.886500000949999478e-01,7.685162543634459498e-01
7.983270287510000340e-01,7.924370458620096924e-01
5.137799978260000344e-01,7.955535658368881879e-01
7.760372757910000141e-01,6.490105071582992213e-01
8.528280258179999906e-01,6.802058433391099390e-01
7.851629853249999513e-01,8.438971301290145721e-01
8.431609868999999646e-01,8.122002297469175236e-01
1.024798870089999925e+00,7.992140940131128302e-01
8.044279813770001120e-01,8.824931220251227559e-01
8.841310143469999216e-01,8.545517059237432989e-01
3.615649938579999501e-01,8.385754522763809726e-01
1.171491026879999842e+00,5.569636349594250246e-01
4.477910101409999788e-01,8.302223177235559248e-01
7.665730118750000432e-01,7.270614812938144267e-01
7.735599875449999940e-01,6.833504284325137013e-01
1.054823040959999902e+00,7.365025369787464582e-01
7.843300104139999673e-01,8.892295343128434615e-01
1.034250974660000155e+00,8.384763536228062586e-01
1.096979022029999973e+00,8.555203141552837343e-01
7.633029818529999400e-01,9.511493706139304560e-01
5.883730053899999257e-01,8.351762571384195866e-01
6.365630030629999547e-01,6.609739207749999457e-01
5.750700235369999858e-01,6.076036559443664942e-01
5.399640202519999654e-01,5.924469092925068736e-01
1.324671149250000068e+00,5.558525172275360360e-01
8.178460001949999780e-01,9.244074454681767694e-01
6.359609961509999909e-01,9.566125303313277595e-01
8.135920166969999867e-01,7.730041138514661681e-01
9.872140288349999793e-01,7.565985244086262940e-01
9.839289784429999797e-01,8.421497415175930312e-01
5.904790163040000150e-01,8.914011103308137063e-01
8.986790180210000312e-01,7.213652384035128540e-01
6.268000006680000125e-01,7.435108074725211846e-01
6.926850080490000172e-01,6.884702435964659140e-01
5.757049918169999669e-01,6.591515940905436910e-01
6.764680147170000213e-01,6.211259884369527695e-01
8.279470205309999997e-01,6.187943452913819975e-01
6.547859907149999881e-01,7.410613431718154898e-01
1.085815548900000094e+00,6.922380090332018732e-01
8.509550094600001335e-01,8.412099368460006499e-01
8.879359960560000431e-01,8.672120014150676015e-01
6.557850241659999302e-01,8.140977420980847201e-01
6.597809791559999804e-01,7.265811217418083334e-01
8.856279850010000398e-01,6.597821532542331724e-01
7.502999901769999980e-01,7.625236032629940652e-01
9.303160309790001747e-01,7.626207799832924739e-01
7.259460091590000941e-01,7.906825346869873483e-01
7.123904824259998936e-01,7.810303291684935756e-01
9.326570034030000622e-01,7.143207129822646273e-01
6.544970273969999974e-01,8.198386848139923577e-01
4.987269937989999846e-01,7.835458991187483901e-01
9.782410264020000579e-01,6.235467775676598601e-01
5.593240261080000275e-01,7.603928545296599895e-01
8.733990192409999409e-01,7.035183731922612926e-01
6.232500076290000690e-01,7.436316381748966364e-01
6.319249868390000024e-01,7.020265164017466253e-01
8.335350155830000274e-01,6.184742957509175021e-01
8.613430261610000027e-01,7.394174927622583215e-01
1.036013007159999999e+00,8.026018236661767169e-01
6.160370111469999355e-01,9.265730741252199421e-01
9.874529838559999995e-01,7.769842017154819924e-01
6.686739921569999634e-01,8.325981903482162494e-01
6.455339789389999972e-01,7.378421568190096647e-01
1.007030010220000049e+00,6.759368820509286113e-01
7.763000130650000719e-01,8.209482661298550532e-01
9.358490109439999705e-01,8.335497934807611919e-01
6.626719832419999401e-01,8.250161354961961235e-01
1.113351941109999910e+00,7.160948737544187148e-01
5.495319962500000432e-01,8.533709690880058041e-01
9.273632764820000096e-01,7.152793193961268781e-01
8.215330243109999486e-01,7.237681424859688795e-01
9.193540215489999223e-01,8.859179738045900310e-01
6.899859905239998925e-01,8.961887878715808498e-01
6.497738957409999738e-01,7.695942796369910077e-01
9.705049991609999704e-01,6.139999035703946895e-01
8.034440279009998909e-01,8.205249693970205760e-01
8.920990228650002019e-01,8.171444560496402554e-01
7.462270259859999921e-01,7.880672228902639853e-01
1.495407462120000197e+00,7.477617985765097064e-01
7.597569823270000633e-01,1.091444412162744015e+00
9.677280187609998974e-01,1.144050214066394400e+00
1.126011013979999920e+00,1.069987824777854257e+00
7.641419768330000029e-01,1.117028065447438934e+00
1.423818945879999909e+00,9.586194271483676754e-01
8.309190273280000483e-01,1.142868426142915173e+00
5.316870212550000030e-01,1.066103592120089427e+00
6.942920088770000442e-01,7.680533379903531355e-01
1.097100019450000019e+00,7.124449945110239435e-01
8.623710274700000511e-01,8.553572565139246908e-01
9.711959958079999788e-01,8.816248861665650915e-01
7.501904964450000213e-01,8.772504300840349156e-01
5.659890174870000346e-01,7.883650855829877901e-01
7.235890030859999378e-01,6.064553278986865026e-01
1.088876962660000114e+00,6.424756965571497558e-01
2.614549994470000138e-01,8.352002081498495212e-01
1.923168003559999895e-01,5.601265166331742540e-01
2.048390060660000012e-01,3.207594150765959440e-01
3.752999901769999980e-01,2.895768825987044548e-01
1.878910064700000104e-01,3.601861048835325319e-01
4.178839921949999980e-01,3.254476006949501565e-01
6.128349900249999704e-01,4.019886485318384661e-01
4.822100102899999352e-01,5.321976891856113889e-01
8.136649727820000066e-01,5.520044594110896652e-01
8.997989892959999958e-01,6.662076871087823093e-01
7.667459845540000041e-01,7.796470199331236861e-01
6.762999892229999421e-01,7.666860813911240413e-01
9.804093837739999984e-01,7.150337775566344423e-01
1.075533032420000090e+00,7.984206120193189093e-01
6.459739804270000496e-01,1.001390633898197269e+00
7.601699829100000416e-01,7.993661710578289226e-01
8.707180023190000950e-01,7.327975157759589742e-01
1.045557022089999899e+00,7.870929114341118638e-01
4.832339882849999713e-01,9.104314181389315808e-01
1.085988998409999962e+00,6.951460471182981937e-01
7.320979833600000930e-01,8.198105478210256924e-01
7.128990292550000385e-01,8.091835128814066636e-01
1.045389056210000112e+00,7.163061750472445866e-01
7.359200119969999676e-01,8.182812844185751722e-01
8.956930041309999480e-01,7.930972303088079656e-01
8.745509982110000191e-01,7.781720787529486927e-01
9.237470030779999508e-01,8.094877662060273593e-01
9.997780323029999971e-01,8.189762103711589747e-01
1.739534020420000049e+00,8.825832799093920045e-01
8.107889890670000321e-01,1.315282745948242349e+00
7.049050331119999235e-01,1.136447615811376766e+00
8.328269720080000438e-01,8.932105680221661403e-01
8.276600241660000412e-01,8.341602710829418843e-01
8.953109979630000659e-01,7.734013266730040970e-01
1.459501028060000039e+00,8.042208923193324699e-01
1.179519057270000060e+00,1.089408105619890765e+00
1.443411946299999915e+00,1.152218940604481601e+00
1.306735038760000078e+00,1.170219080263395606e+00
7.634999752040000365e-01,1.153012901653150735e+00
1.145148038860000161e+00,9.150765274575463071e-01
7.253450155259999477e-01,9.457143610378666576e-01
7.633590102199999672e-01,7.981186829387321158e-01
6.174820065499999622e-01,7.017818384849729973e-01
1.029322981830000039e+00,6.765650224224948328e-01
1.302055954929999926e+00,8.248651439932991325e-01
3.164124965670000122e+00,1.058499476342523060e+00
9.734439849849999549e-01,2.043379193036685137e+00
1.229671001429999855e+00,1.527835372378759660e+00
7.441530227660000385e-01,1.246650202170322963e+00
1.063034057620000139e+00,9.575767979145070052e-01
1.123872041700000102e+00,8.514105665260207623e-01
8.984770178790000283e-01,9.886842207509400904e-01
7.175139784810000698e-01,9.056218364510872920e-01
5.367509722709999931e-01,7.817219426039824226e-01
1.175443053249999981e+00,6.251860885140242408e-01
1.101048946379999949e+00,8.792869803718362798e-01
5.734490156170000130e-01,9.911529979506512600e-01
1.431144952770000200e+00,7.422893351242564330e-01
1.037794947620000130e+00,9.931395718040865184e-01
6.568620204930000206e-01,1.071896888652618340e+00
1.074908018110000141e+00,8.259914456945531835e-01
1.385972023009999887e+00,8.514050925176350759e-01
1.004804968829999812e+00,1.080411884600037009e+00
1.609539985660000116e+00,1.024203077239195681e+00
2.817575931549999524e+00,1.188899087312710101e+00
1.962562561039999709e+00,1.953396672541160006e+00
1.279752016069999998e+00,1.880080606834442225e+00
1.995329976079999845e+00,1.490826883195194741e+00
2.033385992049999924e+00,1.580545836627026413e+00
1.307443976400000096e+00,1.634333074824131371e+00
1.611258029939999892e+00,1.306943695506910919e+00
2.040218114850000042e+00,1.303923173838388072e+00
2.183244943620000100e+00,1.593430849447700526e+00
1.351415991779999937e+00,1.742478426297336735e+00
7.242180109020001089e-01,1.429425194681671174e+00
1.363389015200000109e+00,9.303088107889535552e-01
1.526808977129999967e+00,1.035914601478185704e+00
1.784019589420000163e+00,1.250188442356388707e+00
1.103597044940000105e+00,1.370771054908954678e+00
1.763007998470000004e+00,1.251166684181460598e+00
1.157549023629999896e+00,1.341745923279696440e+00
1.153326034550000045e+00,1.253699051811714149e+00
2.362811088559999551e+00,1.117794659068388929e+00
2.580787897110000007e+00,1.603598895658824297e+00
1.242146968839999976e+00,1.971426542900607926e+00
1.712821006770000265e+00,1.528367355969226127e+00
6.676509976389999323e-01,1.478467725472597749e+00
8.271329998970000652e-01,1.032127071797890316e+00
9.642647504809997994e-01,7.192792345276044497e-01
1.394161701200000048e+00,8.090668679549469777e-01
7.584049701689999923e-01,1.089848731282368588e+00
6.900759935379999765e-01,9.579017426755298548e-01
6.740249991419999809e-01,7.681918776521862169e-01
8.615220189090000424e-01,7.040267220544788040e-01
7.907469868659999790e-01,7.647402038740163110e-01
7.285000085830000138e-01,8.132786999405132722e-01
2.411980032920000294e-01,7.379897987589282282e-01
3.354600071909999981e-01,4.240269963105456341e-01
5.912460088730000507e-01,3.473501532696224303e-01
1.058426976200000036e+00,5.048616167397980137e-01
7.669919729230000316e-01,8.416976935676745430e-01
5.881239771840000019e-01,8.178410634529051926e-01
5.922303199769999305e-01,6.606593328610593785e-01
8.753510117530000079e-01,5.690784427745486651e-01
7.038279771799998974e-01,7.474705450053125144e-01
5.677499771120000371e-01,7.189259572819810540e-01
7.133870124819999825e-01,6.341438557343950233e-01
1.077505946160000061e+00,6.611817095912101427e-01
6.909419894220000247e-01,8.788512413666303980e-01
7.724580168719999973e-01,8.522422231892844424e-01
7.237120270730000859e-01,7.860028865074727422e-01
9.752489924429998958e-01,7.137650220084462704e-01
9.151769876479998178e-01,8.235203605737108079e-01
