1.074290990829999792e+00,9.951050418047195922e-01
9.521890282630000035e-01,1.115940589849411912e+00
9.879170060160000766e-01,1.093065419223078649e+00
1.011654973029999960e+00,1.376686408865161804e+00
0.000000000000000000e+00,1.355839309750519472e+00
7.643579840659999736e-01,-1.657569407663630034e+00
7.788103222849999119e-01,8.920807546175029135e-01
3.306220054629999794e+00,2.451504973054216552e-01
1.055441975589999970e+00,7.742346059354904497e+00
7.543110251430000801e-01,1.482267925710610612e+00
7.915459871289999283e-01,2.426113517691781407e+00
1.409499049189999909e+00,5.389786140588274099e-01
8.875439763070001042e-01,-9.851183060700823280e-01
6.401469707490000660e-01,5.762573778694225490e-01
5.082880258560000808e-01,1.533419396964852133e-01
8.640019893649999450e-01,1.549983810058727540e+00
5.725920200349999822e-01,3.599850435924407677e-01
8.469420075419999971e-01,1.560153924784297985e-01
9.181020259860001032e-01,9.934208298470359466e-01
7.976629734039999420e-01,1.414040680468745093e+00
9.608020186419998776e-01,1.046562704170916902e+00
9.555831551549999192e-01,1.289383701128506532e+00
3.470349907879999862e-01,1.097356413941944053e+00
9.546210169789999256e-01,2.419249068094837252e-01
1.293938040730000072e+00,1.064445676947449737e+00
5.251880288119999962e-01,1.562374139636247605e+00
4.773890078070000542e-01,7.097554960020961978e-01
1.275226235389999907e+00,6.375262399787003931e-01
8.723750114439999814e-01,1.292662563971224143e+00
8.355640172959999390e-01,7.866380281416061049e-01
7.321749925609999377e-01,1.189819457699439420e+00
7.640249729160000225e-01,1.000897128940704262e+00
4.072830080990000323e-01,6.013558492399646571e-01
4.752210080619999610e-01,2.665982129674873136e-01
8.781340122220000488e-01,4.369924894241630220e-01
7.414129972460000717e-01,7.881222479630241029e-01
1.258002042770000051e+00,8.463051399658706453e-01
1.069700956339999953e+00,1.747665532990406057e+00
7.274609804150000691e-01,1.702659659070279163e+00
7.892770171170000459e-01,5.866085183037235140e-01
6.237750053410000550e-01,1.000295450030715516e+00
6.914690136910000007e-01,4.331895228033516565e-01
8.557710051540000640e-01,7.118058570868263102e-01
7.093830108640000187e-01,1.032728649684120814e+00
1.014547944070000041e+00,7.763595977091766187e-01
1.115731000900000103e+00,1.386485337747568769e+00
4.182830154900000208e-01,1.301623256338932277e+00
1.002280950550000105e+00,5.587541412083397718e-01
1.218860983849999968e+00,1.337435735007834081e+00
1.143296003339999922e+00,1.197436727401928858e+00
6.528189778330000248e-01,1.418901660265341702e+00
6.746559739110000731e-01,8.652684844507948503e-01
6.009536385540000802e-01,9.716536052632559484e-01
6.694570183749999348e-01,2.790338997892972683e-01
6.538079977039999990e-01,5.037866490830997801e-01
7.814120054240000224e-01,6.737536958801316755e-01
1.206303954120000022e+00,1.110289597715976795e+00
8.469259738919999725e-01,1.275869617203480688e+00
8.286409974099999687e-01,1.082769663562361595e+00
6.482390165329999787e-01,1.245277055819206558e+00
5.623700022700000023e-01,6.338113341994396910e-01
7.183309793469999649e-01,2.082138660918134154e-01
1.099647998810000082e+00,5.700569811283410226e-01
9.541710019110001273e-01,1.549398715108389446e+00
7.290139794350000146e-01,1.469972860772274847e+00
6.694499850270000385e-01,1.272909326357658522e+00
8.631219863889999511e-01,4.652905864536471814e-01
6.464660167689999515e-01,7.261947815978273546e-01
8.223180174830000411e-01,3.449643479421627412e-01
9.235979914669999458e-01,1.259375266703405050e+00
8.300920128820000743e-01,9.331509015266438167e-01
1.067314028740000031e+00,1.068813628327460519e+00
1.546175003050000107e+00,1.544952059874078465e+00
6.827279925350000500e-01,2.145080624846923190e+00
6.385620236399999206e-01,8.918875708068574326e-01
6.464239954950000699e-01,1.011453000082102704e+00
6.881093978879999629e-01,4.384666604899026265e-01
7.273989915849999877e-01,7.356500591573318648e-02
6.500350236890000133e-01,6.258407035357708148e-01
8.693690299990000092e-01,6.792985431478025804e-01
4.408580064769999640e-01,1.251740354388397591e+00
4.518609941010000020e-01,3.460462189139468236e-01
7.575070261959999662e-01,3.533732263268782314e-01
4.952389895920000229e-01,8.546689779838864132e-01
6.850870251659999521e-01,3.499699834703280943e-01
7.243813276289999825e-01,8.285571580676772685e-01
8.653740286830000628e-01,6.713077320477134347e-01
7.400469779970000328e-01,8.695165278738188341e-01
8.070759773250000269e-01,8.420228886991590889e-01
8.204330205920000729e-01,1.203278677341687253e+00
1.114411950110000049e+00,7.965952240826397190e-01
1.108605027200000093e+00,1.466473535807770068e+00
4.751499891279999943e-01,1.388982043108277997e+00
1.039268016820000140e+00,6.890561364567876490e-01
9.457899928090000019e-01,1.362372744105752487e+00
7.877500057220000462e-01,8.941874538438654429e-01
3.504549860949999762e-01,7.382717620387889701e-01
9.367713332179998797e-01,4.240961330186945322e-01
9.868059754369999936e-01,9.311099808041413128e-01
6.470239758489999549e-01,1.276516160939576983e+00
1.029777050020000084e+00,6.611987580401296194e-01
1.187446951870000156e+00,1.575379173317132286e+00
9.328820109369999614e-01,1.236630014549499501e+00
7.528370022769999004e-01,1.575136027308075448e+00
6.420040130619999452e-01,9.730346634706082964e-01
2.307340055699999837e-01,7.055347214842976333e-01
4.714997112749998998e-01,-7.837256956223113136e-01
8.772729635240000823e-01,-6.379250150832687857e-03
7.876309752460000091e-01,6.177052018067905603e-01
2.742219865320000283e-01,1.751569464899863870e+00
3.992269933219999567e-01,4.616338293930902226e-01
9.923512339589999343e-01,4.249345783379134822e-01
7.627239823340000724e-01,2.944328636732320148e-01
7.200859785079999353e-01,1.104666517445439977e+00
6.264780163759999798e-01,9.983116930841990921e-01
7.269890308380000388e-01,9.835992483813333909e-01
9.301019906999999920e-01,3.247214941311897807e-01
6.872699856759999504e-01,9.070902242811714755e-01
8.662552833559999943e-01,8.816205853139987836e-01
8.352038264269999734e-01,1.061784888994841136e+00
9.402499794959999768e-01,9.879288142649157445e-01
1.023357987399999836e+00,1.278941434307522274e+00
7.322629690170000538e-01,1.411469984997748117e+00
9.300749897960000068e-01,9.039113184263913858e-01
8.702930212019999168e-01,8.015753549601251082e-01
5.104020237919999481e-01,1.106524300280182116e+00
1.025817990299999982e+00,5.897613682552484971e-01
4.551239907739999535e-01,1.320877025916965319e+00
7.345349788670000324e-01,-1.430033527908798896e-01
7.012919783589999234e-01,7.769352310684689567e-01
1.014386057849999911e+00,8.327035899521225693e-01
1.123770236970000225e+00,1.278133993152435810e+00
4.825370013710000294e-01,1.479622229118634946e+00
4.689320027830000681e-01,5.274362585094478639e-01
8.755196928980000237e-01,5.490508563321051527e-01
1.145424962039999883e+00,8.393381728621309712e-01
1.943787455560000099e+00,1.310448571316557009e+00
1.557039022450000143e+00,2.483955890695764612e+00
2.104775905609999942e+00,2.805692207052056464e+00
1.062240004540000005e+00,3.244424573857165317e+00
7.867829799650000178e-01,2.037499102785679916e+00
2.247971057890000068e+00,-1.001892145425453684e-01
5.664669871329999218e-01,2.861061833728889336e+00
8.389729857439999217e-01,6.576115284292876062e-01
3.188189864160000386e-01,2.284511709542390356e+00
6.386680006980000046e-01,3.858440930352009107e-02
7.540266513819999794e-01,-7.606864002368214361e-01
1.085826039310000102e+00,-8.904274281268281799e-02
6.014299988750000381e-01,1.370976310844900903e+00
6.923220157619999204e-01,1.346491540108047724e+00
8.782439827919999997e-01,1.006492179950182475e+00
1.279224038119999962e+00,8.103913495344862161e-01
7.251669764520000117e-01,1.514462994742598045e+00
4.283109903339999969e-01,9.911303177869978942e-01
7.012249827380000466e-01,4.758362813094422217e-01
8.846225738529999161e-01,5.228274318764065676e-01
7.809653878210001121e-01,6.576906717312642758e-01
9.259700179100002204e-01,1.063098129905903022e+00
9.178640246389998536e-01,1.578748464228362902e+00
9.073020219799998731e-01,1.243163030495819221e+00
4.099450111390000040e-01,1.041777863885502420e+00
8.741459846500000408e-01,-1.573909783752213132e-01
1.231343984599999830e+00,7.766800854385786934e-01
7.683960199359999299e-01,1.431663220624076693e+00
9.357339143750000865e-01,1.398494800554324735e+00
7.523270249369999885e-01,1.126758200659504272e+00
6.247839927670000293e-01,8.846454076947334322e-01
1.977947235109999591e+00,4.650812751334250650e-01
2.476479291920000048e+00,2.673272366490752283e+00
6.822599768639999729e-01,4.269675328006734105e+00
1.294077992440000102e+00,1.849024348296983034e+00
2.116506099700000032e+00,2.914543981935722616e+00
2.030230045320000176e+00,8.332958844234346074e-01
1.727593064309999926e+00,2.346003594292204397e+00
1.321619033810000010e+00,2.352760624019954783e+00
1.114274978639999913e+00,2.633653614575306445e+00
1.618482947350000201e+00,6.537271021654789127e-01
1.102354049679999948e+00,1.464307550958026560e+00
8.501269817350000091e-01,9.567398853194726271e-01
6.531813144679999850e-01,1.603704900582053616e+00
6.168276071549999573e-01,7.392683201132823623e-01
1.023204803470000090e+00,2.412797027851858178e-01
1.176781058310000017e+00,8.910118216373966726e-01
1.108754038809999898e+00,1.778844954361201047e+00
9.838110208509999177e-01,1.693266155483753144e+00
1.829927563669999868e+00,1.625023761200977246e+00
1.342131018639999951e+00,1.942186777717450630e+00
1.265669584270000092e+00,2.185260207715406633e+00
7.930377125740000199e-01,2.182619575166990344e+00
1.030689358710000114e+00,1.804650072854792286e+00
8.210232257839999992e-01,-8.306152606176733788e-02
1.099169254300000009e+00,4.342647478711380016e-01
5.255355238910000004e-01,1.138676281587354344e+00
7.758393883709999717e-01,8.861188903102062975e-01
7.209759950640000081e-01,8.460383630718234516e-01
8.666771054269999386e-01,6.368075278348717116e-01
8.462041020389999835e-01,7.650486807941303535e-01
7.614132165909999195e-01,9.194796985156843405e-01
6.587246060370000045e-01,1.081654900457877710e+00
1.078659296040000104e+00,7.952462579824849387e-01
1.281940340999999872e+00,1.270452970701339002e+00
6.600005030629999547e-01,1.810886164724715863e+00
1.112500548360000119e+00,1.273787471363606816e+00
6.280704736709999958e-01,1.995310426677784355e+00
6.864575743680000341e-01,3.223023292621185476e-01
9.000409841539999123e-01,-1.888685786875740069e-01
7.342569231990000445e-01,7.411227609609580824e-01
1.011121273039999879e+00,7.564548786435530969e-01
8.827599883079999543e-01,1.807646061136020332e+00
7.521411776540001259e-01,1.023505259513904697e+00
9.489411115650000506e-01,6.648641897116307486e-01
6.799052953720000625e-01,1.229409872716873631e+00
7.211565971369999772e-01,6.986125088394652405e-01
6.504104733470000843e-01,8.617941134231716926e-01
7.167106270790000178e-01,8.364385180207926096e-01
9.056316018100001308e-01,6.282110210174489673e-01
6.526464819910000603e-01,1.264431060637193793e+00
7.056654095649999014e-01,3.678062502479246265e-01
6.581057906149999637e-01,5.436088276110218054e-01
6.592794060709999959e-01,8.020867274270776504e-01
6.634064316750000190e-01,6.669365992442042312e-01
7.808002829549999246e-01,7.912939563954792810e-01
7.565907239910000248e-01,7.966693085443151690e-01
9.280405640600000172e-01,7.786076264476368136e-01
7.073829770089999913e-01,1.252168412692184818e+00
3.888399899009999383e-01,8.858440634417836801e-01
3.422417938710000107e-01,3.663550442811876473e-01
2.337300032380000281e-01,3.648462215424173871e-02
1.459127068520000015e-01,-5.558521036609720412e-01
3.949534893039999828e-01,-4.500972709810957539e-01
9.678409695629999199e-01,1.479656355288499481e-01
7.839220166210000285e-01,1.397092390044610832e+00
8.333759903910000766e-01,1.335721821913754992e+00
9.723259806630000224e-01,1.155611463434994768e+00
6.905210018160000685e-01,1.238391087979937355e+00
1.345324039460000121e+00,5.340106080251166842e-01
7.227010130879999439e-01,1.974036267221680907e+00
6.804850101469999135e-01,1.291126266657164123e+00
7.610610127449999318e-01,9.990650834525515167e-01
8.075709938999999782e-01,3.342423874102570802e-01
5.886639952659999953e-01,4.190600577139831362e-01
9.960750937460000065e-01,3.835549455062286506e-01
1.045413970949999882e+00,1.506840359140083407e+00
4.713059961800000197e-01,1.218783046807368597e+00
1.047140955920000005e+00,6.437320930572523192e-01
1.126214265820000060e+00,1.494590068198869748e+00
2.560461759570000329e+00,1.110665929685673126e+00
7.747610211370000721e-01,4.295513340154955451e+00
7.172060012819999608e-01,2.368571576557284342e+00
8.005080223080000001e-01,2.258064711172232730e+00
5.680390000339999856e-01,-3.911256074621145551e-01
1.195780038829999947e+00,-1.441446899865834075e+00
7.970449924470000003e-01,6.078840852907353431e-01
4.899359941480000979e-01,5.437538096616332250e-01
9.918130040170001216e-01,1.668199863454296938e+00
7.445690035819999553e-01,1.068410318180076368e+00
6.096370220180000743e-01,3.445262534407187438e-01
8.565919995309999591e-01,5.803794523316453402e-01
8.144299983980000102e-01,1.126440378457239211e+00
7.605929970739999657e-01,1.004872129860475471e+00
9.157519936560000184e-01,9.178147993383836134e-01
7.421634793279999753e-01,1.110390236635644179e+00
7.329360246660000522e-01,7.217602464905434889e-01
8.745691180230000805e-01,9.700836909506822536e-01
9.644910097120000803e-01,9.146620512723546703e-01
1.477671980859999845e+00,1.273562909228419526e+00
6.752679944040000937e-01,2.419137244722020963e+00
5.030400156970000758e-01,1.598516997927165617e+00
7.066659927370000371e-01,1.100416563379418733e+00
2.968195915220000369e+00,-4.589722654930634693e-01
1.255300998690000114e+00,3.091272408399536431e+00
4.084815025330000182e+00,2.074734193958919004e+00
1.692322969440000158e+00,6.193680621451096435e+00
4.121052026750000041e-01,3.547053373230639295e+00
1.035750985149999970e+00,-2.554305374921913563e-01
6.408920288089999806e-01,2.310022126821631439e+00
7.065470218660000468e-01,-1.692206169371027302e+00
1.060830354689999977e+00,1.735458626638278212e-01
1.880954027180000043e+00,4.337116859047909778e-01
1.886373996729999725e+00,3.284671111297255752e+00
1.328773975370000082e+00,3.225841485960599275e+00
3.931840062139999592e-01,2.422085569232821811e+00
6.382430195809999374e-01,4.889652215055451112e-01
1.045531988140000035e+00,3.271888582197151618e-01
6.588029861449999913e-01,4.155046330670207899e-01
8.046740293499999863e-01,5.649516109949096476e-01
8.740410208700001293e-01,9.052573358952279436e-01
8.532550334930000258e-01,1.317477741281540382e+00
8.952109813689997919e-01,7.888709751598707021e-01
7.301589846610000434e-01,1.122680457774490659e+00
4.149410128589999802e-01,1.028965815866528244e+00
2.700940072540000125e-01,2.234083447449028426e-01
4.911319911480000466e-01,-2.263481907302350715e-01
5.079169869420000483e-01,1.190819251096380746e-02
1.224020004270000017e+00,3.993942515667233684e-01
1.267657995220000222e+00,2.226757443145985782e+00
2.633487939829999736e+00,1.899582206105309590e+00
3.999615430829999596e+00,4.319544221977102971e+00
6.651418209080000032e+00,5.496567761727072288e+00
2.102678060530000170e+00,9.453944051554268313e+00
1.283689975739999989e+00,4.602416240851410656e+00
1.291347503659999951e+00,2.882623055403167545e+00
1.353754043579999733e+00,6.199944558282283191e-01
2.390191078189999985e+00,-3.262215062649649333e+00
1.461441040039999972e+00,1.026625602871360954e+00
1.599208951000000045e+00,1.158794900495107916e+00
1.471150994300000070e+00,2.400027260947371399e+00
1.298205018039999992e+00,3.827370741183735436e+00
1.579622030259999921e+00,9.964306832492804133e-01
1.360355019570000268e+00,1.891166701436012954e+00
8.036410212519999874e-01,2.002096071231205698e+00
4.276689887049999750e-01,1.280085403558392620e+00
2.694070041180000041e-01,5.561312241956753999e-01
3.897170126439999938e-01,-9.178924662633101972e-02
4.179170131680000067e-01,-7.939155475441929122e-01
1.546036005019999937e+00,-7.788125785477793828e-02
1.017611026760000037e+00,1.866865589702672912e+00
8.653150200839999640e-01,1.911198278248597671e+00
6.194109916690000439e-01,1.519251278223323842e+00
8.454149961469999974e-01,8.482381997429685461e-01
8.048596382139999728e-01,5.154191366777665095e-01
1.435889005660000217e+00,7.661101855637033609e-01
2.565752029420000024e+00,1.643874921475708240e+00
6.206179142000000759e+00,3.638871453518608412e+00
9.309499859810000943e-01,8.609342959355066327e+00
9.077759981159998492e-01,3.477446131213420610e+00
4.609797894950000141e-01,3.357303267638379385e+00
5.264570117000000327e-01,1.425498590162506685e-01
7.942249774930000283e-01,-4.280669768628194483e+00
9.704009890560000295e-01,-1.043143323082059704e+00
6.695889830590000535e-01,2.472058930984568914e-01
6.997730135920000594e-01,1.721260804519528786e+00
6.903669834139999351e-01,1.616992606266597132e+00
6.361600160600000553e-01,7.505062921673667509e-01
9.726700186730000697e-01,6.554433938787158631e-01
6.393389701839999884e-01,1.288943336242355686e+00
5.123779773709999930e-01,7.453143735789171664e-01
5.699130296709999932e-01,6.025204689671030955e-01
8.318089842800000522e-01,2.835396845655877018e-01
4.694110155110000071e-01,7.925840717393298762e-01
9.054309725759998040e-01,3.392809327756348137e-01
8.482750058169999940e-01,1.344450837147374456e+00
6.566630005839999562e-01,9.281460931835378014e-01
6.324055790899999474e-01,7.687526224906291450e-01
3.268550038340000130e-01,4.706517103546675185e-01
3.047409951689999952e-01,-7.548076044063767309e-02
2.159480005499999911e-01,3.418290240825683224e-02
2.148479968310000043e-01,-1.241570142646460512e-01
1.512310057880000003e-01,-2.467737200333290915e-01
4.153338372709999837e-01,-3.108534347977703893e-01
7.344200015070000420e-01,4.492032224620806091e-01
9.913370013240001555e-01,7.915758929637033425e-01
7.910000085830000138e-01,1.513756547376697625e+00
7.429170012469999973e-01,1.087573097076138584e+00
7.426548600200000294e-01,9.163962495348965120e-01
8.799139857289999256e-01,6.074696674799973106e-01
7.376829981800000491e-01,1.033185481958863727e+00
1.240342974660000097e+00,9.142736459760725243e-01
8.343409895899999151e-01,1.708454176028942451e+00
3.054729998110000122e-01,1.146287130511804309e+00
8.929460048680000206e-01,1.826563605193792517e-01
1.285866022110000007e+00,8.808455801868504409e-01
4.146400094030000538e-01,1.140550980447369911e+00
1.090137004850000091e+00,8.296727395133697280e-01
5.923830270769999684e-01,1.832466259343717763e+00
3.773260116580000045e-01,5.889959389901464615e-01
2.693597316740000469e+00,-4.064863228365694914e-01
2.288666009900000020e+00,3.162629028288821420e+00
8.955270051960000366e-01,4.148369712043893820e+00
8.070570230480000884e-01,3.156370772353759513e+00
1.194862961769999954e+00,2.386471630926483289e+00
8.929409980770000033e-01,-7.561855926612244261e-01
9.776080250740001309e-01,-5.557360008080797220e-01
1.832507014270000179e+00,5.946025042546114747e-01
1.403792977329999747e+00,2.572019744686766085e+00
7.223749756810000644e-01,2.640111053037000666e+00
6.599410176280000595e-01,1.122265574003009636e+00
7.407349944109999917e-01,8.790097471493540926e-01
5.553659796709999874e-01,-2.598368254123433960e-02
1.236768960949999885e+00,1.090358282767895648e-01
6.214020252229999208e-01,1.594795249064497211e+00
7.108730077739999764e-01,1.154734974671165482e+00
3.064779937269999643e-01,1.013478187959211851e+00
6.473349928859999380e-01,-5.730660551305626765e-02
5.458269715310000159e-01,1.179229864360470531e-01
1.024247765539999966e+00,3.849874977596031145e-01
8.176820278170000567e-01,1.308817527726517715e+00
7.440620064740001149e-01,1.571084673681243160e+00
7.367150187490000279e-01,1.059786976316518414e+00
5.768560171130000525e-01,1.220434306883466657e+00
9.152600169180000744e-01,-3.659343534077992288e-01
1.137029051779999911e+00,8.752543400154207953e-01
4.960080087179999930e-01,1.319426059104794824e+00
4.941360056399999312e-01,1.037411982340787464e+00
8.834533095360000976e-01,1.231721209042997006e-02
1.271524906160000024e+00,7.455676214385291711e-01
8.864369988439999570e-01,1.479131198082449083e+00
8.988280296330000141e-01,1.889572143953590189e+00
9.049779772759998231e-01,1.496199897346038865e+00
8.299319744109999730e-01,1.295566273886842756e+00
8.756300210950000995e-01,1.471974614823130523e-01
5.502920150760000073e-01,8.417165955780544495e-01
1.073919415470000027e+00,3.991463241543973806e-01
8.491920232770000521e-01,1.541054096799458373e+00
6.393229961399998773e-01,1.015965253161687620e+00
7.995309829709998928e-01,8.666328520157298154e-01
9.646000266079999275e-01,9.924851349258451139e-01
8.413559794430000016e-01,8.094531430869975619e-01
7.011449933050000194e-01,1.112832102839088400e+00
7.240070104600000445e-01,1.048134107619821620e+00
1.010308027270000020e+00,5.506951103541442016e-01
6.538060307499999890e-01,9.774148360877135122e-01
7.932850122450000319e-01,6.542366354293450703e-01
6.538396477699999210e-01,1.139617839333047167e+00
1.160789966579999888e+00,5.457221914131431539e-01
8.085789680480000019e-01,1.316724353528675895e+00
3.743770122530000188e-01,1.101842117364191465e+00
2.556999921800000020e-01,4.505668808860918695e-01
4.893150031570000502e-01,-1.246264546467563128e-01
1.151844024660000132e+00,-1.169509695476831368e-01
7.372779846189999597e-01,1.383020036955979748e+00
1.088750958439999916e+00,1.278307720125425373e+00
1.975852966309999958e+00,1.632846565710868836e+00
8.547700047490001118e-01,2.695206778192205554e+00
7.977370023729999371e-01,1.526479322167533681e+00
1.052428960799999924e+00,1.733836088696405708e+00
3.179450988770000208e+00,1.129770885051083695e+00
1.797067999840000541e+00,3.211694293708869274e+00
1.056702017779999947e+00,2.782328660384344676e+00
8.751260042189999977e-01,2.350487469527756446e+00
6.645399928090000019e-01,1.573320991835952531e+00
7.571684122089999969e-01,-9.895980089957023829e-01
1.368484020229999931e+00,9.230887529491539623e-02
9.052469730380000579e-01,1.387304986644763538e+00
1.032060980800000083e+00,2.173719331098156626e+00
6.141330003739999821e-01,1.885336889944171590e+00
9.733130335809999645e-01,6.857759566494441295e-01
6.452289819719999597e-01,2.458610740019556429e-01
4.894390106200000035e-01,3.212109622698787748e-01
8.408679962160000576e-01,2.223954076212829589e-01
7.771940231319999226e-01,1.332814749102520402e+00
6.755350232119999854e-01,7.578870298622207846e-01
6.592059731480000018e-01,8.793571629445011695e-01
1.084153056139999904e+00,6.750289058468621484e-01
9.314100146290000826e-01,1.329569031214477448e+00
1.359479665760000122e+00,1.098876247803920236e+00
7.633988261220000515e-01,2.028888600192675362e+00
5.357339978220000409e-01,1.158444238035722051e+00
6.781889796259998882e-01,6.205638459764518666e-01
7.839810252189999273e-01,5.053161094541358533e-01
1.169367671010000054e+00,2.452277070141683224e-01
1.015287995340000027e+00,1.298451953966934136e+00
9.259430170060000131e-01,1.885190075901119311e+00
1.319244027140000108e+00,1.660680629306320766e+00
9.717460274700000511e-01,2.094230334720179165e+00
1.176299691200000108e+00,5.638922330847130349e-01
1.714609026910000056e+00,1.370090840070043559e+00
1.307337045669999975e+00,2.354391986756427801e+00
6.186890006069999393e-01,1.819924233049204254e+00
2.298435926440000276e+00,1.261596786711833840e+00
1.808241009709999680e+00,3.269395086051075427e+00
8.794149756429999742e-01,2.424812406486931415e+00
1.570945024490000064e+00,1.811724756687501214e+00
1.578516006470000121e+00,1.519842627355435516e+00
6.200309991839999535e-01,1.108017320385083604e+00
9.928810000419999726e-01,4.085447007323316782e-01
4.551869928839999968e-01,1.749615290874418694e+00
1.017398953439999865e+00,1.322512281542313761e-01
8.378469943999999892e-01,6.633586291920303690e-01
4.884769916529999589e-01,8.137198535304488445e-01
1.246340990070000210e+00,7.285182504872788067e-01
1.209630966189999990e+00,1.826096732354546059e+00
1.252451062200000020e+00,1.391765399736552888e+00
1.519726991650000025e+00,1.941161938022615274e+00
1.063797950739999942e+00,2.025055391206180833e+00
1.571495056150000069e+00,1.328120844317624671e+00
1.278105020519999968e+00,2.255261267125332036e+00
1.192077994349999948e+00,1.873208010814880753e+00
8.304439187050000060e-01,1.664569656756844651e+00
1.402015686039999931e+00,8.315630960242803571e-01
1.156504034999999986e+00,1.423921570261964975e+00
1.162554860120000200e+00,1.544768684227073585e+00
6.007519960399999581e-01,2.003736346482654085e+00
1.253835797310000055e+00,7.776744427867833265e-01
1.791844010349999960e+00,9.688077284306337855e-01
1.734062552449999961e+00,2.235743776863600818e+00
4.939970970150000085e+00,2.695101111328300991e+00
2.394351005549999911e+00,7.592535788674278585e+00
2.212575912479999740e+00,4.537910913772865484e+00
1.886527061460000265e+00,4.510197679257482939e+00
9.343829751010001017e-01,2.429559888820273184e+00
9.099829792979999832e-01,-2.647105260284884132e+00
8.112999796870000724e-01,-8.541616780136065401e-01
1.049708962440000004e+00,3.484422262287692473e-02
1.351788043980000076e+00,2.341359477880304851e+00
1.277305960659999906e+00,2.482610381385430109e+00
7.854449748989998925e-01,1.747364673519693268e+00
4.846229851250000165e-01,1.246580532418831710e+00
6.676359772680000582e-01,5.414042446468508851e-01
8.322510123249999836e-01,-4.496052251083508533e-04
5.959370136259999340e-01,4.559016029233400880e-01
3.410890102390000123e-01,5.376073939721605077e-01
6.860110163689999707e-01,4.271224598946216089e-01
8.153510093690000682e-01,7.431129228381785357e-01
3.985430002210000322e-01,8.264994139370777093e-01
6.998159885410000225e-01,4.033685067986135797e-01
4.263690114019999533e-01,6.937341389832407668e-01
6.866139769550000382e-01,3.183173714904650176e-01
1.826770007609999913e-01,8.972043894820196375e-01
7.018824815749999946e-01,-1.383831650449456052e-01
1.796682000159999681e+00,3.882135199338331843e-01
7.204269766809999753e-01,2.913416558437942339e+00
4.680640101429999755e-01,2.321539007734689353e+00
6.408870220180000743e-01,1.740984932102388250e+00
7.520520091060001189e-01,-4.794519654930551877e-01
1.001817584040000098e+00,-9.599837267319465406e-01
1.660804033279999814e+00,5.441534863440823377e-01
1.450595021250000061e+00,1.830213771862708505e+00
1.085010051729999869e+00,3.143744817117525958e+00
1.099555015560000015e+00,1.997299744477663452e+00
7.694180011750000325e-01,1.270360375273368314e+00
1.254430413249999932e+00,7.792818119506671470e-01
1.496320962910000052e+00,1.273078212293889511e+00
7.186369895940000196e-01,2.037153665345806886e+00
8.902019858359999649e-01,1.209654628560919321e+00
9.891759753229998342e-01,1.601020391836600165e+00
2.849014520649999938e+00,7.652573518931192753e-01
4.281075000759999583e+00,3.203351724197515793e+00
1.248739004139999942e+00,6.326746986324438105e+00
7.096589803699999699e-01,3.302665930649308468e+00
7.497439980509998936e-01,2.198156995033577754e+00
8.907449841500001408e-01,-6.678162946845046521e-01
1.469527959819999952e+00,-1.337972488039063546e+00
1.608888030049999918e+00,1.163806860534336352e+00
1.043460965159999976e+00,2.942588059084500163e+00
1.184751033780000018e+00,3.397439620593996956e+00
5.063725113870000127e-01,2.667423647332964887e+00
6.946156024930000283e-01,-1.466050576743272549e+00
9.299110174179999744e-01,-5.516945551139859072e-01
7.754629850390000190e-01,1.779570054241716714e-01
8.564696311949999696e-01,9.040946181016700223e-01
9.269009828569999554e-01,2.021379836160148269e+00
7.506660223010001021e-01,1.202682008550925108e+00
9.248849749570000611e-01,9.592560346556523454e-01
1.070162653919999984e+00,1.339280875669870641e+00
8.752880096439998869e-01,1.113630333720837529e+00
7.511039972310000756e-01,1.306142077921120359e+00
8.627579808239999037e-01,1.015325392469826893e+00
5.096570253369999692e-01,1.038413543476385925e+00
8.495249748229999343e-01,-3.199546104931135556e-03
6.711369752879999817e-01,6.048211574685227188e-01
6.132180094720000030e-01,6.858616772121902683e-01
3.810549974440000098e-01,8.842056587997428885e-01
8.710420131680000067e-01,4.619230167373771234e-01
6.540319919589999698e-01,8.480008426787678522e-01
9.089673757550000843e-01,3.253077933007835765e-01
9.709029793739999414e-01,1.227054658658198072e+00
9.856920242309999969e-01,1.485669304962989656e+00
1.356256246570000101e+00,1.398583428900997072e+00
1.309872984889999925e+00,2.084939333377323845e+00
6.344919800760000506e-01,1.831089085300176000e+00
5.933508276940000492e-01,9.133871611145198965e-01
8.796380162239999523e-01,7.483926432030745257e-01
1.131836414339999930e+00,3.063659591350312850e-01
1.841274023059999987e+00,8.783760273306125965e-01
2.261745929719999992e+00,2.444707337654398405e+00
2.597975969309999744e+00,3.774497238829811696e+00
2.399192094800000064e+00,4.121717277517506162e+00
1.982298016549999931e+00,3.623748054589507994e+00
2.269547939300000206e+00,2.852994425643768484e+00
2.017889976500000238e+00,3.113367906581621547e+00
1.452262043950000026e+00,2.599986384080852808e+00
1.342797994609999934e+00,2.196291373577590633e+00
1.311915040020000145e+00,2.337363015414714695e+00
1.276762008670000226e+00,1.206078298251890057e+00
1.275267004970000118e+00,5.638219347273657478e-01
1.210446000100000141e+00,1.173317706227348545e+00
8.153480291369999966e-01,1.367765666358177201e+00
7.271119952200000291e-01,1.394343677797444947e+00
6.043019890790000126e-01,7.975394203609897925e-01
9.830358624459998307e-01,4.774148303997225451e-01
1.101529002189999940e+00,8.425422152601296233e-01
1.183724999429999869e+00,1.526083070274487863e+00
4.356400072569999726e-01,1.980787119136141916e+00
3.270040154459999959e-01,5.751330279143391788e-01
8.039849996569999879e-01,-6.006143657565881089e-01
4.216859936710000145e-01,5.280932835822529370e-01
5.734559893609999515e-01,9.505994624809399607e-02
3.959457874300000291e-01,1.030567975780549261e+00
4.163750112060000119e-01,-2.788557620566658058e-03
5.603970289230000290e-01,2.528294037898537461e-01
7.749050259590000156e-01,5.731635631416898136e-01
6.370840072629999629e-01,9.416121152169829589e-01
3.839260041709999793e-01,6.894595988997360703e-01
5.648739933969999516e-01,3.704428789060959515e-01
1.054715037350000051e+00,4.548798068238880110e-01
6.537709832190000681e-01,1.110629028380171857e+00
5.931029915809999942e-01,9.182429946405713528e-01
1.022608995439999946e+00,6.971673213959899140e-01
8.359869718549999273e-01,1.325960874906864984e+00
6.375340223309999832e-01,7.363910713328070123e-01
9.755985140800000899e-01,7.908702060317887028e-01
4.898079931740000337e-01,1.093034318441770791e+00
1.098647952079999879e+00,4.437177782332260012e-01
1.151165962220000116e+00,1.437244029165633430e+00
8.061249852179999120e-01,1.533731051568020920e+00
4.744769930840000427e-01,9.107952818961122521e-01
7.896029949189999897e-01,5.353822338844560491e-01
4.762530028820000094e-01,6.065043106201082335e-01
5.455229878430000179e-01,1.834299888314006866e-01
6.212809681889999158e-01,6.169629532736221611e-01
7.707700133319999036e-01,6.442087664358849830e-01
9.337069988249999675e-01,6.987894658055108232e-01
8.110550045970000843e-01,1.301118698026451970e+00
6.005529761310000048e-01,1.345195478825725655e+00
1.002521038060000036e+00,7.387716389959146923e-01
8.921650052070000392e-01,1.004481040138798020e+00
9.160850048069999474e-01,7.313444247499722994e-01
7.413420081139999729e-01,1.213456510571334634e+00
9.283249974250000758e-01,9.976766290099184920e-01
6.429409980770000033e-01,8.387847138771300504e-01
9.950090050700001187e-01,7.966865824827351616e-01
6.271365880970000140e-01,1.345314164230679399e+00
1.038689017300000073e+00,8.017579809458378337e-01
6.888009905820000611e-01,1.003656411825077477e+00
5.214130282399999095e-01,8.575295185526513597e-01
6.510270237919999481e-01,3.518635454518508898e-01
1.159701943399999990e+00,6.590193565956956601e-01
6.456400156020000169e-01,1.300068579256849599e+00
1.195862650870000099e+00,1.094396825134236861e+00
1.304703950880000018e+00,1.553349935933512338e+00
8.844429850579998975e-01,1.905368256523562343e+00
7.697709798810000725e-01,1.310129652382723275e+00
7.702100276950000213e-01,1.166516865347046128e+00
6.418280005459999771e-01,6.379025107506193226e-01
8.937159776689999058e-01,-6.319989842917690670e-02
5.247250199319999364e-01,8.721609353173077617e-01
5.142210125920000374e-01,4.149911328541247002e-01
7.172748446459999982e-01,9.714786125947352247e-01
6.410769820210000525e-01,4.092080785936573761e-01
4.689820110800000386e-01,7.876714164262195172e-01
1.203750014310000171e+00,6.905050190315823455e-01
7.911959886550000709e-01,1.894414372689623871e+00
1.136301159859999910e+00,5.668771506910302849e-01
8.642929792399999256e-01,1.614784982339421360e+00
8.814030289650001126e-01,1.239066125774528349e+00
5.817409753800000249e-01,1.052946163443216676e+00
8.651199936869999885e-01,6.552141285575747709e-01
9.078124761579998703e-01,2.572182516719472845e-01
7.377740144730000615e-01,7.919178077221413758e-01
1.120375037189999867e+00,8.712209459379951504e-01
9.422479867940000142e-01,1.888991356480085759e+00
1.060060024260000011e+00,1.042398182325436240e+00
7.158420085910000008e-01,1.175710723955275094e+00
4.040209949019999969e-01,9.798148581205039509e-01
2.920779883859999648e-01,2.298549808095298741e-01
6.317924261089999938e-01,-1.827862283082011818e-01
1.124665260310000026e+00,2.530432916314159786e-01
1.115690946580000009e+00,1.470038719883766332e+00
1.247418999670000028e+00,1.908804004018513911e+00
6.976169943809999996e-01,1.998093944849596015e+00
3.693974971769999893e+00,9.174897944009314799e-01
8.204839825630000361e-01,4.901292677740763715e+00
8.573070168499999921e-01,2.307820625718876695e+00
6.902359724040000311e-01,2.575942278226178050e+00
8.385969996449998964e-01,1.471513627614488007e+00
1.287726998329999928e+00,-2.201483724824353505e+00
9.632229804990000144e-01,3.169485328222805820e-01
1.343299984930000024e+00,7.663524366442718838e-01
7.316169738770000874e-01,2.536816083705928815e+00
6.809219717980000697e-01,2.007592634656189201e+00
7.014784216880000089e-01,-1.408023276211775587e-01
6.698030233380000142e-01,4.560003937359670689e-01
1.365643024439999964e+00,2.021733661998180165e-01
9.781420230869999344e-01,2.101712104452534202e+00
6.786789894100000442e-01,1.712920139244689555e+00
5.976330041890000055e-01,1.035836442931157064e+00
8.193774819369999962e-01,7.169252956267023746e-01
7.911109924320000042e-01,4.459512128175068812e-01
1.044147372249999872e+00,7.332827085566898662e-01
1.400015950200000026e+00,1.398782386055748672e+00
8.748620152470000244e-01,2.161617744859781975e+00
6.228179931639999944e-01,1.202677374737890048e+00
7.164059877399998610e-01,8.148267595107508976e-01
6.523500084880000660e-01,2.689944407132737747e-01
9.379299879070001067e-01,2.486895180770788971e-01
5.936999917030000296e-01,9.232181650613638935e-01
5.393440127369999448e-01,9.615410570851541383e-01
9.370089769359999377e-01,5.800615005202411911e-01
8.087720274930000341e-01,1.089199774909754170e+00
5.654280185700000239e-01,8.483987693381284112e-01
6.020820140839999723e-01,7.629414780605752178e-01
1.146679997439999932e+00,4.643372577364187070e-01
9.824249744419998320e-01,1.234695423821910110e+00
5.671510100359999917e-01,1.388639303461243646e+00
7.866399884220000027e-01,1.046355923309780334e+00
7.388439774510000557e-01,7.117857431316303440e-01
6.810299754140000106e-01,3.537759229969398844e-01
7.086979746820000203e-01,6.346684986175860077e-01
6.642330288889999323e-01,9.500715783382536195e-01
5.124790072439999733e-01,6.444776283973890907e-01
6.040380001070000393e-01,4.247766269358775881e-01
6.728799939159999521e-01,6.671691302093123443e-01
8.265414834020000656e-01,7.099081039742274335e-01
4.546860158439999799e-01,8.943901611924310879e-01
5.594509840010000179e-01,3.886499458988558198e-01
1.332218050960000122e-01,7.003840877548042076e-01
1.633069962260000063e-01,-4.399396265699114239e-01
1.797860413789999778e-01,-4.574183113770044495e-01
5.747918486599999932e-01,-5.997155997277150430e-01
8.508148789409999413e-01,7.540543071437050271e-01
8.527640104289999634e-01,1.240997430773968402e+00
1.687628030779999788e+00,1.359309524870828456e+00
2.149522066120000297e+00,2.027185830166547298e+00
8.122850060459999577e-01,3.377265935152257814e+00
1.239639997479999867e+00,1.745997495624209028e+00
2.128437280650000041e+00,2.505902729891892111e+00
2.139239072800000141e+00,1.822473411272745647e+00
9.779880046840000452e-01,2.559103394198497305e+00
6.937779784199998856e-01,1.748590534441537558e+00
7.218790054320000094e-01,1.855911238638741523e+00
7.631160020829999002e-01,-3.709047767650678340e-01
8.565329909319999713e-01,-2.518178170604474242e-01
1.109338045120000116e+00,5.667925432236170513e-01
6.476340293879999654e-01,1.754225561249223908e+00
9.241870045660001143e-01,1.089832847698425145e+00
7.877320051189998784e-01,1.254601890039495737e+00
1.305567026139999864e+00,8.379051544978126653e-01
9.107710123060001051e-01,1.615504806766753010e+00
8.699640035629999657e-01,1.281744999706767363e+00
5.743020176890000217e-01,1.153905012476346359e+00
8.599532246590000373e-01,5.662492300820433089e-01
4.775849878790000558e-01,5.266446831755746683e-01
1.108017444610000179e+00,2.182256543746169120e-01
1.290724992749999966e+00,1.467192514357476663e+00
8.591579794879999898e-01,2.223139232461353476e+00
3.058980107309999807e-01,1.274334700049507774e+00
9.039019942279998832e-01,5.569763922773969256e-01
6.352750062940000220e-01,6.925862940414588553e-02
1.023422956470000145e+00,1.653565331761392421e-01
6.730669736859999919e-01,1.343080045913182197e+00
8.504790067669999454e-01,1.087115449378588838e+00
5.141969919200000128e-01,1.112708217692737644e+00
1.527956604959999964e+00,5.554256460377713367e-01
4.094385623930000051e+00,1.596358126888790308e+00
9.952359795569999390e-01,6.179633382048505652e+00
8.670449852940000923e-01,3.107637080161855803e+00
1.141056060789999993e+00,3.151089053613866930e+00
1.622257947919999888e+00,7.973097468993597392e-01
1.980204939840000344e+00,-1.206295399493758191e+00
1.375547051430000112e+00,1.565537185969183565e+00
1.851865053179999610e+00,1.424628537139131401e+00
1.420923948290000016e+00,3.835016635888038650e+00
1.589177966120000285e+00,2.519261231264809719e+00
1.673199415210000041e+00,1.932086200833129208e+00
2.123934030530000072e+00,1.904964245130262412e+00
1.648401975629999905e+00,3.092408845273554974e+00
1.204741954800000014e+00,2.816592562677750156e+00
7.920839786529999538e-01,2.293636829947872879e+00
1.227027416229999890e+00,-4.936141045030550956e-02
1.226951003070000157e+00,4.731410423574884949e-01
1.131343960759999989e+00,1.021413098605228109e+00
1.252465009690000075e+00,1.472378934859604138e+00
1.116891980170000132e+00,2.282145941902645525e+00
1.122387051579999850e+00,1.264319026719085359e+00
1.040153026579999862e+00,1.403708813857635906e+00
8.091310262680000420e-01,1.439868782880791231e+00
7.681059837340000751e-01,8.743115800531342519e-01
7.982919812199998910e-01,8.510892164385008840e-01
7.666722536090000428e-01,7.348319670694415384e-01
1.057360053060000027e+00,6.778837301844899965e-01
8.607699871060000563e-01,1.303391384173254064e+00
1.070777058600000053e+00,1.225169899788362660e+00
5.301510095600000527e-01,1.310519848292761580e+00
6.604189872739999467e-01,5.036795558727612532e-01
9.909179806709998983e-01,6.091821126275236420e-01
3.561530113220000016e-01,1.229688708044963441e+00
9.618239998819998471e-01,2.168736860824253265e-01
1.244829058649999931e+00,1.194219172777835292e+00
8.381230235100001202e-01,1.388714025743877034e+00
9.245989918709999200e-01,1.200809161010190973e+00
8.131660223010001021e-01,1.352783558128849428e+00
1.003061056139999963e+00,9.766053987192777619e-01
8.752340078350000496e-01,8.349404412628806949e-01
7.991399765009998823e-01,1.048727914489218982e+00
8.812961578369999938e-01,1.029533658032782739e+00
1.063080191609999892e+00,9.029896842167806081e-01
9.057049751279999672e-01,1.181693557973280573e+00
6.909559965129999926e-01,1.242345456611805954e+00
1.355970025060000195e+00,9.680632668675275276e-01
7.572399973869999856e-01,1.776094591102813203e+00
2.043754577640000125e+00,7.565760064592699230e-01
8.576130270960000690e-01,2.823748663691763916e+00
2.364957094190000220e+00,1.748025296867468326e+00
4.179231166840000178e+00,3.168221566260465583e+00
2.233561992649999883e+00,5.797397045163823037e+00
8.013390302660000630e-01,2.642559772469537993e+00
8.372840285299999463e-01,2.305203746572018098e+00
8.851529955859999133e-01,1.527742477936951060e+00
9.040349721909999303e-01,-1.067802818051791780e+00
1.302939534190000082e+00,-2.834596237417761483e-02
7.228699922560000157e-01,1.476121071643745619e+00
8.009120225910000279e-01,1.952181947024658415e+00
1.032919287679999965e+00,1.074954437805502483e+00
1.321628212929999879e+00,1.151147468993945377e+00
9.367759823799999275e-01,1.394899067411488502e+00
7.007700204850000336e-01,1.242431756867443005e+00
7.624319791789999634e-01,1.245031228944233126e+00
1.144938945770000105e+00,7.941580504366841931e-01
7.721610069269999599e-01,9.717421943849173793e-01
8.772150278090000697e-01,7.172712253619935030e-01
1.243505001070000171e+00,1.123648924867842291e+00
6.381840109830000385e-01,1.839504641169404264e+00
7.468199729919999807e-01,8.122130625836210260e-01
6.839929819109999976e-01,1.201212581504661703e+00
1.419505119320000119e+00,9.483316685173325267e-01
6.141470074649999500e-01,9.558553258181872181e-01
7.347676754000000976e-01,6.826942225762173688e-01
6.770560145379999062e-01,1.186728553691739574e+00
1.074026942249999950e+00,1.094224149051236106e+00
6.156389713290000287e-01,6.819989740376438681e-01
9.692379832270000550e-01,4.344229452460219298e-01
9.916120171550001361e-01,1.212617201075229634e+00
8.089560270310000023e-01,1.307095017362362332e+00
2.435143947599999859e+00,8.651158146255669701e-01
8.223479986189999869e-01,3.841963347622514569e+00
5.938220024110000272e-01,1.767767193262119729e+00
5.762249827380000466e-01,1.473100002827498756e+00
4.224239885809999429e-01,8.300848098649304951e-02
6.765879988670000511e-01,-1.441303312901047295e+00
5.520349740979999531e-01,2.928462118646749102e-01
9.015229940410000031e-01,1.140423341024837944e-01
7.489960193629999763e-01,2.005294096508224655e+00
8.627583980560000754e-01,9.350125089531492462e-01
9.480749964710000199e-01,1.075001809462293290e+00
1.055613875389999956e+00,1.411275327663778389e+00
1.970020055770000056e+00,1.216112032747795224e+00
9.391199946399999554e-01,2.975449322058364654e+00
1.009042978289999892e+00,1.463460507893789231e+00
7.824029922490001177e-01,1.897867698385563129e+00
1.016265034679999957e+00,3.591591768711762112e-01
8.782749772069999850e-01,2.565100695480264092e-01
7.353619933130000064e-01,6.497163367950828938e-01
1.109990954399999952e+00,1.187476584432864302e+00
7.727199792860000027e-01,1.596294919488997710e+00
1.164981961250000086e+00,7.574129648597326403e-01
7.157210111620000426e-01,1.438364408340493394e+00
1.475479006770000101e+00,9.801356683773823075e-01
8.354520201680000202e-01,2.005977488160936240e+00
7.344660162930000125e-01,1.410299258852250270e+00
7.861927747729999805e-01,7.229788536147799816e-01
1.143465042110000107e+00,7.189185495487449007e-01
9.246990084649998609e-01,1.031629669681005890e+00
2.958764553069999970e+00,1.131252016172267671e+00
2.138324022289999959e+00,4.406497730982686711e+00
2.038712024690000124e+00,3.596541173209670372e+00
1.480209946629999829e+00,3.675225989353127609e+00
9.367650747299999248e-01,2.996267814195425760e+00
1.715939760209999942e+00,-5.610366839236903269e-01
1.001402020450000041e+00,1.592706105972391928e+00
8.896229863169999863e-01,7.743640741597279664e-01
7.492939829829999843e-01,1.574537129779208566e+00
1.115183949470000213e+00,9.210460818059038601e-01
9.457820057870000019e-01,5.836672387709819221e-01
6.452180147170000213e-01,1.220346434484065323e+00
1.164842009540000056e+00,1.158625772820258470e+00
1.244351029399999975e+00,1.610080785392219660e+00
9.045109748840001185e-01,1.105665777438593400e+00
5.575259923929999362e-01,1.038867405568681512e+00
5.778343677520000332e-01,9.832309710460053198e-01
7.199835777280000348e-01,5.599760961720898766e-01
7.607790231700000128e-01,6.524798462080898531e-01
5.404400229450000426e-01,8.646891492937216483e-01
8.009672760959999360e-01,6.130430061066384217e-01
7.710149884220000027e-01,7.690442118270174321e-01
6.709719896319999988e-01,8.599609495267571679e-01
2.768970489500000021e+00,8.605596462016732451e-01
3.086133003230000060e+00,4.041224866980721586e+00
1.116358041760000086e+00,4.857039703670228192e+00
1.018260955809999979e+00,2.896001677774228789e+00
7.442610263819999794e-01,2.293875064560923160e+00
1.114386796949999869e+00,-5.380668414076129613e-01
1.380516409870000238e+00,-2.517513017633931094e-01
1.229098439219999950e+00,1.105029564853846624e+00
1.573238968849999919e+00,1.766084961419445154e+00
1.245597958560000107e+00,2.966957050613553637e+00
8.298619985580000247e-01,1.838019795158969405e+00
5.376980304720000436e-01,9.808792296430838276e-01
8.593800067899999284e-01,1.931257869839815844e-01
7.949647903440000274e-01,2.717510814347601777e-01
8.122889995569999577e-01,2.916125691053845781e-01
1.209460973739999945e+00,1.271165417556079147e+00
1.043611049649999956e+00,1.844606784712555125e+00
9.914460182189999138e-01,1.442133551863843399e+00
1.377645969390000058e+00,1.036686433683766673e+00
7.495359778399999229e-01,1.884495910594128354e+00
7.549669742579999676e-01,9.305272834222133582e-01
8.522210121150000095e-01,9.163017386696851174e-01
1.312628030780000010e+00,9.727185283622589163e-01
9.499999880789999906e-01,1.323267480071324664e+00
8.433979749680000637e-01,1.366622124790606518e+00
6.329939961430000039e-01,1.322016138049280309e+00
6.848490238189999246e-01,6.354837693754630257e-01
8.296039700509999504e-01,3.488187634009553006e-01
1.117776036259999994e+00,8.325665515776303760e-01
1.060515046120000138e+00,1.705887711568897069e+00
9.966710209850000446e-01,1.601591474622169775e+00
6.726049780850000825e-01,1.616198280412095123e+00
8.499810099600000335e-01,2.878497163774756951e-01
7.929700016980000266e-01,5.803100011365234234e-01
7.509549856190000927e-01,7.106242099366172349e-01
9.556260704989999466e-01,1.177616569414993819e+00
6.085839867589999397e-01,9.698229361532830772e-01
7.782499790189999489e-01,5.883783228882565330e-01
5.098140239720000411e-01,9.277538670512414098e-01
6.364319920540000286e-01,5.938413043311639994e-01
6.015599966049999248e-01,5.912438236001565928e-01
6.556333899499999784e-01,4.741390976825739512e-01
6.385549902920000243e-01,6.485559609075908227e-01
8.762890100480000832e-01,7.218692909712070005e-01
7.967479825020000739e-01,1.219322252597764056e+00
6.824830174449999509e-01,1.001337503582932387e+00
8.025500178340000401e-01,7.217970707518754914e-01
7.950311899190000142e-01,8.256393802567425499e-01
1.584897041320000088e+00,8.179143502387780096e-01
1.017485976220000143e+00,2.212383534911734007e+00
9.177780151369998585e-01,1.689542718219283035e+00
1.230221033100000083e+00,1.426969395482404979e+00
1.027899026870000121e+00,1.441470070846363694e+00
9.125559926030000213e-01,9.965021258013908589e-01
7.935979962350000472e-01,1.249462273500724807e+00
1.030437946320000187e+00,8.366303447664179549e-01
5.325379967690000438e-01,1.074105051753169837e+00
6.127780079839999505e-01,5.282005247596276432e-01
8.741289973260000234e-01,5.534587070276396625e-01
3.667230010029999820e-01,9.068790794818362144e-01
7.391750216480000857e-01,7.701918541484187308e-02
5.604230165479999748e-01,8.428583647294674019e-01
7.758178114889999755e-01,6.135047267027402551e-01
8.102909922600001202e-01,8.512642032379801327e-01
6.437510252000000488e-01,1.037340556253519619e+00
7.236457467079999706e-01,8.026320271904329173e-01
9.113870263100000146e-01,9.907617196552387373e-01
6.627830266949999993e-01,1.042635320876394101e+00
1.002035975460000117e+00,8.799943021641717378e-01
8.224419951440000709e-01,1.442808264858446821e+00
1.030576944350000135e+00,1.106982400712135384e+00
6.781139969830000114e-01,1.273034842083170526e+00
5.333459973340000104e-01,7.963057917531159990e-01
3.209959864620000047e-01,-1.885182233980277899e-01
7.608630061149999069e-01,-4.228330120082499782e-02
7.439860105509998878e-01,4.628341254302309471e-01
5.468400120740000148e-01,1.151054423574930263e+00
7.004669904709999173e-01,6.306038036004762981e-01
8.356525897980000561e-01,7.370747530238830336e-01
1.274258971210000091e+00,8.969925440185658738e-01
8.934450149539999719e-01,1.996484686543184672e+00
6.211659908290000365e-01,1.597959097617839719e+00
7.900159955019999680e-01,1.082051583040730236e+00
1.067494988440000014e+00,3.427386416122611967e-01
6.698009967800000464e-01,9.443407950065575429e-01
1.265694975850000015e+00,8.326608595187865447e-01
6.380620002750000408e-01,1.928125663722252803e+00
9.348030090330000652e-01,5.128605603355543829e-01
8.006410002709999363e-01,1.034987974664108856e+00
1.085708975790000030e+00,8.851112141683994405e-01
3.527039885520000251e-01,1.288441245418964431e+00
5.883709788319999578e-01,2.234151721454052386e-01
4.875420033929999120e-01,8.201146003928705408e-01
4.636880159380000754e-01,-5.796673015113981003e-02
3.637039959430000136e-01,2.538258697394042418e-01
8.750243186949999696e-01,-4.053204157866760471e-02
6.435279846190000708e-01,1.187869845439071703e+00
4.834130108359999678e-01,8.644257778402207881e-01
2.120890021319999930e-01,7.211249778937875998e-01
4.560469985010000005e-01,6.519880847709298710e-02
4.367910027499999903e-01,-2.605034968250402594e-01
7.238804101939999569e-01,1.643791344365947427e-01
5.560690164570000205e-01,9.679643567472030474e-01
4.748429954049999679e-01,7.341703549968898734e-01
2.674640119080000100e-01,5.839929603599783858e-01
9.588437080379998978e-01,-1.178420390414405550e-01
7.868980169300000549e-01,8.447149887963921744e-01
1.794360995290000149e+00,9.635839208738032902e-01
1.337677955630000026e+00,2.933158219482541629e+00
1.210453987120000185e+00,1.990537087117045578e+00
5.654799938200000264e-01,1.683560841182106138e+00
4.008429944520000565e-01,8.408540497198206953e-01
2.727654874320000200e-01,-3.843970953880915808e-01
5.836449861529999783e-01,-4.910110025597131389e-01
8.533802628519999711e-01,1.842904316481849547e-01
8.660610318179999823e-01,1.195717075225011250e+00
1.158349990839999899e+00,1.445479949830375865e+00
7.764859795569999390e-01,1.433218274145402038e+00
1.068807005880000105e+00,1.124682398741971179e+00
5.888479948040000744e-01,1.362537352674447089e+00
1.588868498799999918e+00,6.253419032410316714e-01
4.327859878540000205e-01,2.095103490306626348e+00
3.996030092239999942e-01,1.018906363752354327e+00
5.545349717140000134e-01,7.358782305443112293e-01
6.221979856490000849e-01,3.784374532391308610e-01
1.149551987649999996e+00,-4.875747715912274183e-01
1.121260046960000034e+00,1.083248378345471830e+00
9.776459932330001656e-01,1.269070946992227444e+00
1.732741951940000025e+00,1.947845787824791230e+00
2.302707910540000125e+00,2.262214661967808738e+00
1.053477048870000043e+00,3.152999184602200966e+00
7.962800264360000435e-01,2.016900636546697267e+00
5.203329920770000117e-01,1.318945463161007581e+00
6.104800105090000262e-01,4.333398311418183435e-01
4.453057944770000276e-01,-6.067967269759654281e-01
6.522138714790000069e-01,-1.346410281830775213e-01
1.175541162490000069e+00,5.781048260752230661e-01
1.032202124599999937e+00,2.036768869615176669e+00
7.193930149079998948e-01,1.754119338171775677e+00
8.200139999390000378e-01,1.241905438277805196e+00
9.497330188749999458e-01,8.939757540884246678e-01
1.039114952089999822e+00,9.439211071291448985e-01
5.883830189700000046e-01,1.121304482376283662e+00
9.508559703829999599e-01,6.541676602234777205e-01
5.277600288389999728e-01,8.844460046313661339e-01
7.736063003540000205e-01,3.649853559226409749e-01
9.703559875489999875e-01,8.210433721489517334e-01
1.383889913560000018e+00,1.351280177043891806e+00
7.795230150220000542e-01,1.719302635113513000e+00
6.069999933240000090e-01,1.548053647054963511e+00
4.660570025440000097e-01,8.917416046702535404e-01
9.455270171170000459e-01,6.885110724546045224e-01
6.238729953770000280e-01,1.748702637358655332e-01
3.923240005969999555e-01,1.153577609426314488e-01
5.156549811360000568e-01,2.499866518972033991e-01
9.679385423659998544e-01,6.345085720875542901e-01
1.356565952299999989e+00,1.062299678926774460e+00
9.072690010070001421e-01,1.846506651662576770e+00
8.162760138510000152e-01,1.479241193046278768e+00
2.479866981509999846e+00,1.430957923284335909e+00
1.133080005649999888e+00,3.024198348928719415e+00
1.045583963389999926e+00,1.966754156391389952e+00
8.474370241169999485e-01,2.134643623987918737e+00
1.536522984499999911e+00,1.318657798447997020e+00
9.008989930149998715e-01,5.689433000575719879e-01
4.812009930610000041e-01,9.590081344476180103e-01
8.572540283199999722e-01,5.918972681780655387e-01
8.617479801180000232e-01,1.137819819196395077e+00
1.008694052699999899e+00,4.414912739660927232e-01
1.127727031710000105e+00,1.098122320892159998e+00
7.795569896699999779e-01,1.632115863744366679e+00
9.895502924919998833e-01,9.620194678530431531e-01
8.363329768179998958e-01,1.168820162172732546e+00
9.099559783939999980e-01,1.142337077666568668e+00
5.511059761050000061e-01,9.820757445630768911e-01
1.239764332770000088e+00,6.250214677705668853e-01
1.211838960649999963e+00,1.247008007666169371e+00
1.379981994630000042e+00,1.642230739615521129e+00
1.148460984229999982e+00,2.090985122973683552e+00
7.663900256160000035e-01,1.994194972330000315e+00
9.660840034480000504e-01,8.441537152202682748e-01
8.156750202179999798e-01,1.152820724286890641e+00
1.142272949220000111e+00,3.674533692434076015e-01
1.299479961400000105e+00,1.115960157559086952e+00
8.583310246469999516e-01,1.874838576039108640e+00
7.149469852449999996e-01,1.379483268546164210e+00
8.764400482179999230e-01,9.283456261928688669e-01
8.305460214609999836e-01,6.983101368554723853e-01
8.535240292550000385e-01,7.339869785852233264e-01
9.092410206789999227e-01,9.400011366088860676e-01
5.202720165249999917e-01,1.369758485452561958e+00
7.411040067669999454e-01,3.181338372069112408e-01
5.853319764140000325e-01,8.082582626682831561e-01
5.047770142559999673e-01,5.804773106868313937e-01
5.519493222240000607e-01,4.457906555242315272e-01
9.697520136830000137e-01,3.361008646229365904e-01
1.116515994070000017e+00,1.102038973930501875e+00
1.049844980239999837e+00,1.533617437049273446e+00
6.342629790310000404e-01,1.638337672043369997e+00
5.644329786300000817e-01,7.648417045915723023e-01
9.184709787369998990e-01,4.565272855013638442e-01
9.593539834020000656e-01,7.975198628026692882e-01
5.984159708020000412e-01,1.050138464738058053e+00
9.383450150489998087e-01,7.677059993709902663e-01
4.542250037189999867e-01,1.373786933503777341e+00
7.079470157619999204e-01,1.632787324354822434e-01
3.876500129699999575e-01,6.978232997072951749e-01
4.484339952469999502e-01,1.348303866017568908e-01
8.405709862710000202e-01,1.832848646617404598e-01
5.337110161779999862e-01,8.180268074238620235e-01
7.211350202559999589e-01,7.343600441710854687e-01
5.215386152269999576e-01,9.130421590790199771e-01
7.050759792330000275e-01,3.679899020336082072e-01
6.405649781229999506e-01,7.443415724800307443e-01
5.168589949609999623e-01,6.467071211062659364e-01
1.660409450529999997e+00,6.645264158661181586e-01
2.465307950970000217e+00,1.900165334112546622e+00
1.622156023979999917e+00,3.621587408616603998e+00
1.866270065309999948e+00,2.823879093977152088e+00
3.623536109919999859e+00,3.176375204764076088e+00
7.948709726329999947e-01,4.664876227064305603e+00
9.065989851949999290e-01,1.411829651849018097e+00
8.571879863740000660e-01,2.140285206792278849e+00
7.756379842759999477e-01,1.649942354775824960e+00
7.006700038909999817e-01,-1.553173716624206113e+00
6.443409919740000769e-01,-8.898803320693131347e-02
7.579550147059999077e-01,-7.686268455285631684e-02
5.499600172040000068e-01,1.196815769823053488e+00
4.964669942860000518e-01,7.649700353723671853e-01
1.367677569390000070e+00,4.531311407156443649e-01
1.397894024850000250e+00,1.777396417722113098e+00
8.148130178450000427e-01,2.575692659915522764e+00
1.278898954390000009e+00,1.847887773562734592e+00
8.623980283740000363e-01,2.633830537016103257e+00
1.093865990639999897e+00,-1.652220304558641162e-01
8.134710192680000285e-01,4.880052268430499773e-01
1.466687083240000078e+00,3.314121924832963417e-01
9.060310125349999577e-01,1.937449623519529318e+00
7.652140259739999006e-01,2.135352010359276242e+00
1.311033964160000176e+00,1.203466143344893435e+00
7.892500162119999718e-01,1.872923732990622980e+00
1.474902033810000068e+00,1.234549080391486170e-01
9.167850017550001063e-01,1.712477216165144256e+00
1.186140060420000086e+00,1.470503943245212941e+00
1.411391973500000008e+00,1.649763532941964428e+00
2.092472076419999993e+00,1.886259638325778365e+00
7.189220190049999681e-01,2.334351408923604154e+00
1.301861047739999888e+00,1.158656099135430662e+00
1.268974781040000055e+00,2.237028246301276280e+00
1.221997022629999874e+00,1.429431076312820847e+00
9.061110019679999850e-01,1.222497956860599810e+00
1.078873991970000112e+00,1.259886253948412804e+00
1.028025031089999874e+00,1.677249108602525185e+00
7.863690257070000689e-01,7.481683956169472571e-01
1.276852965350000035e+00,6.691062807903380705e-01
7.093420028689999546e-01,1.512006773161005624e+00
5.201929807659999572e-01,1.052127946954516169e+00
5.645610094070000473e-01,3.871325531618334814e-01
9.855200052259998067e-01,5.173512619050464334e-01
1.092841982840000004e+00,7.386793406638367809e-01
4.786899983879999709e-01,1.590862292667283517e+00
3.955059945579999514e-01,8.431705229902520804e-01
1.850703001020000071e+00,6.316776422317449402e-01
1.195796012879999815e+00,2.091921921312828836e+00
1.702510833739999896e+00,1.717771745010650442e+00
2.998351097109999586e+00,2.763479291381564895e+00
2.407080888749999925e+00,4.228035605314608425e+00
2.585943937299999718e+00,3.005468775978199059e+00
2.233839035029999920e+00,4.127186705859750226e+00
1.655773043629999997e+00,3.632156459624967138e+00
1.430611014370000156e+00,1.980107331814397353e+00
8.921740055079999676e-01,1.971697926932253653e+00
1.231696963309999893e+00,2.483774823255792685e-01
8.955079913140000514e-01,7.598520818483887052e-01
1.602033019070000064e+00,6.905561258448728035e-01
1.585399031639999956e+00,2.583768955906458942e+00
1.232059955600000034e+00,2.441801416245532597e+00
1.210371017459999976e+00,1.829686168278997327e+00
1.242141008379999967e+00,1.545141318841177558e+00
9.857040047650000858e-01,1.366235680742451164e+00
7.289689779279999726e-01,1.003506919874541659e+00
6.761519908910000876e-01,9.306324000001061636e-01
1.071573019029999907e+00,6.524494468782133794e-01
9.457439780239998983e-01,1.120391167521306075e+00
4.376370012759999706e-01,1.294675327927307551e+00
5.141820311550000522e-01,5.612385618289419398e-01
3.387190103530000052e-01,5.372601131293368582e-01
7.144280076029999593e-01,-2.388965814245255226e-01
4.996199905870000180e-01,6.152070468826272842e-01
7.917379736899999854e-01,3.569009448197543732e-01
8.646243214609999894e-01,1.306258581657786522e+00
6.024960279459999901e-01,8.507756233685142000e-01
1.260069966320000123e+00,5.529463977708259925e-01
1.012339949610000067e+00,1.634989430108935826e+00
1.004528999329999950e+00,1.620575973695697503e+00
6.310235261919999727e-01,1.262460475876350685e+00
1.141221046449999887e+00,7.085025037189903729e-01
5.426099896430000014e-01,1.300591317895197552e+00
8.547459840769999762e-01,6.831218734968448336e-01
7.744219899179999311e-01,1.258347172092795230e+00
3.084340095520000102e-01,4.644393564086531923e-01
8.376209735870000506e-01,-4.493144117848551361e-03
7.293469905850000767e-01,9.032502716979233792e-01
7.503905892370000830e-01,8.031585094095200494e-01
1.134822010990000019e+00,8.661227808968418040e-01
1.614240050320000064e+00,1.530073062334169398e+00
1.244793057440000128e+00,2.401006806146456896e+00
7.141630053519999466e-01,2.083545009304397677e+00
7.293040156360000026e-01,9.909345711881538676e-01
6.486989855770000091e-01,6.280780545592763442e-01
3.427990078929999962e-01,1.667690546785769445e-01
3.861860036850000011e-01,-2.044725692672740291e-01
6.366299986840000535e-01,5.182413164759227531e-01
3.990480005740000280e-01,2.791398941394087618e-01
4.178859889509999870e-01,3.262271456407717096e-01
1.103790521619999909e+00,3.384062145755649675e-01
6.956189870829999622e-01,1.356219318157867892e+00
8.070139884950000564e-01,8.852413729574002410e-01
5.947690010070000310e-01,1.234415899177200737e+00
1.107607960700000005e+00,7.302180047962552045e-01
9.713580012320001122e-01,1.026831293661487843e+00
7.170349955560000321e-01,1.274252137071304691e+00
6.764810085300000386e-01,1.126221590615998025e+00
1.687772989270000190e+00,5.056086153011165596e-01
9.907569885250001596e-01,2.021879959373619862e+00
8.082039952280000161e-01,1.382288595364254080e+00
1.087718963619999979e+00,1.592298205213364959e+00
1.564818024639999861e+00,1.274203811966544642e+00
6.673809885979999912e-01,1.550761732982559371e+00
1.256489992140000123e+00,9.729897466968105979e-01
1.091886043549999963e+00,1.958018675677121179e+00
7.375509738919999725e-01,1.413272977062770330e+00
6.224380135540000802e-01,5.771836450590741574e-01
8.364729881290000613e-01,4.927488012888956437e-01
5.774260163309999916e-01,5.811397275225350656e-01
1.015761017800000054e+00,4.521278796851813109e-01
1.106158971790000001e+00,1.683264432796508503e+00
6.945540308949998964e-01,1.313596427385411047e+00
1.130903959270000092e+00,9.199860586963337639e-01
9.518219828609998379e-01,1.428309993287343316e+00
7.524570226669999862e-01,1.222333767512881808e+00
5.585229992869999993e-01,1.036845531248000718e+00
1.415836334229999771e+00,3.236620573412440915e-01
1.855298042299999839e+00,1.425399312937977170e+00
7.845479845999999702e-01,2.996282822128490508e+00
8.210539817810000862e-01,2.165115657320815679e+00
5.835890173909999978e-01,1.982360032183782206e+00
8.359720110889999889e-01,-6.360928305130630900e-01
2.184663057329999880e+00,-2.407375020698615253e-01
6.805480122570000123e-01,2.433642943071855580e+00
1.238904953000000031e+00,1.455255537495711904e+00
1.030328035349999949e+00,2.675621563032388295e+00
7.914109826090000022e-01,1.583154700246143243e+00
8.423720002169999832e-01,2.625248668604279190e-01
4.464710056779999658e-01,1.112819655857035572e+00
5.589337944979999584e-01,-3.923354968308257473e-01
7.099329829220000221e-01,-9.852658107832044931e-02
7.334340214730000751e-01,3.446909252903569976e-01
7.833399772640000647e-01,1.274960932922984513e+00
8.426809906959999985e-01,1.280642465243670980e+00
1.099761009220000085e+00,9.465373924247327819e-01
8.706315755840000614e-01,1.401293670035284267e+00
5.862460136410000411e-01,9.161800133061429596e-01
8.863990306849999223e-01,5.659133720650685317e-01
1.019399046900000050e+00,1.187866047978068273e+00
8.493610024450000129e-01,1.274306514487425490e+00
1.010666966439999870e+00,1.195051831449399860e+00
1.331516027449999973e+00,1.478055234807055696e+00
1.215008974079999859e+00,1.486681688372424759e+00
1.645591020579999952e+00,1.317065742264489137e+00
9.708780050280001461e-01,2.339772704225032474e+00
1.411272048950000135e+00,1.721450267187702776e+00
7.953929901119999313e-01,1.891024822232544533e+00
1.046331048010000098e+00,9.895568833735534087e-01
8.879339694979999642e-01,9.922847468573995355e-01
8.349300026890000836e-01,1.317147204777198821e+00
9.847199916840001510e-01,5.553946662843286530e-01
1.090394020079999970e+00,1.033738102766883715e+00
4.901649951929999971e-01,1.228592832613029096e+00
6.141669750209999279e-01,7.732113706138186160e-01
6.314740180969999894e-01,7.088435913872767058e-01
8.252440094949999860e-01,5.934305728120772283e-01
1.051450967789999913e+00,6.443766997776747552e-01
1.047114968300000060e+00,1.301927417969417355e+00
3.921430110930000379e-01,1.593647582693266118e+00
4.695149958129999912e-01,5.239541916360811458e-01
7.720900177959999500e-01,3.030333517449318448e-01
7.520099878309999264e-01,4.690656368847711533e-01
6.877393722529999698e-01,7.956560507474511601e-01
6.718119978899999012e-01,7.733158692422006375e-01
1.185933232310000029e+00,9.178442775802434506e-01
6.571980118750000432e-01,1.239457374301073722e+00
8.213180303569999063e-01,1.030580701700195112e+00
7.795739769939998842e-01,9.326318197467295956e-01
1.030122995379999962e+00,9.646977169690824638e-01
6.211889982220000217e-01,1.011522372882966536e+00
8.660820126530001106e-01,7.186166692949575996e-01
9.608931541440000057e-01,1.110636298740465433e+00
6.760399937630000577e-01,1.079646225073602084e+00
7.402380108830000083e-01,6.978924730217496153e-01
5.984709858890000511e-01,9.217697495169271393e-01
6.151059865950000427e-01,5.961200727995973336e-01
9.358735680579999272e-01,3.987572287695742013e-01
5.818247795100000008e-01,1.071273644041140338e+00
7.156659960750000327e-01,6.567088509457001955e-01
6.529520154000000298e-01,9.419068587096841583e-01
9.700022935870000751e-01,7.009301434053142321e-01
7.834500074390000623e-01,1.138706081130091530e+00
7.448130249979999506e-01,9.140272077871379741e-01
8.276180028919999376e-01,9.345905455532508288e-01
8.943400979039998200e-01,1.098677088886359288e+00
2.505017042159999985e+00,7.302143635561690882e-01
1.620712041850000062e+00,3.753701889584518891e+00
1.417585968970000110e+00,2.931950783714938336e+00
1.049872040749999957e+00,3.145020228673387042e+00
1.226507544519999993e+00,4.498898673690630012e-01
1.043179035189999881e+00,2.656228102431911209e-01
9.694439768789999690e-01,7.052637541001027799e-01
8.192250132559999454e-01,1.251650385281135813e+00
8.129550218580000598e-01,1.730333329836165168e+00
6.712080240250000163e-01,6.713179718108432947e-01
5.289899706839999993e-01,6.681138123868406442e-01
3.461930155749999849e-01,3.036562165784733591e-01
4.789490103719999392e-01,7.824672144660266282e-02
1.153810977940000093e+00,1.662986057479097224e-01
9.671270251270001062e-01,1.423676652270190468e+00
7.845839858059999727e-01,1.415724483430663261e+00
4.701859951019999873e-01,1.249097290781925773e+00
5.632782578470000301e-01,5.175335567395094039e-01
2.416239976880000251e-01,1.058137588920006755e-01
2.709859907630000064e-01,-2.674614196917010078e-01
1.994680017229999991e-01,2.947919442400809796e-03
1.327169984580000017e-01,-7.568666683039096399e-02
4.732620120050000101e-01,-4.063052954055264565e-01
6.585559844969999244e-01,1.973244011593703606e-01
9.621880054470000054e-01,8.713234047239940550e-01
5.111979842189999790e-01,1.526100471730512886e+00
9.829789996150000153e-01,7.395049246749286764e-01
9.100099802019999684e-01,9.301103428952276486e-01
1.026576042179999870e+00,1.275534020509714761e+00
8.309389948840000262e-01,1.317925805819849527e+00
9.651920199390000565e-01,1.214930669640398531e+00
1.000543951989999902e+00,8.751571283183863237e-01
1.983185052869999687e+00,1.071108347978073416e+00
1.274855017659999978e+00,2.474455657198368019e+00
1.286525964740000028e+00,2.242432216371951448e+00
1.382244944570000245e+00,2.385536964758721457e+00
1.736924052240000016e+00,2.211223156734698048e+00
1.257668018339999971e+00,1.634806848758058928e+00
7.533379793170000838e-01,1.731930320638959131e+00
1.084908962249999886e+00,1.297865939508164423e+00
1.062494039539999990e+00,7.942297304067478247e-01
7.787629961969999570e-01,8.191472436411012525e-01
8.256469964979999965e-01,7.026982714974082667e-01
9.891830086710000636e-01,1.197082510489948071e+00
1.418092012410000047e+00,1.034453864013757940e+00
1.151677966120000063e+00,1.753728226247017963e+00
1.250364065170000094e+00,1.799335165691824168e+00
8.794019818310000458e-01,1.829142682502569173e+00
1.089423060420000144e+00,1.108558619282750346e+00
1.809062957760000145e+00,1.085427325117208408e+00
8.687390089040000207e-01,2.538445645387533034e+00
8.521729707719999380e-01,1.256884432369346438e+00
1.307837963100000112e+00,1.405061086625467581e+00
1.262575984000000151e+00,1.294284293334197589e+00
7.601559758189999627e-01,1.209842409368842908e+00
1.069887042049999959e+00,9.836200681434330573e-01
8.579840064049999437e-01,1.618833967223986203e+00
1.149323940279999956e+00,9.080297441846557627e-01
1.067142963410000034e+00,1.368161758671680328e+00
7.400619983670000401e-01,1.599011419086109109e+00
6.799880266190000411e-01,4.674046675308835552e-01
7.323921322820000634e-01,6.751341625388503909e-01
8.352749943730000126e-01,6.399759997975391634e-01
6.000829935070000065e-01,8.934998012166488479e-01
1.010563969610000168e+00,6.111446118059431498e-01
7.613970041280000434e-01,1.425534466345238949e+00
7.260069847110000030e-01,8.485556604335052766e-01
1.064324021340000037e+00,9.630609601171373768e-01
5.901079773899998715e-01,1.355086093681709736e+00
7.744659781460000447e-01,4.458741351401219188e-01
7.406870126719998781e-01,9.626044664596693501e-01
8.908360004430001533e-01,8.501224637408147933e-01
7.620100975040000613e-01,9.076398314079365814e-01
7.774500250820000069e-01,7.158123315361899497e-01
5.811070203779999943e-01,1.077077590614968550e+00
7.908779978749999051e-01,6.909056152456637401e-01
8.903719782829999652e-01,8.785253743457895892e-01
7.882059812549999656e-01,7.225303600221228972e-01
7.301949858670000459e-01,8.207007650802533583e-01
9.248933196070001639e-01,1.051870084846983744e+00
1.265586972239999941e+00,1.009293628740259186e+00
7.884140014650000694e-01,1.720030480945003104e+00
9.180610179899998391e-01,1.104937326888537408e+00
6.569269895549999516e-01,1.346577387826353167e+00
8.252680301670000107e-01,4.562739315652139527e-01
4.257229864599999525e-01,7.224142687542370878e-01
9.114630222319998198e-01,4.445666851068407199e-01
7.238519787790000937e-01,1.005408936992107760e+00
9.657319784160000031e-01,7.813711528203494128e-01
7.194200158119999911e-01,1.217348639987570147e+00
7.146480083470000411e-01,1.004563939684578688e+00
6.188799738879999790e-01,8.608920537687457797e-01
8.502969741820000094e-01,4.310229974048670476e-01
6.113014817240000065e-01,7.008284262884759697e-01
8.405809998509999881e-01,4.439690675774359829e-01
5.909900069240000553e-01,1.260154998269502391e+00
1.191807866100000002e+00,6.321604696860552153e-01
1.072478055950000009e+00,1.594693121992852403e+00
7.976800203319999172e-01,1.545345574787115428e+00
7.140370011329999489e-01,1.195694348061861367e+00
8.885610103609999921e-01,1.113977175463806812e+00
7.367290258409999737e-01,2.498364015114296899e-01
9.655410051350000744e-01,5.664714462569869768e-01
8.569459915160000385e-01,1.067650705532078748e+00
5.838339924809999859e-01,1.386372717984238223e+00
3.047562122340000457e+00,6.134942065950003132e-01
8.865389823909999301e-01,4.849888692989042127e+00
1.186460971829999878e+00,2.641889451843793424e+00
8.750730156899999557e-01,3.508519050179667254e+00
1.111973047260000014e+00,7.730007924570212463e-01
6.929270029070000447e-01,-2.013384398033419398e+00
5.632749795910000357e-01,-7.489132591251103088e-01
5.519689917560000048e-01,-2.401110554369912387e-01
9.211350083349998386e-01,2.121546628702721815e+00
5.465030074119999748e-01,7.868790406617752753e-01
9.997850060459999577e-01,2.929676550132671031e-01
7.512239813800000166e-01,1.300726624254469943e+00
8.402569890019999654e-01,1.219898158373546204e+00
7.843149900439999600e-01,1.029210528479679754e+00
5.915480256080000165e-01,1.025689889592067860e+00
6.109840273859999948e-01,2.929483650442861187e-01
9.328789710999999540e-01,5.355738599405737155e-01
7.992020249369999885e-01,9.495477889325610876e-01
9.833549857140000405e-01,9.756273620714369654e-01
5.405290126799999761e-01,1.464718279919860366e+00
1.093670010570000128e+00,6.091766206752058377e-01
9.266330003740002041e-01,1.121010060497222183e+00
7.972419857979999858e-01,1.135101846341904253e+00
5.896059870719999596e-01,1.108374120004295138e+00
7.799540162090000672e-01,5.730288537005295835e-01
5.182790160179999717e-01,5.153304242090844811e-01
7.263879776000000676e-01,4.151902099484778286e-01
6.216366887090000182e-01,8.957880388174049857e-01
8.810679912569999717e-01,6.426735239097267627e-01
7.315016984940000411e-01,9.922648465012167129e-01
9.703850150109999406e-01,9.464463829737103095e-01
8.715350031849999901e-01,1.335589873668762140e+00
5.505740046500000595e-01,1.016245467224107468e+00
2.576299905780000121e-01,4.657617041768125077e-01
6.952109932899999123e-01,-1.722189950145663548e-02
3.547430038449999601e-01,5.755402684627575205e-01
1.308350920679999918e+00,1.553703231560567277e-01
1.424710035319999957e+00,1.932425765117494532e+00
2.422243118290000385e+00,1.969309995702773319e+00
1.588093161580000023e+00,3.271563572808992681e+00
2.882889986040000352e+00,2.778341837700097905e+00
1.510810017590000109e+00,4.283313319135848118e+00
5.103110075000000245e-01,2.961637873375612795e+00
6.637499928469999810e-01,3.145287877480817951e-01
5.865659713749999948e-01,4.327838720858966370e-01
9.182999730110000813e-01,-1.073564075958550523e+00
1.126363039020000123e+00,5.459254170868553802e-01
9.455379843709997845e-01,1.431773448373205415e+00
7.979699969290000583e-01,1.846713692169083876e+00
8.895260095599999417e-01,1.150422282424339082e+00
5.017459988589999531e-01,1.102097947221630569e+00
7.889080047609999813e-01,4.282981235464786152e-01
5.571460127830000220e-01,7.594892426245771766e-01
8.079270124439998924e-01,3.607212542323794957e-01
7.382910251620000697e-01,7.089014174926591139e-01
6.742079854009999096e-01,7.628996579927478372e-01
8.787713646889999675e-01,9.643436902059812077e-01
7.401880025859999268e-01,1.000268674659656742e+00
8.886500000949999478e-01,8.133248342698854438e-01
7.983270287510000340e-01,1.079570839217281142e+00
5.137799978260000344e-01,1.068174982779381610e+00
7.760372757910000141e-01,4.090340997839742587e-01
8.528280258179999906e-01,8.557191584255517958e-01
7.851629853249999513e-01,1.026528939363851256e+00
8.431609868999999646e-01,9.537587638739745133e-01
1.024798870089999925e+00,1.199001850828184113e+00
8.044279813770001120e-01,9.340713884759066499e-01
8.841310143469999216e-01,9.691090897390496339e-01
3.615649938579999501e-01,1.192542312897855394e+00
1.171491026879999842e+00,2.200119123780883701e-01
4.477910101409999788e-01,1.206207116576517135e+00
7.665730118750000432e-01,3.486279286076753858e-01
7.735599875449999940e-01,1.189394742531963090e+00
1.054823040959999902e+00,8.161003862630559214e-01
7.843300104139999673e-01,1.017526378964999756e+00
1.034250974660000155e+00,1.059222802563265509e+00
1.096979022029999973e+00,1.379082373466417488e+00
7.633029818529999400e-01,1.290417168886503374e+00
5.883730053899999257e-01,8.386410062152137579e-01
6.365630030629999547e-01,7.821639274393874519e-01
5.750700235369999858e-01,4.757265185962921139e-01
5.399640202519999654e-01,2.504455635506979139e-01
1.324671149250000068e+00,4.127150904682884147e-01
8.178460001949999780e-01,1.784463261511676890e+00
6.359609961509999909e-01,1.267671277924972584e+00
8.135920166969999867e-01,1.149661257613050269e+00
9.872140288349999793e-01,1.027687243566294706e+00
9.839289784429999797e-01,5.952574017209855128e-01
5.904790163040000150e-01,9.766389691287463704e-01
8.986790180210000312e-01,8.016050234934706253e-01
6.268000006680000125e-01,1.147518669125826341e+00
6.926850080490000172e-01,5.134256452310609342e-01
5.757049918169999669e-01,6.150325798035535252e-01
6.764680147170000213e-01,6.414176515124746514e-01
8.279470205309999997e-01,6.227690670817451757e-01
6.547859907149999881e-01,9.521121946106523293e-01
1.085815548900000094e+00,6.984494944582101406e-01
8.509550094600001335e-01,1.477567494645071422e+00
8.879359960560000431e-01,1.003813641945557000e+00
6.557850241659999302e-01,1.122534057495181870e+00
6.597809791559999804e-01,8.475110913898274978e-01
8.856279850010000398e-01,4.694038969137745432e-01
7.502999901769999980e-01,1.011364817927641990e+00
9.303160309790001747e-01,7.717027069185017352e-01
7.259460091590000941e-01,1.153132309550128021e+00
7.123904824259998936e-01,9.279243919466341195e-01
9.326570034030000622e-01,7.511953856605270152e-01
6.544970273969999974e-01,1.263311033935191396e+00
4.987269937989999846e-01,6.570537174333516139e-01
9.782410264020000579e-01,5.839313618128187944e-01
5.593240261080000275e-01,1.044785918619905773e+00
8.733990192409999409e-01,2.734440603543926707e-01
6.232500076290000690e-01,1.040551027125230510e+00
6.319249868390000024e-01,8.399412947250397554e-01
8.335350155830000274e-01,4.724708548296836508e-01
8.613430261610000027e-01,9.630885438774110519e-01
1.036013007159999999e+00,9.507846658414736973e-01
6.160370111469999355e-01,1.595261907233394005e+00
9.874529838559999995e-01,7.651280991353984762e-01
6.686739921569999634e-01,1.253545031371001039e+00
6.455339789389999972e-01,4.606772730225698886e-01
1.007030010220000049e+00,5.721819749240089070e-01
7.763000130650000719e-01,1.169250395202663384e+00
9.358490109439999705e-01,1.063496537442630840e+00
6.626719832419999401e-01,1.116814763229639462e+00
1.113351941109999910e+00,7.556953594274973263e-01
5.495319962500000432e-01,1.092047525894470184e+00
9.273632764820000096e-01,5.986514251923072960e-01
8.215330243109999486e-01,1.098027086227147731e+00
9.193540215489999223e-01,1.242916743037756566e+00
6.899859905239998925e-01,1.173561610325692950e+00
6.497738957409999738e-01,1.140935853223830065e+00
9.705049991609999704e-01,-1.018374213897544310e-02
8.034440279009998909e-01,9.666061094709605950e-01
8.920990228650002019e-01,9.292877208278755852e-01
7.462270259859999921e-01,1.484723766251233812e+00
1.495407462120000197e+00,6.497148176411616793e-01
7.597569823270000633e-01,1.885922989669350569e+00
9.677280187609998974e-01,1.696644137526259311e+00
1.126011013979999920e+00,1.837998227208092805e+00
7.641419768330000029e-01,1.704843218604990662e+00
1.423818945879999909e+00,-9.046641829695997727e-02
8.309190273280000483e-01,1.570268649827771146e+00
5.316870212550000030e-01,1.201435842627261108e+00
6.942920088770000442e-01,6.337398720033359245e-01
1.097100019450000019e+00,7.807606101510959906e-01
8.623710274700000511e-01,6.093617175460092072e-01
9.711959958079999788e-01,9.071830898814949862e-01
7.501904964450000213e-01,1.339543779965476800e+00
5.659890174870000346e-01,1.202096330344770481e+00
7.235890030859999378e-01,2.688789090790776881e-01
1.088876962660000114e+00,6.035233256175326355e-01
2.614549994470000138e-01,1.120925531389970198e+00
1.923168003559999895e-01,3.358734310244977372e-01
2.048390060660000012e-01,-2.746789902183954194e-03
3.752999901769999980e-01,-2.087710353894698112e-01
1.878910064700000104e-01,-1.661836039140334731e-01
4.178839921949999980e-01,-9.460553210394553880e-02
6.128349900249999704e-01,3.831668233115994027e-01
4.822100102899999352e-01,6.212235218761849032e-01
8.136649727820000066e-01,5.188776526233793707e-01
8.997989892959999958e-01,9.310292864371128019e-01
7.667459845540000041e-01,1.164206122843053803e+00
6.762999892229999421e-01,8.855943284441902819e-01
9.804093837739999984e-01,9.103319866129230276e-01
1.075533032420000090e+00,1.183016984577793806e+00
6.459739804270000496e-01,1.436355412058285097e+00
7.601699829100000416e-01,7.566961364028490511e-01
8.707180023190000950e-01,1.139839823639126060e+00
1.045557022089999899e+00,5.167648697558898663e-01
4.832339882849999713e-01,1.215164078167474626e+00
1.085988998409999962e+00,5.848726692560149987e-01
7.320979833600000930e-01,1.419931324407554873e+00
7.128990292550000385e-01,7.131731305924811082e-01
1.045389056210000112e+00,7.476836225736277486e-01
7.359200119969999676e-01,1.265730818849291284e+00
8.956930041309999480e-01,7.261319360919852306e-01
8.745509982110000191e-01,1.046579991511959573e+00
9.237470030779999508e-01,1.236973610078671237e+00
9.997780323029999971e-01,9.087489614782254810e-01
1.739534020420000049e+00,1.330524413168646891e+00
8.107889890670000321e-01,2.505033726052086074e+00
7.049050331119999235e-01,1.556769397315949321e+00
8.328269720080000438e-01,1.312364000316513790e+00
8.276600241660000412e-01,7.065929112584528049e-01
8.953109979630000659e-01,3.016879925632821174e-02
1.459501028060000039e+00,6.392285853901286119e-01
1.179519057270000060e+00,1.961709597302707664e+00
1.443411946299999915e+00,2.047711333168622083e+00
1.306735038760000078e+00,2.129839297260783137e+00
7.634999752040000365e-01,1.806854918253677278e+00
1.145148038860000161e+00,6.486428539639714774e-01
7.253450155259999477e-01,1.533792812896095592e+00
7.633590102199999672e-01,6.713611357885627129e-01
6.174820065499999622e-01,5.106509934360472514e-01
1.029322981830000039e+00,6.100951624780880378e-01
1.302055954929999926e+00,1.268890158196573026e+00
3.164124965670000122e+00,1.861921088685761561e+00
9.734439849849999549e-01,4.445723496164752930e+00
1.229671001429999855e+00,2.176794805802273469e+00
7.441530227660000385e-01,2.381230197036171337e+00
1.063034057620000139e+00,7.223984467799218212e-01
1.123872041700000102e+00,-4.272878696301352641e-01
8.984770178790000283e-01,9.650914291836684145e-01
7.175139784810000698e-01,1.141058477116273284e+00
5.367509722709999931e-01,1.452391776058647999e+00
1.175443053249999981e+00,3.610523841194576700e-01
1.101048946379999949e+00,1.285204511677870975e+00
5.734490156170000130e-01,1.245562597151534279e+00
1.431144952770000200e+00,8.578109415177128660e-01
1.037794947620000130e+00,1.863085969932069874e+00
6.568620204930000206e-01,1.346426438479592980e+00
1.074908018110000141e+00,9.306168323624053329e-01
1.385972023009999887e+00,1.451746852556546896e+00
1.004804968829999812e+00,1.267483468222917686e+00
1.609539985660000116e+00,1.172373081806252326e+00
2.817575931549999524e+00,2.486249172274758390e+00
1.962562561039999709e+00,4.128084016883323493e+00
1.279752016069999998e+00,3.031217295221776187e+00
1.995329976079999845e+00,2.707420842799975524e+00
2.033385992049999924e+00,2.602508670268729674e+00
1.307443976400000096e+00,1.723557864478185264e+00
1.611258029939999892e+00,1.163341420625430889e+00
2.040218114850000042e+00,2.329609292853368263e+00
2.183244943620000100e+00,2.968135477095802610e+00
1.351415991779999937e+00,2.993469352214626511e+00
7.242180109020001089e-01,2.218517349599596233e+00
1.363389015200000109e+00,8.172592185895132255e-01
1.526808977129999967e+00,1.399413798050248792e+00
1.784019589420000163e+00,1.347432962829911984e+00
1.103597044940000105e+00,2.406275435030394760e+00
1.763007998470000004e+00,2.080396246982539221e+00
1.157549023629999896e+00,2.435591034338990823e+00
1.153326034550000045e+00,1.879108615283361816e+00
2.362811088559999551e+00,9.568580836860347549e-01
2.580787897110000007e+00,3.321965678743445061e+00
1.242146968839999976e+00,3.231293516776479358e+00
1.712821006770000265e+00,2.245831060439612337e+00
6.676509976389999323e-01,3.016622033731126251e+00
8.271329998970000652e-01,5.611968278707485380e-01
9.642647504809997994e-01,-2.749652031450772749e-01
1.394161701200000048e+00,6.020240521137953937e-01
7.584049701689999923e-01,1.475133957548357078e+00
6.900759935379999765e-01,1.745950232076387332e+00
6.740249991419999809e-01,1.193313850058768777e+00
8.615220189090000424e-01,5.561804674118088210e-01
7.907469868659999790e-01,4.401114527466633009e-01
7.285000085830000138e-01,8.939683406298516433e-01
2.411980032920000294e-01,9.188848116650001341e-01
3.354600071909999981e-01,-2.198157649079940726e-02
5.912460088730000507e-01,-2.892748308872696295e-01
1.058426976200000036e+00,2.819702113972185620e-01
7.669919729230000316e-01,1.629508773176772785e+00
5.881239771840000019e-01,1.241737613618331793e+00
5.922303199769999305e-01,8.587402296918209554e-01
8.753510117530000079e-01,2.457326640988662381e-01
7.038279771799998974e-01,8.237132260241391002e-01
5.677499771120000371e-01,7.036934518003724603e-01
7.133870124819999825e-01,9.173860197109791059e-01
1.077505946160000061e+00,6.262729587142663590e-01
6.909419894220000247e-01,1.347230715885845198e+00
7.724580168719999973e-01,9.694253328034307948e-01
7.237120270730000859e-01,1.153432826538468126e+00
9.752489924429998958e-01,7.119372653615796409e-01
9.151769876479998178e-01,7.229866605123513867e-01
7.574009895319999686e-01,9.608941383383564627e-01
6.912069916730000374e-01,1.108054729318898923e+00
1.183527946470000147e+00,7.551522678470242722e-01
