1.201630949974060059e+00,4.255350322816395248e-01
8.802530169486999512e-01,8.149644998291866171e-01
8.531429767608642578e-01,4.383233075866849737e-01
7.591750025749206543e-01,5.981167297895364499e-01
1.005007982254028320e+00,4.631771270281035413e-01
7.687720060348510742e-01,6.180218381973946462e-01
1.740013241767883301e+00,4.051558246988103407e-01
2.913533687591552734e+00,1.105742679564027942e+00
4.963075160980224609e+00,1.661505779436592389e+00
1.471215128898620605e+00,3.327294590064614699e+00
1.000648975372314453e+00,2.848563078587917907e+00
8.220189809799194336e-01,1.949336162134184924e+00
9.362199902534482643e-01,1.665520707244767751e+00
5.486897230148315430e-01,2.251328536010623882e+00
1.111255049705505371e+00,4.003745658542436359e-01
7.148039937019348145e-01,7.375837602285235661e-01
1.052167057991027832e+00,2.986717655869621790e-01
8.955980539321898304e-01,7.200283212700064883e-01
7.769405245780944824e-01,4.624642989677305582e-01
5.699509978294372559e-01,5.198199403102012894e-01
8.244060277938842773e-01,3.549072664243684283e-01
5.800840258598327637e-01,5.130317483989217386e-01
9.488009810447691761e-01,2.557222754674250975e-01
7.918390035629272461e-01,6.379021150284504005e-01
6.937990188598632812e-01,3.802928240678297711e-01
6.834830045700073242e-01,4.414904645542552797e-01
9.433320164680479847e-01,4.394755446648274111e-01
1.032713770866394043e+00,5.458484424838589977e-01
2.556216001510620117e+00,5.544266970545657092e-01
2.464895963668823242e+00,1.558378835952052288e+00
2.728049993515014204e+00,1.628686612310067616e+00
3.558506965637206476e-01,2.236726975232144810e+00
3.262020051479339600e-01,1.186191506238125415e+00
3.781589865684509277e-01,1.109990026215294634e+00
6.306380033493041992e-01,5.420469861063377248e-01
8.854129910469055176e-01,5.811341449284003202e-01
9.743152856826782227e-01,5.871057752687354192e-01
7.307389974594116211e-01,5.992989836027473594e-01
9.521890282630921520e-01,4.470849004092633527e-01
1.011654973030090332e+00,6.476068255672232654e-01
7.643579840660095215e-01,5.550353899405330305e-01
3.306220054626464844e+00,4.633451773011686980e-01
7.543110251426696777e-01,2.112524898146035834e+00
1.409499049186706321e+00,9.211550210498993252e-01
6.401469707489013672e-01,1.397839885521916292e+00
8.640019893646240234e-01,4.024869990360167571e-01
8.469420075416564941e-01,1.320542480930062768e+00
7.976629734039306641e-01,4.415202493120173877e-01
9.555831551551821068e-01,5.200931057755646680e-01
9.546210169792175293e-01,5.942308676674444845e-01
5.251880288124084473e-01,5.363663984980582278e-01
1.275226235389709695e+00,3.124774635545161661e-01
8.355640172958374023e-01,8.821198275068800054e-01
7.640249729156494141e-01,3.792088924688262752e-01
4.752210080623626154e-01,5.668035908604752704e-01
7.414129972457885742e-01,2.932439351257963289e-01
1.069700956344604492e+00,4.737807457860666038e-01
7.892770171165466309e-01,5.614313768586478570e-01
6.914690136909484863e-01,3.960822893537150335e-01
7.093830108642578125e-01,5.114300904356329225e-01
1.115731000900268555e+00,4.346628620799518061e-01
1.002280950546264648e+00,6.418018886955921820e-01
1.143296003341674805e+00,5.179756523375014243e-01
6.746559739112854004e-01,7.371577333186226655e-01
6.694570183753967285e-01,3.966258509243117403e-01
7.814120054244995117e-01,5.031962570942033475e-01
8.469259738922119141e-01,4.428622922443509746e-01
6.482390165328979492e-01,4.657633349010957269e-01
7.183309793472290039e-01,3.603355855531361063e-01
9.541710019111631080e-01,4.823639326714424524e-01
6.694499850273132324e-01,5.448579145567441495e-01
6.464660167694091797e-01,3.324582022407352455e-01
9.235979914665222168e-01,4.613453897569320117e-01
1.067314028739929199e+00,5.587240416376544339e-01
6.827279925346374512e-01,5.689116041202851859e-01
6.464239954948425293e-01,3.809309077060913928e-01
7.273989915847778320e-01,4.846407891664629153e-01
8.693690299987792969e-01,4.168624886231824256e-01
4.518609941005707342e-01,4.768803292193660170e-01
4.952389895915985107e-01,2.116512196331322149e-01
7.243813276290893555e-01,4.213045634049009114e-01
7.400469779968261719e-01,4.228407814621005789e-01
8.204330205917358398e-01,3.566262882898238451e-01
1.108605027198791504e+00,5.381144008384343147e-01
1.039268016815185547e+00,6.890520770365509140e-01
7.877500057220458984e-01,5.722188740032293497e-01
9.367713332176208496e-01,5.054988073354294009e-01
6.470239758491516113e-01,6.178469056922407665e-01
1.187446951866149902e+00,3.743835144341826071e-01
7.528370022773742676e-01,7.598573725027090164e-01
2.307340055704116821e-01,3.429897787196494741e-01
8.772729635238647461e-01,2.244247704792502185e-01
2.742219865322113037e-01,7.437796593402635770e-01
9.923512339591979980e-01,-1.264206853043555769e-02
7.200859785079956055e-01,8.439965456290722257e-01
7.269890308380126953e-01,2.869480144913006403e-01
6.872699856758117676e-01,4.893363066262321759e-01
8.352038264274597168e-01,4.810201495299339935e-01
1.023357987403869629e+00,4.852870341520673647e-01
9.300749897956847034e-01,5.772185495125021770e-01
5.104020237922668457e-01,5.193885019176892603e-01
4.551239907741546076e-01,3.220291034673182229e-01
7.012919783592224121e-01,3.521530024051813257e-01
1.123770236968993919e+00,3.942782523667671124e-01
4.689320027828217108e-01,5.946110300179339170e-01
1.145424962043762207e+00,1.747188085090246312e-01
1.557039022445678711e+00,9.997684738368748381e-01
1.062240004539489524e+00,7.935798032180457762e-01
2.247971057891845703e+00,7.375406429082578263e-01
8.389729857444763184e-01,1.527934907234663964e+00
6.386680006980895996e-01,8.121809628396120528e-01
1.085826039314270020e+00,8.466112070646460985e-01
6.923220157623291016e-01,6.731072542613441012e-01
1.279224038124084473e+00,7.048641985195174264e-01
4.283109903335570734e-01,8.685833640756269736e-01
8.846225738525390625e-01,1.400938973163345924e-01
9.259700179100035511e-01,7.074319037492696749e-01
9.073020219802856445e-01,4.288956349482893615e-01
8.741459846496582031e-01,5.623616636912683875e-01
7.683960199356079102e-01,5.599392625834527237e-01
7.523270249366759144e-01,4.639757037693313380e-01
1.977947235107421431e+00,4.613061805122609660e-01
6.822599768638610840e-01,1.182571975675980713e+00
2.116506099700928178e+00,4.118812396970331635e-01
1.727593064308166504e+00,1.588479005218932372e+00
1.114274978637695090e+00,1.045980668503088573e+00
1.102354049682617188e+00,1.416029373341779918e+00
6.531813144683837891e-01,8.541423682711021259e-01
1.023204803466796875e+00,8.447265532126233545e-01
1.108754038810729980e+00,7.701533000295202047e-01
1.829927563667297363e+00,6.090803221258506150e-01
1.265669584274291992e+00,1.113239709712872560e+00
1.030689358711242898e+00,7.944125345966471796e-01
1.099169254302978294e+00,8.814352801844083096e-01
7.758393883705139160e-01,7.852189826652011817e-01
8.666771054267883301e-01,7.340999076892937847e-01
7.614132165908813477e-01,6.123674638185884200e-01
1.078659296035766602e+00,4.354395257743469139e-01
6.600005030632019043e-01,6.589756227783766240e-01
6.280704736709594727e-01,3.243253728023103299e-01
9.000409841537475586e-01,4.623578850354467806e-01
1.011121273040771706e+00,5.380177119275425524e-01
7.521411776542663574e-01,5.375903444447225343e-01
6.799052953720092773e-01,4.276080554344736107e-01
6.504104733467102051e-01,4.729188803471301439e-01
9.056316018104552112e-01,3.813014672282962203e-01
7.056654095649719238e-01,5.227698929755777435e-01
6.592794060707092285e-01,3.437522355628547244e-01
7.808002829551696777e-01,4.411674441433302007e-01
9.280405640602111816e-01,4.820864079649509470e-01
3.888399899005889893e-01,5.090069579064578909e-01
2.337300032377243320e-01,1.743155339785185109e-01
3.949534893035888672e-01,2.815395716140449700e-01
7.839220166206359863e-01,2.840530178332663636e-01
9.723259806632995605e-01,4.134984973663989871e-01
1.345324039459228294e+00,5.663793552379751128e-01
6.804850101470947266e-01,8.939667744405400684e-01
8.075709939002990723e-01,3.598612730976826768e-01
9.960750937461850807e-01,6.445637855129267013e-01
4.713059961795806330e-01,5.551187152874997865e-01
1.126214265823364480e+00,3.072129194455868184e-01
7.747610211372375488e-01,8.572442782842384368e-01
8.005080223083496094e-01,3.121482291083264582e-01
1.195780038833618164e+00,5.571638352404066907e-01
4.899359941482543390e-01,7.558446770386700875e-01
7.445690035820007324e-01,2.781417547148402059e-01
8.565919995307922363e-01,6.271720740393050830e-01
7.605929970741271973e-01,4.285275194735340687e-01
7.421634793281555176e-01,4.293897137090113558e-01
8.745691180229187012e-01,4.946432465847542814e-01
1.477671980857849121e+00,5.214480915718614495e-01
5.030400156974792480e-01,8.574972043829380830e-01
2.968195915222167969e+00,2.492459537707659156e-01
4.084815025329589844e+00,2.149459744212940837e+00
4.121052026748656671e-01,2.590243727821900155e+00
6.408920288085937500e-01,1.994762379985618672e+00
1.060830354690551758e+00,1.146189992228120902e+00
1.886373996734619141e+00,1.287260447287979837e+00
3.931840062141417902e-01,2.065595242170816803e+00
1.045531988143920898e+00,2.107961768356030052e-01
8.046740293502807617e-01,1.046129348402998760e+00
8.532550334930419922e-01,3.748411521138316771e-01
7.301589846611022949e-01,6.937745093973118893e-01
2.700940072536468506e-01,4.499790278521077491e-01
5.079169869422912598e-01,1.662515579840459223e-01
1.267657995223999023e+00,4.310353724618273819e-01
3.999615430831908736e+00,7.074010215281000269e-01
2.102678060531615767e+00,2.307166659529306774e+00
1.291347503662109375e+00,1.949248755097709118e+00
2.390191078186035156e+00,1.616217363181938760e+00
1.599208950996399148e+00,1.690187412015082158e+00
1.298205018043518066e+00,2.857185545956002493e+00
1.360355019569396973e+00,1.627000626306253084e+00
4.276689887046813965e-01,1.104576909576325150e+00
3.897170126438140314e-01,9.809218345060145561e-01
1.546036005020141602e+00,4.768092980310163487e-01
8.653150200843811035e-01,8.632955345143140669e-01
8.454149961471557617e-01,4.531828145459577128e-01
1.435889005661010742e+00,7.384766062202406944e-01
6.206179141998291016e+00,9.231462369270017065e-01
9.077759981155394398e-01,3.167987132757810187e+00
5.264570116996765137e-01,2.516415785379226389e+00
9.704009890556335449e-01,1.472728509683418396e+00
6.997730135917663574e-01,8.037599221061746402e-01
6.361600160598754883e-01,2.654393350322946876e+00
6.393389701843261719e-01,4.273225958126863899e-01
5.699130296707153320e-01,4.157217236497185442e-01
4.694110155105590820e-01,3.035238446490362563e-01
8.482750058174133301e-01,2.830530020684122183e-01
6.324055790901184082e-01,5.819554113923048888e-01
3.047409951686859131e-01,2.653792035129627913e-01
2.148479968309402466e-01,2.331736225221064940e-01
4.153338372707366943e-01,2.857842060692811770e-01
9.913370013236998401e-01,2.746448968274741165e-01
7.429170012474058948e-01,6.339214092895023578e-01
8.799139857292175293e-01,3.488575163387317990e-01
1.240342974662780762e+00,7.382711276380973242e-01
3.054729998111724854e-01,7.657831288330337882e-01
1.285866022109985352e+00,1.638238879246044499e-01
1.090137004852295144e+00,1.071792632214175534e+00
3.773260116577148438e-01,4.649801182618618078e-01
2.288666009902954102e+00,3.565847154799619001e-01
8.070570230484008789e-01,2.011358154917919805e+00
8.929409980773925781e-01,6.049988432051615073e-01
1.832507014274596724e+00,9.091453619420678534e-01
7.223749756813049316e-01,1.110946223434450264e+00
7.407349944114685059e-01,1.024155926193246025e+00
1.236768960952758789e+00,7.180856235153840750e-01
7.108730077743530273e-01,7.164560581019658869e-01
6.473349928855895996e-01,6.047427981444989387e-01
1.024247765541076882e+00,5.166687103150984228e-01
7.440620064735412598e-01,6.249421954299970716e-01
5.768560171127319336e-01,3.998583732022545911e-01
1.137029051780700906e+00,4.053958042165468068e-01
4.941360056400298517e-01,7.560491912483054966e-01
1.271524906158447266e+00,1.911972594052225860e-01
8.988280296325682484e-01,9.688325001000998027e-01
8.299319744110107422e-01,3.721016544083887712e-01
5.502920150756835938e-01,6.098177693485073991e-01
8.491920232772827148e-01,3.446251913597656036e-01
7.995309829711914062e-01,5.445544972149485297e-01
8.413559794425964355e-01,3.854918542472078880e-01
7.240070104598999023e-01,5.063050135647372274e-01
6.538060307502746582e-01,4.274388078438404182e-01
6.538396477699279785e-01,3.997773244923946701e-01
8.085789680480957031e-01,3.874907398543641635e-01
2.556999921798706055e-01,4.652870679308255819e-01
1.151844024658203125e+00,7.461494962246363605e-02
1.088750958442687988e+00,9.659053294288905134e-01
8.547700047492980957e-01,4.372756004527663665e-01
1.052428960800170898e+00,5.520385568379225782e-01
1.797067999839782715e+00,7.743924257598431282e-01
8.751260042190551758e-01,1.055875957178545432e+00
7.571684122085571289e-01,6.496925173975173218e-01
9.052469730377196155e-01,6.959189988816752992e-01
6.141330003738403320e-01,5.682110704692412417e-01
6.452289819717407227e-01,5.003983830105752650e-01
8.408679962158203125e-01,4.366346261890362013e-01
6.755350232124328613e-01,4.853966430640884733e-01
1.084153056144714355e+00,3.334114799447212008e-01
1.359479665756225586e+00,7.301014058826514885e-01
5.357339978218078613e-01,7.399397201400045310e-01
7.839810252189636230e-01,3.377828263657756680e-01
1.015287995338439941e+00,6.891177658486395963e-01
1.319244027137756348e+00,5.358081625963263539e-01
1.176299691200256348e+00,7.871380408340361567e-01
1.307337045669555664e+00,6.879213111853023088e-01
2.298435926437377930e+00,8.705553993171406546e-01
8.794149756431579590e-01,1.404607685822563123e+00
1.578516006469726562e+00,9.734695661379786369e-01
9.928810000419616699e-01,1.269041468545766049e+00
1.017398953437805176e+00,7.867813583498676211e-01
4.884769916534423273e-01,1.124539126681525003e+00
1.209630966186523438e+00,3.189862707983650569e-01
1.519726991653442383e+00,8.130496201640275977e-01
1.571495056152343750e+00,7.859297267552494137e-01
1.192077994346618874e+00,1.026051161788548161e+00
1.402015686035156250e+00,8.258010219479429148e-01
1.162554860115051270e+00,1.050912599298396977e+00
1.253835797309875710e+00,9.567579580185465726e-01
1.734062552452087402e+00,1.005177673804093397e+00
2.394351005554199219e+00,1.123495105455373677e+00
1.886527061462402122e+00,1.630395176569606752e+00
9.099829792976379395e-01,1.638722803722470811e+00
1.049708962440490723e+00,1.208586548730881782e+00
1.277305960655212402e+00,1.073153630956830584e+00
4.846229851245879572e-01,1.196861511574040637e+00
8.322510123252868652e-01,6.200912628747928812e-01
3.410890102386474609e-01,6.755689853848929616e-01
8.153510093688964844e-01,1.063945224420241309e-01
6.998159885406494141e-01,5.595903481991312267e-01
6.866139769554138184e-01,3.022215353704258423e-01
7.018824815750122070e-01,4.220361782794360139e-01
7.204269766807556152e-01,4.920099581621992235e-01
6.408870220184326172e-01,4.067883914946290869e-01
1.001817584037780762e+00,3.646866409430922773e-01
1.450595021247863770e+00,6.379890634379251635e-01
1.099555015563964844e+00,8.023785087009823735e-01
1.254430413246154785e+00,6.404127179631466937e-01
7.186369895935058594e-01,8.783150408819819788e-01
9.891759753227234997e-01,5.072304200944186547e-01
4.281075000762940341e+00,7.451849233875007528e-01
7.096589803695678711e-01,2.337106940675858446e+00
8.907449841499328613e-01,1.473620587671535365e+00
1.608888030052185059e+00,1.333258838401653490e+00
1.184751033782958984e+00,9.253514438367828054e-01
6.946156024932861328e-01,2.201539953610766709e+00
7.754629850387573242e-01,5.752124884391804915e-01
9.269009828567504883e-01,5.714662846668704388e-01
9.248849749565125622e-01,6.020206970968651206e-01
8.752880096435546875e-01,5.365324369124014892e-01
8.627579808235168457e-01,5.289052041059624232e-01
8.495249748229979359e-01,5.269884436507223935e-01
6.132180094718933105e-01,5.077879473851986125e-01
8.710420131683349609e-01,3.595633251798563412e-01
9.089673757553100586e-01,5.637707575241618363e-01
9.856920242309571423e-01,4.685866229952844186e-01
1.309872984886169434e+00,5.820251036866188610e-01
5.933508276939392090e-01,7.942940838288152783e-01
1.131836414337158203e+00,3.544352243943952319e-01
2.261745929718017578e+00,8.388723459792046810e-01
2.399192094802856445e+00,1.239198557288269553e+00
2.269547939300537109e+00,1.715550032411915060e+00
1.452262043952941895e+00,1.798247244518335730e+00
1.311915040016174316e+00,1.601720753890049309e+00
1.275267004966735840e+00,1.691693769584971418e+00
8.153480291366577148e-01,1.465409380599191680e+00
6.043019890785217285e-01,1.076156195534772486e+00
1.101529002189636230e+00,5.586126419161848711e-01
4.356400072574616034e-01,6.845794646656169213e-01
8.039849996566772461e-01,2.187580831152917404e-01
5.734559893608093262e-01,6.588977930274105832e-01
4.163750112056731623e-01,2.278225523743791781e-01
7.749050259590148926e-01,2.642102015713748697e-01
3.839260041713714044e-01,6.255339011959609730e-01
1.054715037345886230e+00,9.364876668366023393e-02
5.931029915809631348e-01,8.639212546296355377e-01
8.359869718551635742e-01,1.841852118977396480e-01
9.755985140800477184e-01,6.257155918107151216e-01
1.098647952079772949e+00,5.666844974008403701e-01
8.061249852180480957e-01,6.398195923003041630e-01
7.896029949188232422e-01,4.702643971428351888e-01
5.455229878425598145e-01,5.400187061465767657e-01
7.707700133323669434e-01,3.164773778040319563e-01
8.110550045967102051e-01,4.870380359674216786e-01
1.002521038055420144e+00,4.088868935424963547e-01
9.160850048065185547e-01,5.884246527110256197e-01
9.283249974250793457e-01,5.163697812198575487e-01
9.950090050697327770e-01,5.825748214735220198e-01
1.038689017295837402e+00,5.979070570474412927e-01
5.214130282402038574e-01,6.288958936399021704e-01
1.159701943397521973e+00,3.240130425650900592e-01
1.195862650871276855e+00,8.049805642058558419e-01
8.844429850578308105e-01,6.039805697947524532e-01
7.702100276947021484e-01,5.941415474721796208e-01
8.937159776687622070e-01,5.539179125177481344e-01
5.142210125923156738e-01,5.629367747421947232e-01
6.410769820213317871e-01,2.999133624037687573e-01
1.203750014305114746e+00,4.573411347922436976e-01
1.136301159858703613e+00,6.940783876471845470e-01
8.814030289649963379e-01,5.789402033296341399e-01
8.651199936866759144e-01,5.798359394276852985e-01
7.377740144729614258e-01,5.892186043444901378e-01
9.422479867935180664e-01,4.731108481465084448e-01
7.158420085906982422e-01,5.825702831907166868e-01
2.920779883861541748e-01,3.732268505042486972e-01
1.124665260314941406e+00,1.985571590332452507e-01
1.247418999671936035e+00,8.473552442031128118e-01
3.693974971771239790e+00,5.587356575254031066e-01
8.573070168495178223e-01,2.254949126378000823e+00
8.385969996452331543e-01,1.076828561118370331e+00
9.632229804992675781e-01,1.193571118116628416e+00
7.316169738769531250e-01,6.840885007871079226e-01
7.014784216880798340e-01,1.436319129926932670e+00
1.365643024444580078e+00,4.617337817788390031e-01
6.786789894104003906e-01,8.219106560246716153e-01
8.193774819374084473e-01,3.340587375867986042e-01
1.044147372245788574e+00,6.691681264477812308e-01
8.748620152473449707e-01,5.866492338263389339e-01
7.164059877395629883e-01,5.518150012492144540e-01
9.379299879074096680e-01,4.708330714025572572e-01
5.393440127372741699e-01,5.901821941642655389e-01
8.087720274925231934e-01,2.739849585564713697e-01
6.020820140838623047e-01,5.705968882203997783e-01
9.824249744415283203e-01,2.674301134553809800e-01
7.866399884223937988e-01,6.239466813745186968e-01
6.810299754142761230e-01,3.780028970713616987e-01
6.642330288887023926e-01,4.444981865175136604e-01
6.040380001068115234e-01,4.254039507477812565e-01
8.265414834022521973e-01,3.331267509532443438e-01
5.594509840011596680e-01,5.022929038743485508e-01
1.633069962263107300e-01,2.566394493973051527e-01
5.747918486595153809e-01,1.389091895440396907e-01
8.527640104293823242e-01,5.635226704060809499e-01
2.149522066116333008e+00,3.868964738671218928e-01
1.239639997482299805e+00,1.351721174472802600e+00
2.139239072799682617e+00,6.670915387018944154e-01
6.937779784202575684e-01,1.556684255915533388e+00
7.631160020828247070e-01,6.799388541440122280e-01
1.109338045120239258e+00,1.031173949244766685e+00
9.241870045661927380e-01,6.614861583446378646e-01
1.305567026138305664e+00,8.116039427977721488e-01
8.699640035629272461e-01,8.516312358355540013e-01
8.599532246589660645e-01,4.925518649250966718e-01
1.108017444610595703e+00,6.420322664630584431e-01
8.591579794883728027e-01,6.644756625193036781e-01
9.039019942283630371e-01,5.533020971378762587e-01
1.023422956466674805e+00,6.039895852098325912e-01
8.504790067672729492e-01,6.037811051745589630e-01
1.527956604957580566e+00,5.207918279508568782e-01
9.952359795570373535e-01,9.607687924646075572e-01
1.141056060791015625e+00,5.775325016917773890e-01
1.980204939842223899e+00,8.492623217151229476e-01
1.851865053176879883e+00,1.174788290563437032e+00
1.589177966117858887e+00,1.433778415649956228e+00
2.123934030532836914e+00,1.319822044196923505e+00
1.204741954803466797e+00,1.551537970437805614e+00
1.227027416229248047e+00,1.552391353465055523e+00
1.131343960762024148e+00,1.297428455149280513e+00
1.116891980171203613e+00,9.582778507280954594e-01
1.040153026580810325e+00,1.072652108987639075e+00
7.681059837341308594e-01,7.243513129335992229e-01
7.666722536087036133e-01,5.640898783187904275e-01
8.607699871063232422e-01,5.274834138995028177e-01
5.301510095596313477e-01,5.067057534393415441e-01
9.909179806709289551e-01,2.856815297002492371e-01
9.618239998817442737e-01,6.886884246726719949e-01
8.381230235099792480e-01,4.584587105975787003e-01
8.131660223007202148e-01,5.147550629665157418e-01
8.752340078353881836e-01,5.325057126136023555e-01
8.812961578369140625e-01,5.218983080373144068e-01
9.057049751281737171e-01,5.088432972893679462e-01
1.355970025062561035e+00,5.380464179420790805e-01
2.043754577636718750e+00,8.147786402233243574e-01
2.364957094192504883e+00,1.192855301515638233e+00
2.233561992645264116e+00,1.580873511814754773e+00
8.372840285301208496e-01,1.810197656576623571e+00
9.040349721908569336e-01,1.349666338774188068e+00
7.228699922561645508e-01,1.178701601336188176e+00
1.032919287681579590e+00,8.941871027835883723e-01
9.367759823799132191e-01,8.600967239537191666e-01
7.624319791793823242e-01,4.942840977472662267e-01
7.721610069274902344e-01,4.862774183064234590e-01
1.243505001068115234e+00,4.989305194090035700e-01
7.468199729919433594e-01,7.278318704686553842e-01
1.419505119323730469e+00,3.890467686877808751e-01
7.347676753997802734e-01,9.884744432950491877e-01
1.074026942253112793e+00,3.662240204181216319e-01
9.692379832267760120e-01,8.058604956387660501e-01
8.089560270309448242e-01,5.151064315035299712e-01
8.223479986190795898e-01,5.959569126634917113e-01
5.762249827384948730e-01,5.279752186925206203e-01
6.765879988670349121e-01,3.382115871295506282e-01
9.015229940414428711e-01,4.366804825950359459e-01
8.627583980560302734e-01,5.000951135513653778e-01
1.055613875389099121e+00,4.508544705632084870e-01
9.391199946403503418e-01,6.688440618506756863e-01
7.824029922485351562e-01,5.285384421850999326e-01
8.782749772071838379e-01,5.063319386140325840e-01
1.109990954399108887e+00,5.550753392873915004e-01
1.164981961250305176e+00,6.431947430706370650e-01
1.475479006767273171e+00,6.773013837318662134e-01
7.344660162925720215e-01,9.159110110987990216e-01
1.143465042114257812e+00,5.098449957747799299e-01
2.958764553070068359e+00,8.531217712371864659e-01
2.038712024688720703e+00,1.639138309604895039e+00
9.367650747299193226e-01,1.855329201809073236e+00
1.001402020454406738e+00,1.202902926986847865e+00
7.492939829826354980e-01,9.451103550308286305e-01
9.457820057868958630e-01,1.231316069653895617e+00
1.164842009544372559e+00,7.920306559829105586e-01
9.045109748840332031e-01,6.559753678259386822e-01
5.778343677520751953e-01,5.447715351042269338e-01
7.607790231704711914e-01,4.100527377827674069e-01
8.009672760963441052e-01,5.101792874794296440e-01
6.709719896316528320e-01,4.205494499562668076e-01
3.086133003234863725e+00,3.702854281625465593e-01
1.018260955810546875e+00,2.113966568499338283e+00
1.114386796951293945e+00,8.788422056778949498e-01
1.229098439216613770e+00,1.199614788026120538e+00
1.245597958564758301e+00,7.533484652062629738e-01
5.376980304718017578e-01,1.552276815654042075e+00
7.949647903442382812e-01,4.281814759628478906e-01
1.209460973739624023e+00,6.196902927467673461e-01
9.914460182189940296e-01,6.573753720444549531e-01
7.495359778404235840e-01,5.904016235120170819e-01
8.522210121154785156e-01,5.217688157701728668e-01
9.499999880790708229e-01,5.610776294388278851e-01
6.329939961433410645e-01,5.564757812460335851e-01
8.296039700508117676e-01,3.605897015187769505e-01
1.060515046119689941e+00,5.741618589166183062e-01
6.726049780845642090e-01,5.769064496737424941e-01
7.929700016975402832e-01,3.635609707598836393e-01
9.556260704994201660e-01,5.863147778228641194e-01
7.782499790191650391e-01,5.298116437983990679e-01
6.364319920539855957e-01,4.373472929250915575e-01
6.556333899497985840e-01,4.182553770731854970e-01
8.762890100479125977e-01,4.082546267188587596e-01
6.824830174446105957e-01,4.941829281283954267e-01
7.950311899185180664e-01,3.352571379026801357e-01
1.017485976219177246e+00,5.381006599176141325e-01
1.230221033096313699e+00,5.883541618220891056e-01
9.125559926033020020e-01,6.976738597046189261e-01
1.030437946319579856e+00,5.358523228338091249e-01
6.127780079841613770e-01,7.063792340500095746e-01
3.667230010032653253e-01,3.797707147932178340e-01
5.604230165481567383e-01,3.081286890485287477e-01
8.102909922599792480e-01,3.705391806920352304e-01
7.236457467079162598e-01,3.971613992639969060e-01
6.627830266952514648e-01,3.695247168342573607e-01
8.224419951438903809e-01,4.804328788529496630e-01
6.781139969825744629e-01,5.335895924207292307e-01
3.209959864616393488e-01,3.447197336994067829e-01
7.439860105514526367e-01,1.976102297824229304e-01
7.004669904708862305e-01,5.971856956471620625e-01
1.274258971214294434e+00,2.789855177915161466e-01
6.211659908294677734e-01,8.191563075519214809e-01
1.067494988441467285e+00,2.569300489945363641e-01
1.265694975852966309e+00,8.187167674732760414e-01
9.348030090332032360e-01,6.647320630982920253e-01
1.085708975791931152e+00,6.519578784129372861e-01
5.883709788322448730e-01,7.537557533753405092e-01
4.636880159378052313e-01,3.823644193851092887e-01
8.750243186950683594e-01,3.858540957615429479e-01
4.834130108356476385e-01,5.293496810299656019e-01
4.560469985008240301e-01,1.663119104569638074e-01
7.238804101943969727e-01,4.045943063179355259e-01
4.748429954051970880e-01,5.254051003548595444e-01
9.588437080383299671e-01,1.726358463590567105e-01
1.794360995292663574e+00,7.640437144000705727e-01
1.210453987121582031e+00,1.041293602939011853e+00
4.008429944515228271e-01,7.133025548265901072e-01
5.836449861526489258e-01,4.299634911385660785e-01
8.660610318183898926e-01,5.151812456560799225e-01
7.764859795570373535e-01,5.200249311602893609e-01
5.888479948043823242e-01,3.913694684412323821e-01
4.327859878540038507e-01,4.113373047049324605e-01
5.545350313186645508e-01,3.058293939510221549e-01
1.149551987648010476e+00,3.476763573273536911e-01
9.776459932327271618e-01,6.765370999771171956e-01
2.302707910537720171e+00,4.550306551453704440e-01
7.962800264358520508e-01,1.560005171606326124e+00
6.104800105094909668e-01,5.486511131651035100e-01
6.522138714790344238e-01,7.647408987574497718e-01
1.032202124595642090e+00,4.181379662601643621e-01
8.200139999389648438e-01,7.887106057932321557e-01
1.039114952087402344e+00,3.963390547463654934e-01
9.508559703826903187e-01,7.014666946110631462e-01
7.736063003540039062e-01,5.268397246228796460e-01
1.383889913558959961e+00,5.052453615364574935e-01
6.069999933242797852e-01,8.717419184503254481e-01
9.455270171165466309e-01,3.398102043048435994e-01
3.923240005970001221e-01,7.422577125635775319e-01
9.679385423660278320e-01,1.362280425715995391e-01
9.072690010070799671e-01,6.625131073337545695e-01
2.479866981506348100e+00,3.942584433428104607e-01
1.045583963394165039e+00,1.506167783754138512e+00
1.536522984504699707e+00,6.698327139748956327e-01
4.812009930610657293e-01,1.288777027812475273e+00
8.617479801177978516e-01,4.127983170454700423e-01
1.127727031707763672e+00,9.773661156785539150e-01
9.895502924919128418e-01,5.805581723851405140e-01
9.099559783935547985e-01,6.681029729692289365e-01
1.239764332771301270e+00,6.082582528056627025e-01
1.379981994628906250e+00,7.680333737005183847e-01
7.663900256156921387e-01,8.414746297621836790e-01
8.156750202178955078e-01,5.598190756567493764e-01
1.299479961395263672e+00,6.356970297743389509e-01
7.149469852447509766e-01,7.694452950544635739e-01
8.305460214614868164e-01,4.894788716607832435e-01
9.092410206794740990e-01,6.429915534050373305e-01
7.411040067672729492e-01,5.059771050057807473e-01
5.047770142555236816e-01,4.622472539710746897e-01
9.697520136833192028e-01,3.255869524125657444e-01
1.049844980239868164e+00,6.362184014507057395e-01
5.644329786300659180e-01,5.113339402218244345e-01
9.593539834022521973e-01,3.216014013354503431e-01
9.383450150489808239e-01,7.644244885221339603e-01
7.079470157623291016e-01,4.686854155397423005e-01
4.484339952468871515e-01,4.399291814904716102e-01
5.337110161781311035e-01,3.205450933791353929e-01
5.215386152267456055e-01,3.488811697352283137e-01
6.405649781227111816e-01,2.472612784023911492e-01
1.660409450531006081e+00,3.916508128827946855e-01
1.622156023979186790e+00,1.129373664381694953e+00
3.623536109924316406e+00,8.434420840060611324e-01
9.065989851951601342e-01,2.281110705462160215e+00
7.756379842758178711e-01,1.353702396313476664e+00
6.443409919738770641e-01,1.285684523024052117e+00
5.499600172042846680e-01,6.460499277529665463e-01
1.367677569389343262e+00,1.191517109996210744e+00
8.148130178451538086e-01,8.387442546263876864e-01
8.623980283737182617e-01,3.403147115768146436e-01
8.134710192680358887e-01,6.749785149605108669e-01
9.060310125350952148e-01,4.779434762232054879e-01
1.311033964157104492e+00,5.793813342663719501e-01
1.474902033805847168e+00,7.692973646998270132e-01
1.186140060424804910e+00,8.585949304373564628e-01
2.092472076416016069e+00,8.000136292299735441e-01
1.301861047744750977e+00,1.352377960699193693e+00
1.221997022628784180e+00,1.127443598378311318e+00
1.078873991966247559e+00,1.169862333927824238e+00
7.863690257072448730e-01,8.306210827344533421e-01
7.093420028686523438e-01,8.908446069053875815e-01
5.645610094070434570e-01,5.290735284387567683e-01
1.092841982841491699e+00,3.528019063221569662e-01
3.955059945583344061e-01,6.586038625266203983e-01
1.195796012878417969e+00,9.839691075656810393e-02
2.998351097106933594e+00,9.666711178062854515e-01
2.585943937301636186e+00,1.671074242003460775e+00
1.655773043632507102e+00,2.022512030626249402e+00
8.921740055084229626e-01,1.662898418018943447e+00
8.955079913139343262e-01,1.226477984450654146e+00
1.585399031639099121e+00,1.507764333231113474e+00
1.210371017456054910e+00,1.338221387134060691e+00
9.857040047645567737e-01,9.465954914789521668e-01
6.761519908905029297e-01,7.617860820965123292e-01
9.457439780235291638e-01,4.951443689307870599e-01
5.141820311546325684e-01,6.775483090279204035e-01
7.144280076026916504e-01,2.780078959855918352e-01
7.917379736900329590e-01,5.079176580900828242e-01
6.024960279464721680e-01,4.136669245730144051e-01
1.012339949607849121e+00,3.148146971799160032e-01
6.310235261917114258e-01,7.252509509070262927e-01
5.426099896430969238e-01,2.651177306285785185e-01
7.744219899177551270e-01,4.039953360372409152e-01
8.376209735870361328e-01,5.096939209161115425e-01
7.503905892372131348e-01,4.195038088802170440e-01
1.614240050315856934e+00,4.335624687090605667e-01
7.141630053520202637e-01,1.066938133135327593e+00
6.486989855766296387e-01,3.548353604267356909e-01
3.861860036849975586e-01,6.080357163043531576e-01
3.990480005741119385e-01,2.175517470715982449e-01
1.103790521621704102e+00,2.783205393602030675e-01
8.070139884948729359e-01,7.198302100553006788e-01
1.107607960700988770e+00,3.052504683969984867e-01
7.170349955558776855e-01,8.353887928721527301e-01
1.687772989273071289e+00,3.709439797919906745e-01
8.082039952278137207e-01,1.076530927549593564e+00
1.564818024635314941e+00,4.257090713241251101e-01
1.256489992141723633e+00,1.135046223527153231e+00
7.375509738922119141e-01,7.060272476945492759e-01
8.364729881286621094e-01,8.200556314251452594e-01
1.015761017799377441e+00,6.203608102756500431e-01
6.945540308952331543e-01,6.590510219948968462e-01
9.518219828605651855e-01,4.309373318376807371e-01
5.585229992866516113e-01,6.538235494166559914e-01
1.855298042297363503e+00,2.614111608274937160e-01
8.210539817810058594e-01,1.186924904183167984e+00
8.359720110893249512e-01,3.763050549700938663e-01
6.805480122566223145e-01,7.647425600561149617e-01
1.030328035354614480e+00,3.975859394388369106e-01
8.423720002174377441e-01,7.260581405193425875e-01
5.589337944984436035e-01,4.219257295313366130e-01
7.334340214729309082e-01,3.691282398446747992e-01
8.426809906959533691e-01,5.151859993323487652e-01
8.706315755844116211e-01,4.361508452542448011e-01
8.863990306854248047e-01,4.828966822396283387e-01
8.493610024452209473e-01,5.393342616307763571e-01
1.331516027450561523e+00,5.026049559691400104e-01
1.645591020584106445e+00,8.093150749114155218e-01
1.411272048950195090e+00,9.456571170304558516e-01
1.046331048011779785e+00,9.651628021343915398e-01
8.349300026893615723e-01,8.255730456389366312e-01
1.090394020080566406e+00,7.264890592817827564e-01
6.141669750213623047e-01,8.035534885564774576e-01
8.252440094947814941e-01,4.404423398687635771e-01
1.047114968299865501e+00,5.877999787633392259e-01
4.695149958133698065e-01,5.644803365664722294e-01
7.520099878311157227e-01,2.574657772572792047e-01
6.718119978904724121e-01,6.403678937302460517e-01
6.571980118751525879e-01,3.017643532114665517e-01
7.795739769935607910e-01,3.821722167317108676e-01
6.211889982223510742e-01,5.169158544404238720e-01
9.608931541442872204e-01,3.185564125789727696e-01
7.402380108833312988e-01,6.384179905742021210e-01
6.151059865951538086e-01,3.501834535995522746e-01
5.818247795104979359e-01,4.083697061358889657e-01
6.529520153999328613e-01,3.779789207593325928e-01
7.834500074386596680e-01,3.643571873368867120e-01
8.276180028915405273e-01,4.428535727804496780e-01
2.505017042160034180e+00,4.690796057507463646e-01
1.417585968971252441e+00,1.605581077300799686e+00
1.226507544517517090e+00,9.339842016830199878e-01
9.694439768791200951e-01,1.134348574353911676e+00
8.129550218582153320e-01,7.333061518816140767e-01
5.289899706840515137e-01,1.055544660344808650e+00
4.789490103721618097e-01,4.220585255979130146e-01
9.671270251274107776e-01,3.246066894067733966e-01
4.701859951019286554e-01,5.672603463095475806e-01
2.416239976882934293e-01,1.326415620283062369e-01
1.994680017232894897e-01,3.020821651793586526e-01
4.732620120048523504e-01,2.598136266727305577e-01
9.621880054473875843e-01,2.790259896837711251e-01
9.829789996147154651e-01,6.460146479210104875e-01
1.026576042175292969e+00,5.653158325039873144e-01
9.651920199394226074e-01,7.188810278698612999e-01
1.983185052871704324e+00,5.945457604774337934e-01
1.286525964736938477e+00,1.202123301597091798e+00
1.736924052238464355e+00,8.755762126982448157e-01
7.533379793167114258e-01,1.300373625620538487e+00
1.062494039535522461e+00,6.638144219070847285e-01
8.256469964981079102e-01,1.033359351615735777e+00
1.418092012405395508e+00,5.350337559530939924e-01
1.250364065170288086e+00,9.704983600434544666e-01
1.089423060417175293e+00,6.919659838135638896e-01
8.687390089035034180e-01,8.016905041039598112e-01
1.307837963104248047e+00,6.040548043253142207e-01
7.601559758186340332e-01,8.785518318105309810e-01
8.579840064048767090e-01,5.134020694776746385e-01
1.067142963409423828e+00,6.458238494494350501e-01
6.799880266189575195e-01,6.103846382175825980e-01
8.352749943733215332e-01,4.425152175796869258e-01
1.010563969612121582e+00,5.938023684429312166e-01
7.260069847106933594e-01,5.573987705945354643e-01
5.901079773902893066e-01,4.158446852001905225e-01
7.406870126724243164e-01,4.165721630525277552e-01
7.620100975036621094e-01,4.568638239507680221e-01
5.811070203781127930e-01,3.921879976322707462e-01
8.903719782829283558e-01,3.227744017357608297e-01
7.301949858665466309e-01,6.197099340196280393e-01
1.265586972236633301e+00,3.432601023265037243e-01
9.180610179901124157e-01,8.142166008326491289e-01
8.252680301666259766e-01,4.509369433889757195e-01
9.114630222320554420e-01,5.911204655353609061e-01
9.657319784164427601e-01,5.657751172148300922e-01
7.146480083465576172e-01,5.911745866193878207e-01
8.502969741821289062e-01,4.216705686181522750e-01
8.405809998512268066e-01,5.608119064859812264e-01
1.191807866096496582e+00,4.592118034374079172e-01
7.976800203323364258e-01,7.120942012873360261e-01
8.885610103607177734e-01,4.191997855228212222e-01
9.655410051345824085e-01,6.272937916626650789e-01
5.838339924812316895e-01,5.538831930991204855e-01
8.865389823913574219e-01,3.706596008659538422e-01
8.750730156898498535e-01,6.216982963603848722e-01
6.929270029067993164e-01,4.378869387872409980e-01
5.519689917564392090e-01,4.101479154959809525e-01
5.465030074119567871e-01,3.753231617671206610e-01
7.512239813804626465e-01,3.303626219645705020e-01
7.843149900436401367e-01,4.283072538087718262e-01
6.109840273857116699e-01,4.096361531983628845e-01
7.992020249366759144e-01,3.616439941251103352e-01
5.405290126800537109e-01,5.612041169880256364e-01
9.266330003738403320e-01,2.483975634760811069e-01
5.896059870719909668e-01,6.282527817569706352e-01
5.182790160179138184e-01,2.391163704724160732e-01
6.216366887092590332e-01,3.765016230278418474e-01
7.315016984939575195e-01,4.227194808905159751e-01
8.715350031852722168e-01,3.800809725779603077e-01
2.576299905776976984e-01,5.144488286302145719e-01
3.547430038452147882e-01,9.728093778609031572e-02
1.424710035324096902e+00,4.290640560538414028e-01
1.588093161582946777e+00,9.118306679658207958e-01
1.510810017585754395e+00,7.624953465632134941e-01
6.637499928474426270e-01,1.000751863830839250e+00
9.182999730110168457e-01,5.138302330853611322e-01
9.455379843711853027e-01,7.759625612377496484e-01
8.895260095596313477e-01,6.274647388310632401e-01
7.889080047607421875e-01,6.127331309339373311e-01
8.079270124435424805e-01,4.870757460936875893e-01
6.742079854011535645e-01,4.966718211626062751e-01
7.401880025863647461e-01,3.833667261178090313e-01
7.983270287513732910e-01,4.546549675087421805e-01
7.760372757911682129e-01,4.453837876982936761e-01
7.851629853248596191e-01,4.348442441724482688e-01
1.024798870086670144e+00,4.729126271320356900e-01
8.841310143470764160e-01,6.123332271393717718e-01
1.171491026878356934e+00,4.771433824479400232e-01
7.665730118751525879e-01,7.462768018791823277e-01
1.054823040962219238e+00,4.225330032200336761e-01
1.034250974655151367e+00,7.231353604438778282e-01
7.633029818534851074e-01,5.716513164464205321e-01
6.365630030632019043e-01,5.199288145149100204e-01
5.399640202522277832e-01,4.369656144566858580e-01
8.178460001945495605e-01,3.253091181859355530e-01
8.135920166969299316e-01,4.795428818787892400e-01
9.839289784431458630e-01,4.007737154071093211e-01
8.986790180206298828e-01,6.070947264949185795e-01
6.926850080490112305e-01,5.099893429199381378e-01
6.764680147171020508e-01,4.320586859569386373e-01
6.547859907150268555e-01,4.385837995592663519e-01
8.509550094604492188e-01,3.667441599572386357e-01
6.557850241661071777e-01,4.935567368525460297e-01
8.856279850006103516e-01,3.271890425887721832e-01
9.303160309791563831e-01,5.937093648501440279e-01
7.123904824256896973e-01,4.996844464886874837e-01
6.544970273971557617e-01,4.109901076014157439e-01
9.782410264015198864e-01,4.426362356228153994e-01
8.733990192413330078e-01,5.825779109868158834e-01
6.319249868392944336e-01,4.437273519056451621e-01
8.613430261611938477e-01,3.970805267573205843e-01
6.160370111465454102e-01,5.877041325480959477e-01
6.686739921569824219e-01,2.967199368997894271e-01
1.007030010223388894e+00,4.401204101060779972e-01
9.358490109443665661e-01,6.099411621033014042e-01
1.113351941108703613e+00,4.790422178281809606e-01
9.273632764816285290e-01,7.097990079658995644e-01
9.193540215492249645e-01,5.342256501206202879e-01
6.497738957405090332e-01,6.134511718848477679e-01
8.034440279006958008e-01,3.980555447555877424e-01
7.462270259857177734e-01,5.246921984542209927e-01
7.597569823265075684e-01,3.893645768238742089e-01
1.126011013984680176e+00,4.493108454539520014e-01
1.423818945884704590e+00,6.901808306569868767e-01
5.316870212554931641e-01,7.941813068555262367e-01
1.097100019454955833e+00,3.370991231028859780e-01
9.711959958076475941e-01,8.828234971033007694e-01
5.659890174865722656e-01,5.072971722372484615e-01
1.088876962661743164e+00,4.576132421486792667e-01
1.923168003559112549e-01,8.161153684695028332e-01
3.752999901771545410e-01,2.867789272201090589e-02
4.178839921951293945e-01,4.389826229978768257e-01
4.822100102901458185e-01,2.284167120809095231e-01
8.997989892959594727e-01,2.229169219392496959e-01
6.762999892234802246e-01,7.943969192561272097e-01
1.075533032417297363e+00,3.300728991580518246e-01
7.601699829101562500e-01,8.065239761328271140e-01
1.045557022094726562e+00,3.648216513678713135e-01
1.085988998413085938e+00,6.987182300609663388e-01
