1.111775994300842507e+00,8.712136007349706723e-01
7.566530108451843262e-01,1.048947865122769718e+00
5.684260129928588867e-01,8.984995357109178959e-01
1.201630949974060059e+00,8.042824562854949955e-01
8.802530169486999512e-01,1.036530733226679102e+00
8.531429767608642578e-01,9.699066547124703952e-01
7.591750025749206543e-01,9.537747055384930839e-01
1.005007982254028320e+00,8.877741663140452655e-01
7.687720060348510742e-01,9.700373393363267427e-01
1.740013241767883301e+00,8.991999446673701879e-01
2.913533687591552734e+00,1.414403833287981582e+00
4.963075160980224609e+00,1.989671508667584465e+00
1.471215128898620605e+00,3.604070391660083139e+00
1.000648975372314453e+00,2.638257266253706934e+00
8.220189809799194336e-01,1.448791995946810074e+00
9.362199902534482643e-01,9.878299683231687167e-01
5.486897230148315430e-01,1.024812705820641545e+00
1.111255049705505371e+00,1.167332555700491881e+00
7.148039937019348145e-01,1.491261170876220010e+00
1.052167057991027832e+00,9.736090018491156961e-01
8.955980539321898304e-01,9.948966784145186759e-01
7.769405245780944824e-01,9.645850450606237025e-01
5.699509978294372559e-01,1.498963968032946070e+00
8.244060277938842773e-01,1.522660156258009989e+00
5.800840258598327637e-01,1.121877881441427860e+00
9.488009810447691761e-01,8.568428625713351288e-01
7.918390035629272461e-01,9.622000291682584194e-01
6.937990188598632812e-01,9.242894114504817127e-01
6.834830045700073242e-01,8.765599054936247247e-01
9.433320164680479847e-01,8.560051454128130288e-01
1.032713770866394043e+00,9.395739871853213687e-01
2.556216001510620117e+00,9.821057996732135420e-01
2.464895963668823242e+00,1.661176409702606938e+00
2.728049993515014204e+00,1.680573192923413339e+00
3.558506965637206476e-01,1.752150143879910527e+00
3.262020051479339600e-01,9.374971325585942372e-01
3.781589865684509277e-01,8.180089559938924504e-01
6.306380033493041992e-01,7.315468205253659040e-01
8.854129910469055176e-01,8.672115656520626992e-01
9.743152856826782227e-01,9.512329726115688056e-01
7.307389974594116211e-01,9.804820574938358790e-01
9.521890282630921520e-01,9.029916670176371118e-01
1.011654973030090332e+00,9.911041176420376519e-01
7.643579840660095215e-01,1.026523058708212588e+00
3.306220054626464844e+00,9.321651845937659608e-01
7.543110251426696777e-01,2.041353600342054264e+00
1.409499049186706321e+00,1.427720657562595807e+00
6.401469707489013672e-01,1.408589911738164169e+00
8.640019893646240234e-01,1.018368025717476533e+00
8.469420075416564941e-01,9.745995902851384285e-01
7.976629734039306641e-01,9.155204362384763428e-01
9.555831551551821068e-01,9.233050028692191269e-01
9.546210169792175293e-01,9.937819123111235609e-01
5.251880288124084473e-01,9.854288489085500924e-01
1.275226235389709695e+00,8.715451428399836331e-01
8.355640172958374023e-01,1.098105193135369140e+00
7.640249729156494141e-01,9.506446233578657035e-01
4.752210080623626154e-01,9.181960508974550406e-01
7.414129972457885742e-01,8.003856404928444412e-01
1.069700956344604492e+00,9.245362811315708251e-01
7.892770171165466309e-01,1.052219310880388115e+00
6.914690136909484863e-01,9.375899132938411151e-01
7.093830108642578125e-01,8.832635761320354328e-01
1.115731000900268555e+00,9.026631390913143482e-01
1.002280950546264648e+00,1.077296853067334359e+00
1.143296003341674805e+00,1.050645109584690040e+00
6.746559739112854004e-01,1.083652111031010001e+00
6.694570183753967285e-01,9.180770150322481449e-01
7.814120054244995117e-01,9.122185645374676355e-01
8.469259738922119141e-01,9.220667803304761767e-01
6.482390165328979492e-01,9.670561605574196085e-01
7.183309793472290039e-01,8.718268689905341873e-01
9.541710019111631080e-01,8.664402247986839889e-01
6.694499850273132324e-01,1.025157555130407516e+00
6.464660167694091797e-01,9.012909611079080729e-01
9.235979914665222168e-01,8.867456954434373984e-01
1.067314028739929199e+00,9.799661662556556907e-01
6.827279925346374512e-01,1.046066211871268470e+00
6.464239954948425293e-01,9.856336810038495155e-01
7.273989915847778320e-01,9.476341631105235086e-01
8.693690299987792969e-01,9.131605411866439148e-01
4.518609941005707342e-01,9.338493316786657950e-01
4.952389895915985107e-01,7.901634124197641773e-01
7.243813276290893555e-01,8.317335850028171329e-01
7.400469779968261719e-01,8.761410350023914884e-01
8.204330205917358398e-01,8.769453988638163944e-01
1.108605027198791504e+00,9.241354613205788882e-01
1.039268016815185547e+00,1.058096351484573150e+00
7.877500057220458984e-01,1.038349172544742904e+00
9.367713332176208496e-01,9.369731017015436869e-01
6.470239758491516113e-01,9.746673167344729327e-01
1.187446951866149902e+00,8.866058097106327418e-01
7.528370022773742676e-01,1.108604818093377631e+00
2.307340055704116821e-01,1.000362147544273439e+00
8.772729635238647461e-01,6.983343267533558274e-01
2.742219865322113037e-01,8.891382169539716607e-01
9.923512339591979980e-01,7.437572742828598704e-01
7.200859785079956055e-01,9.686314199333426744e-01
7.269890308380126953e-01,9.230455644499179213e-01
6.872699856758117676e-01,9.096590904464574301e-01
8.352038264274597168e-01,8.773788038656710198e-01
1.023357987403869629e+00,9.318396196289691069e-01
9.300749897956847034e-01,1.039687394318586477e+00
5.104020237922668457e-01,9.863275130573703198e-01
4.551239907741546076e-01,8.561012035972080936e-01
7.012919783592224121e-01,7.998573370693402573e-01
1.123770236968993919e+00,8.784870164493004951e-01
4.689320027828217108e-01,1.036518157883559610e+00
1.145424962043762207e+00,8.297998040276051146e-01
1.557039022445678711e+00,1.065111938869119923e+00
1.062240004539489524e+00,1.330646963621472167e+00
2.247971057891845703e+00,1.195272819337574122e+00
8.389729857444763184e-01,1.557601192292291881e+00
6.386680006980895996e-01,1.190769306786827908e+00
1.085826039314270020e+00,9.419039578770549426e-01
6.923220157623291016e-01,1.024966135262324496e+00
1.279224038124084473e+00,8.992823775357213778e-01
4.283109903335570734e-01,1.107700455392855554e+00
8.846225738525390625e-01,7.997917554115788752e-01
9.259700179100035511e-01,9.443482230280242362e-01
9.073020219802856445e-01,1.024399369252044556e+00
8.741459846496582031e-01,1.011521673406915234e+00
7.683960199356079102e-01,9.492952054095858960e-01
7.523270249366759144e-01,9.245354420701670239e-01
1.977947235107421431e+00,9.208534357897527611e-01
6.822599768638610840e-01,1.345022653384070122e+00
2.116506099700928178e+00,1.199065475876385234e+00
1.727593064308166504e+00,1.679612502613010205e+00
1.114274978637695090e+00,1.552038104828202814e+00
1.102354049682617188e+00,1.211323964312789547e+00
6.531813144683837891e-01,1.132770795566929944e+00
1.023204803466796875e+00,9.227752460254972089e-01
1.108754038810729980e+00,1.000490497859990890e+00
1.829927563667297363e+00,1.099495670560493465e+00
1.265669584274291992e+00,1.311709051237757384e+00
1.030689358711242898e+00,1.290290862945685735e+00
1.099169254302978294e+00,1.152172450231024881e+00
7.758393883705139160e-01,1.095037431404541017e+00
8.666771054267883301e-01,9.632654258749784315e-01
7.614132165908813477e-01,9.476244528975072967e-01
1.078659296035766602e+00,9.103034351177030636e-01
6.600005030632019043e-01,1.014497818273215834e+00
6.280704736709594727e-01,1.027411775415853601e+00
9.000409841537475586e-01,1.014064058305864657e+00
1.011121273040771706e+00,1.000239216426800359e+00
7.521411776542663574e-01,1.010190594900124195e+00
6.799052953720092773e-01,9.113897806252193590e-01
6.504104733467102051e-01,9.182648392332365406e-01
9.056316018104552112e-01,9.345647932836036453e-01
7.056654095649719238e-01,9.913664843377094638e-01
6.592794060707092285e-01,8.764070955029964471e-01
7.808002829551696777e-01,8.678041760672930982e-01
9.280405640602111816e-01,9.104095555805643558e-01
3.888399899005889893e-01,9.720053526624867768e-01
2.337300032377243320e-01,7.914875014576736589e-01
3.949534893035888672e-01,6.519988378501936355e-01
7.839220166206359863e-01,6.947687791576212524e-01
9.723259806632995605e-01,9.118271328655062069e-01
1.345324039459228294e+00,9.840398342302791868e-01
6.804850101470947266e-01,1.192523802466259886e+00
8.075709939002990723e-01,1.012258182107326210e+00
9.960750937461850807e-01,9.909341936124004269e-01
4.713059961795806330e-01,9.904576713919062136e-01
1.126214265823364480e+00,8.460817398792462862e-01
7.747610211372375488e-01,1.070825575017467779e+00
8.005080223083496094e-01,1.366704230048935154e+00
1.195780038833618164e+00,1.441419350967408697e+00
4.899359941482543390e-01,1.264688323407212156e+00
7.445690035820007324e-01,9.025329165821388555e-01
8.565919995307922363e-01,9.243108626178911935e-01
7.605929970741271973e-01,9.431195288493672280e-01
7.421634793281555176e-01,9.126051114303331824e-01
8.745691180229187012e-01,9.021829457787020612e-01
1.477671980857849121e+00,9.505169368904717864e-01
5.030400156974792480e-01,1.367551404013458871e+00
2.968195915222167969e+00,1.092899565172928300e+00
4.084815025329589844e+00,1.804230910032327717e+00
4.121052026748656671e-01,2.216547709171199365e+00
6.408920288085937500e-01,1.076814077945787984e+00
1.060830354690551758e+00,1.001205622981697019e+00
1.886373996734619141e+00,1.009632390881294750e+00
3.931840062141417902e-01,1.375627634954839529e+00
1.045531988143920898e+00,9.081231130393876416e-01
8.046740293502807617e-01,1.044806655671604245e+00
8.532550334930419922e-01,9.402381233855889864e-01
7.301589846611022949e-01,9.561445156631749320e-01
2.700940072536468506e-01,9.323018206433758559e-01
5.079169869422912598e-01,6.866053002286411910e-01
1.267657995223999023e+00,7.678857077741098047e-01
3.999615430831908736e+00,1.157904833781157938e+00
2.102678060531615767e+00,2.340610688748649526e+00
1.291347503662109375e+00,2.609638920795794181e+00
2.390191078186035156e+00,2.491782708950509129e+00
1.599208950996399148e+00,2.065173351733435858e+00
1.298205018043518066e+00,1.505077631253006754e+00
1.360355019569396973e+00,1.308753710663330017e+00
4.276689887046813965e-01,1.276537143119858220e+00
3.897170126438140314e-01,9.714174052041694152e-01
1.546036005020141602e+00,8.230729484459434753e-01
8.653150200843811035e-01,1.180795820815711661e+00
8.454149961471557617e-01,9.964013442976320523e-01
1.435889005661010742e+00,9.774439340835119339e-01
6.206179141998291016e+00,1.162255833708512487e+00
9.077759981155394398e-01,3.100065821107707009e+00
5.264570116996765137e-01,1.783340463768471773e+00
9.704009890556335449e-01,1.291168234925752278e+00
6.997730135917663574e-01,1.043963146926610852e+00
6.361600160598754883e-01,8.724622148749646700e-01
6.393389701843261719e-01,8.635808785228668016e-01
5.699130296707153320e-01,9.011903709696289511e-01
4.694110155105590820e-01,8.477977365194736548e-01
8.482750058174133301e-01,8.070514645166024792e-01
6.324055790901184082e-01,9.701824937630365575e-01
3.047409951686859131e-01,8.463121591920503839e-01
2.148479968309402466e-01,7.029527327045115292e-01
4.153338372707366943e-01,6.381365022022864597e-01
9.913370013236998401e-01,7.068933960968121211e-01
7.429170012474058948e-01,9.756576699263084240e-01
8.799139857292175293e-01,9.025820974831594290e-01
1.240342974662780762e+00,9.569987498817634775e-01
3.054729998111724854e-01,1.111476049373908426e+00
1.285866022109985352e+00,7.837554490074686298e-01
1.090137004852295144e+00,1.115182926562536814e+00
3.773260116577148438e-01,1.121802216157768539e+00
2.288666009902954102e+00,7.744289703579860795e-01
8.070570230484008789e-01,1.767842173648729309e+00
8.929409980773925781e-01,1.444712199752036241e+00
1.832507014274596724e+00,1.185358506098514786e+00
7.223749756813049316e-01,1.372793879395350025e+00
7.407349944114685059e-01,1.025617895686611103e+00
1.236768960952758789e+00,9.359161314063698667e-01
7.108730077743530273e-01,1.093674301798531090e+00
6.473349928855895996e-01,9.366587680997917609e-01
1.024247765541076882e+00,8.477395083482529570e-01
7.440620064735412598e-01,9.629634285003750849e-01
5.768560171127319336e-01,9.852759545849812950e-01
1.137029051780700906e+00,8.477303456880375121e-01
4.941360056400298517e-01,1.043206548948409029e+00
1.271524906158447266e+00,7.638156666513878923e-01
8.988280296325682484e-01,1.040064580015496842e+00
8.299319744110107422e-01,1.032157042612776632e+00
5.502920150756835938e-01,9.630848361478173691e-01
8.491920232772827148e-01,8.286960239123234429e-01
7.995309829711914062e-01,9.814013095765392602e-01
8.413559794425964355e-01,9.383034884345973214e-01
7.240070104598999023e-01,9.790168302499855368e-01
6.538060307502746582e-01,9.004431098105960540e-01
6.538396477699279785e-01,8.730308578092144112e-01
8.085789680480957031e-01,8.539491241791181686e-01
2.556999921798706055e-01,9.399895767694252946e-01
1.151844024658203125e+00,6.929345590885660489e-01
1.088750958442687988e+00,1.023971214615681191e+00
8.547700047492980957e-01,1.025072811735872724e+00
1.052428960800170898e+00,1.127565099073355448e+00
1.797067999839782715e+00,1.187363909521260918e+00
8.751260042190551758e-01,1.533186400282987361e+00
7.571684122085571289e-01,1.205880448558769302e+00
9.052469730377196155e-01,9.581506429044793771e-01
6.141330003738403320e-01,1.074229480704806283e+00
6.452289819717407227e-01,9.843894040620024821e-01
8.408679962158203125e-01,8.859543201117165978e-01
6.755350232124328613e-01,9.158998742015062033e-01
1.084153056144714355e+00,8.703737925363108641e-01
1.359479665756225586e+00,1.018355153211683461e+00
5.357339978218078613e-01,1.150054684235010338e+00
7.839810252189636230e-01,8.947614859040998736e-01
1.015287995338439941e+00,9.133715577394579954e-01
1.319244027137756348e+00,1.098299739518462159e+00
1.176299691200256348e+00,1.235555338964086980e+00
1.307337045669555664e+00,1.124372315622959917e+00
2.298435926437377930e+00,1.239237432277060069e+00
8.794149756431579590e-01,1.699940294579325384e+00
1.578516006469726562e+00,1.266915582531170426e+00
9.928810000419616699e-01,1.367523480791435375e+00
1.017398953437805176e+00,1.101976251875405710e+00
4.884769916534423273e-01,1.013356345497899991e+00
1.209630966186523438e+00,7.979585073183368404e-01
1.519726991653442383e+00,1.101022638055412894e+00
1.571495056152343750e+00,1.226705695954110498e+00
1.192077994346618874e+00,1.280371973015236753e+00
1.402015686035156250e+00,1.186980245761197539e+00
1.162554860115051270e+00,1.223474703247664941e+00
1.253835797309875710e+00,1.195340966336221333e+00
1.734062552452087402e+00,1.164793500733099618e+00
2.394351005554199219e+00,1.392058566943752185e+00
1.886527061462402122e+00,2.226943298934652482e+00
9.099829792976379395e-01,2.170685838019390079e+00
1.049708962440490723e+00,1.238927099269197418e+00
1.277305960655212402e+00,1.084236756043237326e+00
4.846229851245879572e-01,1.228481169990381927e+00
8.322510123252868652e-01,9.268181062115518065e-01
3.410890102386474609e-01,9.516985635970981461e-01
8.153510093688964844e-01,7.380504883652688752e-01
6.998159885406494141e-01,9.185846415131627696e-01
6.866139769554138184e-01,8.680211201800784870e-01
7.018824815750122070e-01,9.034809716964951054e-01
7.204269766807556152e-01,8.577027479209518024e-01
6.408870220184326172e-01,1.222997798132642533e+00
1.001817584037780762e+00,1.242395323386151995e+00
1.450595021247863770e+00,1.065897500057913616e+00
1.099555015563964844e+00,1.194298124974112474e+00
1.254430413246154785e+00,1.116481626647018777e+00
7.186369895935058594e-01,1.141234294495068857e+00
9.891759753227234997e-01,1.051550449621877714e+00
4.281075000762940341e+00,1.096847453375209058e+00
7.096589803695678711e-01,2.491626685575591971e+00
8.907449841499328613e-01,1.372945676048187735e+00
1.608888030052185059e+00,1.099980264900880078e+00
1.184751033782958984e+00,1.550995445444008469e+00
6.946156024932861328e-01,1.538045487124053645e+00
7.754629850387573242e-01,1.008817870726375965e+00
9.269009828567504883e-01,9.225832054925202641e-01
9.248849749565125622e-01,1.036850731685458937e+00
8.752880096435546875e-01,1.063435982135255697e+00
8.627579808235168457e-01,1.098356137251192965e+00
8.495249748229979359e-01,1.072183790649512858e+00
6.132180094718933105e-01,9.782812319790425981e-01
8.710420131683349609e-01,9.215174846575124867e-01
9.089673757553100586e-01,9.763411414487122020e-01
9.856920242309571423e-01,9.735715399011179993e-01
1.309872984886169434e+00,1.077148279186432411e+00
5.933508276939392090e-01,1.285265997737506494e+00
1.131836414337158203e+00,1.039604882284387299e+00
2.261745929718017578e+00,1.112490259484548494e+00
2.399192094802856445e+00,1.564453793223475220e+00
2.269547939300537109e+00,1.715280482504027315e+00
1.452262043952941895e+00,1.667448314713969593e+00
1.311915040016174316e+00,1.536580445488807456e+00
1.275267004966735840e+00,1.467108489414696182e+00
8.153480291366577148e-01,1.288515509951596583e+00
6.043019890785217285e-01,1.063682935739377999e+00
1.101529002189636230e+00,9.129247220190714884e-01
4.356400072574616034e-01,1.142369016521521008e+00
8.039849996566772461e-01,8.912589941968260820e-01
5.734559893608093262e-01,9.401391539511716466e-01
4.163750112056731623e-01,8.071701788643463882e-01
7.749050259590148926e-01,7.491900314448992626e-01
3.839260041713714044e-01,8.935374504355191316e-01
1.054715037345886230e+00,7.558221759659146111e-01
5.931029915809631348e-01,9.938911480420664635e-01
8.359869718551635742e-01,8.526953684315758952e-01
9.755985140800477184e-01,9.519602064256045271e-01
1.098647952079772949e+00,9.875511494065356555e-01
8.061249852180480957e-01,1.038358390080179161e+00
7.896029949188232422e-01,9.637421919519516544e-01
5.455229878425598145e-01,9.164026971995493653e-01
7.707700133323669434e-01,8.179236182838176550e-01
8.110550045967102051e-01,9.031770082076828743e-01
1.002521038055420144e+00,9.974059024530764761e-01
9.160850048065185547e-01,1.031363362255583560e+00
9.283249974250793457e-01,9.933760541204063044e-01
9.950090050697327770e-01,9.765605900402427597e-01
1.038689017295837402e+00,1.016971420078920607e+00
5.214130282402038574e-01,1.048227303085560225e+00
1.159701943397521973e+00,8.269134656363891223e-01
1.195862650871276855e+00,1.068279118250463622e+00
8.844429850578308105e-01,1.125513394129918909e+00
7.702100276947021484e-01,1.109243911571627716e+00
8.937159776687622070e-01,1.051494887320793659e+00
5.142210125923156738e-01,1.019269216943033074e+00
6.410769820213317871e-01,8.402344805171717557e-01
1.203750014305114746e+00,9.432656817177824671e-01
1.136301159858703613e+00,1.167759014597645750e+00
8.814030289649963379e-01,1.146029157615835903e+00
8.651199936866759144e-01,1.091422926187410436e+00
7.377740144729614258e-01,9.660431990960584026e-01
9.422479867935180664e-01,9.206501117665842893e-01
7.158420085906982422e-01,9.871532249241448120e-01
2.920779883861541748e-01,9.132684559369901311e-01
1.124665260314941406e+00,6.986589804702816320e-01
1.247418999671936035e+00,1.008702045639082945e+00
3.693974971771239790e+00,1.140017343239578596e+00
8.573070168495178223e-01,2.079906280073531288e+00
8.385969996452331543e-01,1.474657440604094649e+00
9.632229804992675781e-01,1.310759730777030896e+00
7.316169738769531250e-01,1.185675359988041633e+00
7.014784216880798340e-01,1.070179215967990149e+00
1.365643024444580078e+00,9.185640616687684723e-01
6.786789894104003906e-01,1.135609581878561203e+00
8.193774819374084473e-01,9.732589285385028210e-01
1.044147372245788574e+00,9.980699832592787590e-01
8.748620152473449707e-01,1.080983528575332642e+00
7.164059877395629883e-01,1.070985815219469339e+00
9.379299879074096680e-01,9.366536044623218205e-01
5.393440127372741699e-01,9.730323262976695586e-01
8.087720274925231934e-01,8.285379003022599331e-01
6.020820140838623047e-01,9.539646974627904452e-01
9.824249744415283203e-01,8.452675860175286049e-01
7.866399884223937988e-01,1.039058406225956022e+00
6.810299754142761230e-01,9.424503813007896191e-01
6.642330288887023926e-01,8.869633850824293342e-01
6.040380001068115234e-01,8.640073874950837673e-01
8.265414834022521973e-01,8.563783879445999725e-01
5.594509840011596680e-01,9.412349914336712864e-01
1.633069962263107300e-01,8.565035068405802976e-01
5.747918486595153809e-01,6.233922573735807271e-01
8.527640104293823242e-01,7.773621110001027734e-01
2.149522066116333008e+00,9.148990011885079765e-01
1.239639997482299805e+00,1.505506390367659986e+00
2.139239072799682617e+00,1.284552551927072628e+00
6.937779784202575684e-01,1.640465906238869565e+00
7.631160020828247070e-01,1.143407886291025743e+00
1.109338045120239258e+00,9.827438135405474062e-01
9.241870045661927380e-01,1.051011549878055451e+00
1.305567026138305664e+00,1.003808921022180334e+00
8.699640035629272461e-01,1.145495163241376124e+00
8.599532246589660645e-01,1.028151094934867560e+00
1.108017444610595703e+00,9.607787028802841078e-01
8.591579794883728027e-01,1.027111575010213995e+00
9.039019942283630371e-01,1.056888015092353195e+00
1.023422956466674805e+00,1.004697097862098154e+00
8.504790067672729492e-01,9.928707470953748171e-01
1.527956604957580566e+00,9.561458275926300043e-01
9.952359795570373535e-01,1.172597679976095542e+00
1.141056060791015625e+00,1.559008742554412352e+00
1.980204939842223899e+00,1.734799315365277428e+00
1.851865053176879883e+00,1.605811826654312879e+00
1.589177966117858887e+00,1.485676329684475272e+00
2.123934030532836914e+00,1.392578013036021689e+00
1.204741954803466797e+00,1.694957568815014026e+00
1.227027416229248047e+00,1.418003683821259520e+00
1.131343960762024148e+00,1.190350023286735892e+00
1.116891980171203613e+00,1.089246944305082732e+00
1.040153026580810325e+00,1.090076435115906461e+00
7.681059837341308594e-01,1.056541138146059211e+00
7.666722536087036133e-01,9.522369687395182414e-01
8.607699871063232422e-01,9.289370939250770620e-01
5.301510095596313477e-01,9.677143779727830353e-01
9.909179806709289551e-01,8.445472668237273828e-01
9.618239998817442737e-01,1.012375477730823148e+00
8.381230235099792480e-01,9.942790462521202688e-01
8.131660223007202148e-01,9.946446033146709720e-01
8.752340078353881836e-01,9.612851739589416411e-01
8.812961578369140625e-01,9.735951742053668978e-01
9.057049751281737171e-01,9.485404396353827039e-01
1.355970025062561035e+00,9.871138846657805388e-01
2.043754577636718750e+00,1.144600992506783266e+00
2.364957094192504883e+00,1.396839653043633112e+00
2.233561992645264116e+00,1.591095958209783223e+00
8.372840285301208496e-01,1.671045022490005305e+00
9.040349721908569336e-01,1.182823912362195529e+00
7.228699922561645508e-01,1.022196345883653157e+00
1.032919287681579590e+00,9.510112638512192573e-01
9.367759823799132191e-01,1.044149965941178371e+00
7.624319791793823242e-01,1.040512219789329063e+00
7.721610069274902344e-01,9.821978221920146801e-01
1.243505001068115234e+00,9.665374851615112783e-01
7.468199729919433594e-01,1.101034395998161441e+00
1.419505119323730469e+00,1.019224218292500428e+00
7.347676753997802734e-01,1.191080522648296780e+00
1.074026942253112793e+00,9.944067126835769432e-01
9.692379832267760120e-01,1.072211689589846584e+00
8.089560270309448242e-01,9.931526469821766456e-01
8.223479986190795898e-01,9.349519708903980542e-01
5.762249827384948730e-01,1.188186773473073776e+00
6.765879988670349121e-01,1.101802918591525016e+00
9.015229940414428711e-01,9.212318729554140884e-01
8.627583980560302734e-01,9.462044621655294474e-01
1.055613875389099121e+00,9.720264179244303415e-01
9.391199946403503418e-01,1.069381845337940229e+00
7.824029922485351562e-01,1.177498430741463098e+00
8.782749772071838379e-01,1.047402917026868607e+00
1.109990954399108887e+00,9.956450782097020502e-01
1.164981961250305176e+00,1.054159311436514868e+00
1.475479006767273171e+00,1.053077732911754216e+00
7.344660162925720215e-01,1.211480074549409869e+00
1.143465042114257812e+00,9.877749813882107377e-01
2.958764553070068359e+00,1.115192218525606904e+00
2.038712024688720703e+00,1.739130962553236515e+00
9.367650747299193226e-01,1.663949251785469041e+00
1.001402020454406738e+00,1.229594578535553095e+00
7.492939829826354980e-01,1.196498361427046131e+00
9.457820057868958630e-01,9.994185969294820948e-01
1.164842009544372559e+00,1.063165573398399122e+00
9.045109748840332031e-01,1.101648861190857254e+00
5.778343677520751953e-01,1.010349425319994943e+00
7.607790231704711914e-01,9.021710204322289650e-01
8.009672760963441052e-01,9.910762830780340815e-01
6.709719896316528320e-01,9.855137605925514688e-01
3.086133003234863725e+00,9.586884961206518785e-01
1.018260955810546875e+00,2.107720760891306444e+00
1.114386796951293945e+00,1.580917664397413436e+00
1.229098439216613770e+00,1.378329167048307990e+00
1.245597958564758301e+00,1.342174441819351749e+00
5.376980304718017578e-01,1.386100883120259919e+00
7.949647903442382812e-01,1.037996404858724020e+00
1.209460973739624023e+00,9.995658881701126042e-01
9.914460182189940296e-01,1.125924440032636475e+00
7.495359778404235840e-01,1.056773329954406870e+00
8.522210121154785156e-01,9.923582126449371765e-01
9.499999880790708229e-01,9.905132697948837439e-01
6.329939961433410645e-01,1.061088124621453854e+00
8.296039700508117676e-01,9.239677300142931093e-01
1.060515046119689941e+00,9.641756123077503959e-01
6.726049780845642090e-01,1.142828855539498090e+00
7.929700016975402832e-01,9.435350371940094405e-01
9.556260704994201660e-01,9.570592136434794561e-01
7.782499790191650391e-01,9.875439678313149283e-01
6.364319920539855957e-01,9.320897323344062846e-01
6.556333899497985840e-01,8.882917357971937822e-01
8.762890100479125977e-01,8.867328139805529252e-01
6.824830174446105957e-01,9.927135851789496979e-01
7.950311899185180664e-01,9.370998721511623053e-01
1.017485976219177246e+00,9.626113740763925231e-01
1.230221033096313699e+00,1.120083184910754870e+00
9.125559926033020020e-01,1.214764017054613010e+00
1.030437946319579856e+00,1.079945520190951136e+00
6.127780079841613770e-01,1.087688502575152372e+00
3.667230010032653253e-01,9.162817278108379426e-01
5.604230165481567383e-01,7.979669093458738871e-01
8.102909922599792480e-01,8.594781035899019539e-01
7.236457467079162598e-01,9.799439871645123645e-01
6.627830266952514648e-01,9.680568987635238543e-01
8.224419951438903809e-01,9.991214703953570364e-01
6.781139969825744629e-01,1.136719613824708874e+00
3.209959864616393488e-01,1.057780912518566874e+00
7.439860105514526367e-01,8.056638979688801605e-01
7.004669904708862305e-01,9.184199840369570156e-01
1.274258971214294434e+00,8.946063076555225146e-01
6.211659908294677734e-01,1.199460481702410597e+00
1.067494988441467285e+00,1.018644502628590409e+00
1.265694975852966309e+00,1.159236223171050684e+00
9.348030090332032360e-01,1.201621977751501369e+00
1.085708975791931152e+00,1.071262599961400941e+00
5.883709788322448730e-01,1.113667828137812732e+00
4.636880159378052313e-01,9.213737744978871547e-01
8.750243186950683594e-01,8.157092883053231880e-01
4.834130108356476385e-01,9.270784862997856202e-01
4.560469985008240301e-01,8.377878507059040025e-01
7.238804101943969727e-01,8.021877875155775106e-01
4.748429954051970880e-01,8.906408029102821367e-01
9.588437080383299671e-01,8.277749624753455437e-01
1.794360995292663574e+00,9.907408445704353195e-01
1.210453987121582031e+00,1.315530272143605073e+00
4.008429944515228271e-01,1.174396921686464035e+00
5.836449861526489258e-01,8.117686708435053466e-01
8.660610318183898926e-01,8.320955410961623500e-01
7.764859795570373535e-01,9.399365101311771831e-01
5.888479948043823242e-01,9.536438487040231893e-01
4.327859878540038507e-01,9.011040493746554914e-01
5.545350313186645508e-01,9.806407287103242609e-01
1.149551987648010476e+00,1.029656431963597241e+00
9.776459932327271618e-01,1.122008732863917224e+00
2.302707910537720171e+00,1.012486174323408372e+00
7.962800264358520508e-01,1.505837952525224344e+00
6.104800105094909668e-01,1.069137233005908350e+00
6.522138714790344238e-01,8.866573541293086835e-01
1.032202124595642090e+00,8.539153675489592477e-01
8.200139999389648438e-01,1.092672847463483921e+00
1.039114952087402344e+00,1.058407554433214104e+00
9.508559703826903187e-01,1.130500422160418017e+00
7.736063003540039062e-01,1.038960751790005244e+00
1.383889913558959961e+00,9.401228937684166231e-01
6.069999933242797852e-01,1.165239513118344172e+00
9.455270171165466309e-01,1.017595409411173657e+00
3.923240005970001221e-01,1.060904278171475479e+00
9.679385423660278320e-01,7.976212451394268932e-01
9.072690010070799671e-01,9.545000553470607274e-01
2.479866981506348100e+00,1.009930992981379116e+00
1.045583963394165039e+00,1.604512314129997952e+00
1.536522984504699707e+00,1.255089680834231558e+00
4.812009930610657293e-01,1.363950569139288804e+00
8.617479801177978516e-01,9.597905816183536221e-01
1.127727031707763672e+00,1.031176630792532967e+00
9.895502924919128418e-01,1.074617868377948149e+00
9.099559783935547985e-01,1.014609254080998557e+00
1.239764332771301270e+00,1.003308732633757971e+00
1.379981994628906250e+00,1.092744780096566171e+00
7.663900256156921387e-01,1.182769676618166121e+00
8.156750202178955078e-01,1.043127493195380007e+00
1.299479961395263672e+00,9.877530208277384149e-01
7.149469852447509766e-01,1.147041233139906469e+00
8.305460214614868164e-01,9.546762556741267280e-01
9.092410206794740990e-01,9.712352605490587321e-01
7.411040067672729492e-01,9.745212528675789576e-01
5.047770142555236816e-01,9.178851599591801858e-01
9.697520136833192028e-01,8.197312905179416909e-01
1.049844980239868164e+00,9.877114129968965761e-01
5.644329786300659180e-01,1.045757670840947950e+00
9.593539834022521973e-01,8.708138175064000785e-01
9.383450150489808239e-01,1.010467832464110316e+00
7.079470157623291016e-01,9.948963322786334995e-01
4.484339952468871515e-01,9.062601612232948911e-01
5.337110161781311035e-01,7.735906459526287193e-01
5.215386152267456055e-01,8.156637403364054295e-01
6.405649781227111816e-01,7.987861058982148599e-01
1.660409450531006081e+00,8.520353261725344129e-01
1.622156023979186790e+00,1.220395735165104023e+00
3.623536109924316406e+00,1.346662416340127733e+00
9.065989851951601342e-01,2.065747625380323971e+00
7.756379842758178711e-01,1.357634680253856363e+00
6.443409919738770641e-01,1.184407183430257415e+00
5.499600172042846680e-01,9.391478218185882465e-01
1.367677569389343262e+00,8.362149196800032769e-01
8.148130178451538086e-01,1.117109394451217819e+00
8.623980283737182617e-01,1.187252380876716584e+00
8.134710192680358887e-01,1.209971042713151368e+00
9.060310125350952148e-01,1.040387805838580038e+00
1.311033964157104492e+00,1.143066315031012303e+00
1.474902033805847168e+00,1.274047714281690391e+00
1.186140060424804910e+00,1.266889995970037042e+00
2.092472076416016069e+00,1.186100632073349148e+00
1.301861047744750977e+00,1.476482494798845524e+00
1.221997022628784180e+00,1.230017155709453691e+00
1.078873991966247559e+00,1.221942894575898997e+00
7.863690257072448730e-01,1.152916437957153040e+00
7.093420028686523438e-01,9.968498230286201300e-01
5.645610094070434570e-01,9.489091224641101885e-01
1.092841982841491699e+00,8.473279797299239080e-01
3.955059945583344061e-01,1.066701867055903197e+00
1.195796012878417969e+00,8.434771374996040683e-01
2.998351097106933594e+00,1.232381260793409261e+00
2.585943937301636186e+00,1.864408724820615593e+00
1.655773043632507102e+00,1.767615090308467751e+00
8.921740055084229626e-01,1.539139787961423478e+00
8.955079913139343262e-01,1.136227161419334886e+00
1.585399031639099121e+00,1.046217131619956220e+00
1.210371017456054910e+00,1.322218708998637471e+00
9.857040047645567737e-01,1.180033096933088110e+00
6.761519908905029297e-01,1.090149593864022881e+00
9.457439780235291638e-01,9.522316856228790760e-01
5.141820311546325684e-01,1.061928316556037366e+00
7.144280076026916504e-01,9.162974857345557167e-01
7.917379736900329590e-01,9.439218403712841265e-01
6.024960279464721680e-01,9.693637031354088718e-01
1.012339949607849121e+00,9.016308472364125137e-01
6.310235261917114258e-01,1.083686099404667535e+00
5.426099896430969238e-01,9.279906914589750588e-01
7.744219899177551270e-01,9.380385354953192367e-01
8.376209735870361328e-01,9.901638587041081685e-01
7.503905892372131348e-01,9.948036352455956743e-01
1.614240050315856934e+00,9.473712024914705543e-01
7.141630053520202637e-01,1.307519153071661000e+00
6.486989855766296387e-01,1.066261552873451368e+00
3.861860036849975586e-01,9.909481099989287944e-01
3.990480005741119385e-01,8.225350674666537243e-01
1.103790521621704102e+00,8.005526367079155436e-01
8.070139884948729359e-01,1.029383961334692676e+00
1.107607960700988770e+00,9.686020206285700374e-01
7.170349955558776855e-01,1.096361446396537875e+00
1.687772989273071289e+00,9.696968725477035367e-01
8.082039952278137207e-01,1.298143088039592774e+00
1.564818024635314941e+00,1.025109352666593310e+00
1.256489992141723633e+00,1.288893852843967514e+00
7.375509738922119141e-01,1.202284185475906986e+00
8.364729881286621094e-01,1.015721527613536512e+00
1.015761017799377441e+00,9.976541671810453815e-01
6.945540308952331543e-01,1.061070785264905281e+00
9.518219828605651855e-01,9.449833664109823506e-01
5.585229992866516113e-01,1.074747366237632340e+00
1.855298042297363503e+00,8.828034459959751556e-01
8.210539817810058594e-01,1.525714418088915281e+00
8.359720110893249512e-01,1.290397679288556754e+00
6.805480122566223145e-01,1.086605863497750901e+00
1.030328035354614480e+00,1.088909750802610654e+00
8.423720002174377441e-01,1.278693008155794342e+00
5.589337944984436035e-01,1.175316538520595699e+00
7.334340214729309082e-01,8.760367378881768197e-01
8.426809906959533691e-01,8.862317634099453612e-01
8.706315755844116211e-01,9.687686059972023811e-01
8.863990306854248047e-01,9.664873558302029544e-01
8.493610024452209473e-01,9.673662097197976983e-01
1.331516027450561523e+00,1.025898893695011527e+00
1.645591020584106445e+00,1.167645379517295412e+00
1.411272048950195090e+00,1.295180306195430120e+00
1.046331048011779785e+00,1.227529763248820682e+00
8.349300026893615723e-01,1.137484115198948764e+00
1.090394020080566406e+00,1.016274334195721218e+00
6.141669750213623047e-01,1.069000699478941385e+00
8.252440094947814941e-01,9.240843735884678445e-01
1.047114968299865501e+00,9.768595108120482484e-01
4.695149958133698065e-01,1.086770765110997461e+00
7.520099878311157227e-01,8.704076973559629060e-01
6.718119978904724121e-01,9.622311436555150976e-01
6.571980118751525879e-01,9.284675722429694966e-01
7.795739769935607910e-01,9.346316465884958458e-01
6.211889982223510742e-01,9.592015931055293265e-01
9.608931541442872204e-01,9.090160473865914748e-01
7.402380108833312988e-01,1.012450159933528493e+00
6.151059865951538086e-01,9.382873114549217242e-01
5.818247795104979359e-01,8.768705706044653825e-01
6.529520153999328613e-01,8.625444196409912667e-01
7.834500074386596680e-01,9.130301010203245582e-01
8.276180028915405273e-01,9.781465006754256342e-01
2.505017042160034180e+00,9.860470736671664849e-01
1.417585968971252441e+00,1.730039423005665489e+00
1.226507544517517090e+00,1.469088240260613798e+00
9.694439768791200951e-01,1.171802383076802512e+00
8.129550218582153320e-01,1.022170183693983825e+00
5.289899706840515137e-01,9.735047596373622714e-01
4.789490103721618097e-01,8.361902851596784148e-01
9.671270251274107776e-01,7.851940398673302735e-01
4.701859951019286554e-01,1.001186102668780054e+00
2.416239976882934293e-01,8.277882490059547127e-01
1.994680017232894897e-01,7.036327966993808358e-01
4.732620120048523504e-01,6.514566413622152607e-01
9.621880054473875843e-01,7.255780306712362737e-01
9.829789996147154651e-01,9.490130263865078630e-01
1.026576042175292969e+00,9.838376154666127471e-01
9.651920199394226074e-01,1.041212074649323416e+00
1.983185052871704324e+00,1.014770506079244683e+00
1.286525964736938477e+00,1.334577010420331389e+00
1.736924052238464355e+00,1.227954959263297008e+00
7.533379793167114258e-01,1.457581809242034510e+00
1.062494039535522461e+00,1.105477316190764947e+00
8.256469964981079102e-01,1.122851201306362734e+00
1.418092012405395508e+00,9.690955651393603487e-01
1.250364065170288086e+00,1.172477465222806048e+00
1.089423060417175293e+00,1.132799028630496085e+00
8.687390089035034180e-01,1.072150691127613298e+00
1.307837963104248047e+00,1.066215449646562119e+00
7.601559758186340332e-01,1.168832012626316308e+00
8.579840064048767090e-01,9.810972109625050175e-01
1.067142963409423828e+00,1.048988344088367164e+00
6.799880266189575195e-01,1.089297945820113522e+00
8.352749943733215332e-01,9.116214677321151649e-01
1.010563969612121582e+00,9.485888115769262052e-01
7.260069847106933594e-01,1.003936760252135851e+00
5.901079773902893066e-01,9.321404854398190887e-01
7.406870126724243164e-01,8.941636480869809001e-01
7.620100975036621094e-01,9.382041132205313216e-01
5.811070203781127930e-01,9.245059365653706118e-01
8.903719782829283558e-01,8.873269444940926620e-01
7.301949858665466309e-01,9.755672401027458696e-01
1.265586972236633301e+00,9.067951282067951979e-01
9.180610179901124157e-01,1.130278419993585581e+00
8.252680301666259766e-01,1.010311291524125465e+00
9.114630222320554420e-01,9.670841675944591431e-01
9.657319784164427601e-01,9.902557420270889921e-01
7.146480083465576172e-01,1.026918268901899411e+00
8.502969741821289062e-01,9.555517567133113843e-01
8.405809998512268066e-01,9.597669176796801427e-01
1.191807866096496582e+00,9.530654502159119357e-01
7.976800203323364258e-01,1.078272408853471198e+00
8.885610103607177734e-01,1.022064481400985603e+00
9.655410051345824085e-01,9.939623392022584047e-01
5.838339924812316895e-01,9.889442090955792297e-01
8.865389823913574219e-01,8.687037783111946077e-01
8.750730156898498535e-01,1.559605795396643790e+00
6.929270029067993164e-01,1.739207852710837443e+00
5.519689917564392090e-01,1.214051057451731142e+00
5.465030074119567871e-01,9.389042366131729045e-01
7.512239813804626465e-01,8.785963594695509471e-01
7.843149900436401367e-01,9.765673662678072686e-01
6.109840273857116699e-01,9.824040024749338684e-01
7.992020249366759144e-01,8.723038643942564452e-01
5.405290126800537109e-01,9.601068341002410023e-01
9.266330003738403320e-01,8.576026592512786539e-01
5.896059870719909668e-01,1.017693147957186017e+00
5.182790160179138184e-01,8.669861083964197634e-01
6.216366887092590332e-01,8.273998787733167770e-01
7.315016984939575195e-01,8.526380314968698970e-01
8.715350031852722168e-01,9.270167598868175318e-01
2.576299905776976984e-01,9.862234595838400564e-01
3.547430038452147882e-01,7.302063959981450747e-01
1.424710035324096902e+00,7.926747042232602514e-01
1.588093161582946777e+00,1.211047568459113322e+00
1.510810017585754395e+00,1.367117384928423718e+00
6.637499928474426270e-01,1.503166055337011642e+00
9.182999730110168457e-01,1.115247463265871986e+00
9.455379843711853027e-01,1.028546085319062664e+00
8.895260095596313477e-01,1.019647912506159937e+00
7.889080047607421875e-01,1.020874940278343024e+00
8.079270124435424805e-01,9.850707909744758073e-01
6.742079854011535645e-01,9.496075304244759874e-01
7.401880025863647461e-01,8.937281859038119780e-01
7.983270287513732910e-01,9.316772361984454465e-01
7.760372757911682129e-01,9.582992466044647495e-01
7.851629853248596191e-01,9.359531506063321071e-01
1.024798870086670144e+00,9.755219743319935022e-01
8.841310143470764160e-01,1.047129311069460833e+00
1.171491026878356934e+00,1.008368115958397704e+00
7.665730118751525879e-01,1.083529390235584033e+00
1.054823040962219238e+00,9.468709193121610523e-01
1.034250974655151367e+00,1.051424379851644719e+00
7.633029818534851074e-01,1.027172921320431476e+00
6.365630030632019043e-01,9.497903090412862515e-01
5.399640202522277832e-01,8.695766214821983864e-01
8.178460001945495605e-01,8.090154513938715430e-01
8.135920166969299316e-01,9.915619233916528330e-01
9.839289784431458630e-01,9.966309120103371555e-01
8.986790180206298828e-01,1.022764083351002329e+00
6.926850080490112305e-01,9.690319437930171587e-01
6.764680147171020508e-01,8.873448104282395388e-01
6.547859907150268555e-01,8.640612551597424140e-01
8.509550094604492188e-01,8.712728611710212068e-01
6.557850241661071777e-01,9.716722359203356918e-01
8.856279850006103516e-01,9.067308665874281859e-01
9.303160309791563831e-01,9.702342623622688400e-01
7.123904824256896973e-01,9.726053231515678910e-01
6.544970273971557617e-01,9.150871713294660426e-01
9.782410264015198864e-01,9.401339712541151306e-01
8.733990192413330078e-01,1.016239755498803854e+00
6.319249868392944336e-01,9.686596562158128476e-01
8.613430261611938477e-01,8.644514647555905373e-01
6.160370111465454102e-01,9.597458951143271744e-01
6.686739921569824219e-01,9.196804036961776507e-01
1.007030010223388894e+00,9.123545789949947249e-01
9.358490109443665661e-01,1.016185343031750454e+00
1.113351941108703613e+00,9.999321741054566504e-01
9.273632764816285290e-01,1.040775330284889222e+00
9.193540215492249645e-01,9.520627647427942764e-01
6.497738957405090332e-01,1.035440083968519831e+00
8.034440279006958008e-01,8.779879494524149841e-01
7.462270259857177734e-01,9.425874253774673139e-01
7.597569823265075684e-01,9.210695990496041707e-01
1.126011013984680176e+00,1.114270198304907256e+00
1.423818945884704590e+00,1.274535686890416297e+00
5.316870212554931641e-01,1.308904579548414215e+00
1.097100019454955833e+00,9.883804361878922862e-01
9.711959958076475941e-01,1.082124232065668323e+00
5.659890174865722656e-01,1.021712948120522935e+00
1.088876962661743164e+00,8.421056167766691747e-01
1.923168003559112549e-01,9.994086242121859032e-01
3.752999901771545410e-01,6.811190670486089171e-01
4.178839921951293945e-01,7.152311319702089332e-01
4.822100102901458185e-01,7.385572207816756274e-01
8.997989892959594727e-01,7.870336355841769382e-01
6.762999892234802246e-01,9.410724620449009148e-01
1.075533032417297363e+00,9.006218320473055039e-01
