8.640019893646240234e-01,1.159983348556585803e+00
8.469420075416564941e-01,1.046866472445019181e+00
7.976629734039306641e-01,9.799300544273262803e-01
9.608020186424257592e-01,1.024715447721332273e+00
3.470349907875061035e-01,1.082572310515493852e+00
9.546210169792177513e-01,9.081865561165178846e-01
5.251880288124084473e-01,9.734800660973524922e-01
1.275226235389709695e+00,8.956241666447561922e-01
8.723750114440917969e-01,1.118147125471764758e+00
7.321749925613403320e-01,1.097831509071654166e+00
7.640249729156494141e-01,1.084796451314645749e+00
4.752210080623626154e-01,1.016858990711172250e+00
7.414129972457885742e-01,8.724059883324495335e-01
1.258002042770385520e+00,9.235242569907987642e-01
7.274609804153442383e-01,1.051441181834580352e+00
7.892770171165466309e-01,1.093553386496940671e+00
6.914690136909484863e-01,1.082557106581595541e+00
7.093830108642578125e-01,9.737024923055099812e-01
1.014547944068908691e+00,9.784622574356276470e-01
4.182830154895783026e-01,1.053857036297405125e+00
1.002280950546264648e+00,9.710607009059447625e-01
1.143296003341674805e+00,1.087443066286320370e+00
6.746559739112854004e-01,1.132134918554605685e+00
6.009536385536193848e-01,1.156841005898788355e+00
6.538079977035522461e-01,9.843174329743817896e-01
7.814120054244995117e-01,9.211552384003324212e-01
8.469259738922119141e-01,9.324770471327548105e-01
6.482390165328979492e-01,1.039466801225351178e+00
5.623700022697448730e-01,9.827261858918028281e-01
1.099647998809814453e+00,8.925058520313685628e-01
9.541710019111632191e-01,9.883062552416601587e-01
6.694499850273132324e-01,1.108537265386941417e+00
6.464660167694091797e-01,1.110696936606165197e+00
8.223180174827575684e-01,1.011515106755130233e+00
8.300920128822326660e-01,9.679377458216511521e-01
1.067314028739929199e+00,1.046321240314728174e+00
6.827279925346374512e-01,1.161758474008230069e+00
6.464239954948425293e-01,1.185535326129277589e+00
6.881093978881835938e-01,1.113789524485036209e+00
6.500350236892700195e-01,9.817339140058359837e-01
8.693690299987792969e-01,9.217141438262482778e-01
4.518609941005706787e-01,9.509118937592051513e-01
4.952389895915984552e-01,8.623787182999942402e-01
6.850870251655578613e-01,8.427277139378255288e-01
8.653740286827087402e-01,8.366096161585845348e-01
7.400469779968261719e-01,9.525243886715529795e-01
8.204330205917358398e-01,9.747882323018691730e-01
1.108605027198791504e+00,1.010937571217453090e+00
4.751499891281127930e-01,1.105769055623583741e+00
9.457899928092955433e-01,1.030431821277180138e+00
7.877500057220458984e-01,1.094344932369836654e+00
9.367713332176208496e-01,1.022910787759539364e+00
6.470239758491516113e-01,1.110912357310309906e+00
1.029777050018310325e+00,1.022481651709109318e+00
9.328820109367371716e-01,1.122398056172489111e+00
7.528370022773742676e-01,1.196000995784963772e+00
2.307340055704117099e-01,1.248083576981599663e+00
8.772729635238647461e-01,8.119549407766418758e-01
7.876309752464294434e-01,7.870967537326607477e-01
3.992269933223724365e-01,8.407589848348383521e-01
9.923512339591979980e-01,9.116593754999099408e-01
7.200859785079956055e-01,9.647776689330349598e-01
7.269890308380126953e-01,9.544071078895117743e-01
9.301019906997679554e-01,1.016787688639689158e+00
8.662552833557128906e-01,1.037822317492226531e+00
8.352038264274597168e-01,1.034832431072620906e+00
1.023357987403869629e+00,1.058009343373454092e+00
9.300749897956849255e-01,1.137774651813601823e+00
8.702930212020874023e-01,1.144105332383480667e+00
1.025817990303039551e+00,1.208707194767757898e+00
4.551239907741546076e-01,1.181050176641623040e+00
7.012919783592224121e-01,9.605626296408786846e-01
1.123770236968993919e+00,9.086928682366808285e-01
4.825370013713837225e-01,9.728487035428853291e-01
8.755196928977966309e-01,9.519411574969843803e-01
1.145424962043762207e+00,1.011352058650046848e+00
1.557039022445678711e+00,1.062422912727512436e+00
1.062240004539489524e+00,1.335552737104314103e+00
7.867829799652099609e-01,1.404796111101264122e+00
5.664669871330261230e-01,1.243097750864684548e+00
8.389729857444763184e-01,1.187642960890091803e+00
6.386680006980895996e-01,1.217795507914825492e+00
1.085826039314270020e+00,1.044320765383670579e+00
6.014299988746643066e-01,1.084695304125389503e+00
8.782439827919006348e-01,9.796087430257642836e-01
1.279224038124084473e+00,1.058228818467148669e+00
4.283109903335570734e-01,1.128827786854275317e+00
8.846225738525390625e-01,9.807956222116301914e-01
7.809653878211975098e-01,9.922939718780576790e-01
9.178640246391297497e-01,9.466287239520922991e-01
9.073020219802857556e-01,1.134871190327324086e+00
8.741459846496582031e-01,1.163660852637631304e+00
7.683960199356079102e-01,1.138151619799368630e+00
9.357339143753051758e-01,1.076062465172867189e+00
6.247839927673339844e-01,1.071972668328227796e+00
1.977947235107421653e+00,1.004146226864703229e+00
6.822599768638610840e-01,1.177593872657919150e+00
2.116506099700928178e+00,1.235691738162975506e+00
2.030230045318603516e+00,1.582566508364325442e+00
1.321619033813476562e+00,1.704744684745346017e+00
1.114274978637695090e+00,1.706324563077588508e+00
1.102354049682617188e+00,1.462090461523203322e+00
6.531813144683837891e-01,1.370075429583633486e+00
6.168276071548461914e-01,1.184074828738650886e+00
1.176781058311462402e+00,1.025592235683743247e+00
1.108754038810729980e+00,1.104184306404822236e+00
1.829927563667297363e+00,1.231067894752156278e+00
1.265669584274291992e+00,1.398628607461237294e+00
7.930377125740051270e-01,1.465611133250587450e+00
8.210232257843017578e-01,1.392065770290513038e+00
1.099169254302978294e+00,1.254291184782587276e+00
7.758393883705139160e-01,1.253112629390369381e+00
8.666771054267883301e-01,1.182175123553584228e+00
8.462041020393371582e-01,1.120352213917227058e+00
6.587246060371398926e-01,1.045372823779143090e+00
1.078659296035766602e+00,9.899286197227692430e-01
6.600005030632019043e-01,1.059246345440456150e+00
6.280704736709594727e-01,1.119284338074350682e+00
6.864575743675231934e-01,1.145048758669958699e+00
7.342569231986999512e-01,1.004297552583288011e+00
1.011121273040771706e+00,9.948090660288443354e-01
7.521411776542663574e-01,1.055692412695198312e+00
6.799052953720092773e-01,1.064088286266723804e+00
7.211565971374511719e-01,1.054495095918721814e+00
7.167106270790100098e-01,9.837426858878453029e-01
9.056316018104552112e-01,1.025971143039519529e+00
7.056654095649719238e-01,1.066664335305058220e+00
6.592794060707092285e-01,1.012888575657789447e+00
6.634064316749572754e-01,9.612017384482236526e-01
7.565907239913940430e-01,8.939644879866726068e-01
9.424405694007873535e-01,9.231184114981648703e-01
3.888399899005889893e-01,1.009002424111906659e+00
2.337300032377243042e-01,9.023204957278805338e-01
1.459127068519592563e-01,6.367324080171550271e-01
9.678409695625302955e-01,3.919630677649046935e-01
7.839220166206359863e-01,5.482299091413238568e-01
9.723259806632995605e-01,7.577401011708967404e-01
1.345324039459228294e+00,1.076612804399863288e+00
7.227010130882263184e-01,1.244334999372456396e+00
7.610610127449035645e-01,1.254928857019457666e+00
8.075709939002990723e-01,1.168289605196011216e+00
9.960750937461851917e-01,1.090514336743752866e+00
4.713059961795806885e-01,1.087371694275434786e+00
1.047140955924987793e+00,1.000135306609821528e+00
2.560461759567260742e+00,1.073162974224114441e+00
7.777400016784667969e-01,1.305369411967520987e+00
8.005080223083496094e-01,1.491365715623300670e+00
1.195780038833618164e+00,1.555173363714398072e+00
7.970449924468994141e-01,1.296330397334775508e+00
9.918130040168761097e-01,1.223579301432713429e+00
7.445690035820007324e-01,1.258224834396969083e+00
8.565919995307922363e-01,1.099362981953358132e+00
7.605929970741271973e-01,1.068459142730898037e+00
9.213209748268128552e-01,1.010527316877823933e+00
7.329360246658325195e-01,1.076191415590283418e+00
8.745691180229187012e-01,1.060657231576519033e+00
1.477671980857849121e+00,1.086895020990420013e+00
5.030400156974792480e-01,1.264816171223541508e+00
7.066659927368164062e-01,1.227413566483827490e+00
1.255300998687743919e+00,1.195789160935810447e+00
4.084815025329589844e+00,1.295847690178200784e+00
4.121052026748657227e-01,1.519383188501938875e+00
6.408920288085937500e-01,1.256494512234208383e+00
7.065470218658447266e-01,8.476984272761921568e-01
1.880954027175903542e+00,9.189694277939488565e-01
1.886373996734619141e+00,1.147793249195070864e+00
3.931840062141418457e-01,1.346181326414992885e+00
1.045531988143920898e+00,1.212835721251930066e+00
6.588029861450195312e-01,1.115597922488852811e+00
8.740410208702087402e-01,1.005103990242296241e+00
8.532550334930419922e-01,1.067583107110610774e+00
7.301589846611022949e-01,1.047516123572851177e+00
2.700940072536468506e-01,1.063992283741791889e+00
4.911319911479949951e-01,7.537692180634188999e-01
1.224020004272460938e+00,6.625653989574963321e-01
1.267657995223999023e+00,8.398594916463044679e-01
3.999615430831908736e+00,1.180790081878239972e+00
2.102678060531615767e+00,1.588864450335187639e+00
1.283689975738525391e+00,2.034555748718305690e+00
1.353754043579101562e+00,2.481922771124286609e+00
2.390191078186035156e+00,2.015352511640191580e+00
1.599208950996399148e+00,1.730222637611269043e+00
1.298205018043518066e+00,1.703999628371680508e+00
1.579622030258178711e+00,1.578175578215220698e+00
8.036410212516784668e-01,1.549752419703307016e+00
4.276689887046813410e-01,1.431766557799070583e+00
3.897170126438140869e-01,1.215111757663452030e+00
1.546036005020141602e+00,8.893092321602086292e-01
1.017611026763915794e+00,1.013698238406534280e+00
6.194109916687011719e-01,1.093312906042603894e+00
8.454149961471557617e-01,1.174125252214255122e+00
1.435889005661010742e+00,1.123662392890329542e+00
6.206179141998291016e+00,1.189515413380326514e+00
9.309499859809875488e-01,1.248732742508838589e+00
4.609797894954681952e-01,1.458298538304323655e+00
5.264570116996765137e-01,1.409199874075862891e+00
9.704009890556334339e-01,1.071427583670933714e+00
6.997730135917663574e-01,9.331418271056683977e-01
6.903669834136962891e-01,9.971106292479517963e-01
9.726700186729432263e-01,9.691890726963415803e-01
6.393389701843261719e-01,1.036174395763239220e+00
5.699130296707153320e-01,1.034446274839645241e+00
4.694110155105590820e-01,9.633907979878784111e-01
9.054309725761413574e-01,8.333611470325487103e-01
6.566630005836486816e-01,9.217092564745007488e-01
6.324055790901184082e-01,9.340818070691357944e-01
3.047409951686858576e-01,9.245054996729360486e-01
2.148479968309402466e-01,7.117903461724242042e-01
1.512310057878494540e-01,5.301882450894228604e-01
7.344200015068054199e-01,3.816782620993864339e-01
9.913370013236999512e-01,5.266532563823906887e-01
7.429170012474058948e-01,7.775317733719907531e-01
8.799139857292175293e-01,1.000327390992771237e+00
7.376829981803894043e-01,1.075231492185842352e+00
8.343409895896911621e-01,1.032251663873744008e+00
3.054729998111724298e-01,1.123134391471636517e+00
1.285866022109985352e+00,9.093945155705718264e-01
1.090137004852295144e+00,1.054225322061696835e+00
5.923830270767211914e-01,1.131789990310451577e+00
2.693597316741943803e+00,1.184165409173927763e+00
2.288666009902954102e+00,1.269479579513448364e+00
8.070570230484008789e-01,1.520841184754878839e+00
8.929409980773926891e-01,1.653138092197520281e+00
9.776080250740051270e-01,1.314886114898621283e+00
1.403792977333068848e+00,1.191194042997133939e+00
7.223749756813049316e-01,1.390057757967013030e+00
7.407349944114685059e-01,1.306356671573407180e+00
1.236768960952758789e+00,1.130123166556354475e+00
6.214020252227783203e-01,1.162540156930618185e+00
3.064779937267303467e-01,1.082783819007014481e+00
6.473349928855895996e-01,8.846931301478567766e-01
1.024247765541076882e+00,7.751428087188164673e-01
7.440620064735412598e-01,8.482262415421375490e-01
7.367150187492370605e-01,1.039265061668006584e+00
9.152600169181823730e-01,1.135219413624383389e+00
1.137029051780700906e+00,1.153534516937776866e+00
4.941360056400299072e-01,1.203540637582727557e+00
1.271524906158447266e+00,9.252190725332853916e-01
8.864369988441467285e-01,1.005470585813194040e+00
9.049779772758483887e-01,1.034034367570962454e+00
8.299319744110107422e-01,1.248092103815729104e+00
5.502920150756835938e-01,1.157331661914983156e+00
8.491920232772827148e-01,9.771137802470170053e-01
6.393229961395263672e-01,1.006391765652714376e+00
9.646000266075135388e-01,9.707989282548213916e-01
8.413559794425964355e-01,1.114677493269014219e+00
7.240070104598999023e-01,1.115138839161872841e+00
6.538060307502746582e-01,1.066840329000279697e+00
7.932850122451782227e-01,9.806152541699797442e-01
1.160789966583251953e+00,9.530922616674031289e-01
8.085789680480957031e-01,1.065814831169100252e+00
2.556999921798706055e-01,1.099716413139415039e+00
1.151844024658203125e+00,8.064590460307091702e-01
7.372779846191406250e-01,8.921191100767279503e-01
1.975852966308593528e+00,8.787688455196744908e-01
8.547700047492980957e-01,1.288928125645818712e+00
1.052428960800170898e+00,1.295775320001702147e+00
1.797067999839782937e+00,1.378228903658266224e+00
1.061478018760681152e+00,1.512228332556098787e+00
6.645399928092956543e-01,1.505184764806989373e+00
7.571684122085571289e-01,1.192645962792671765e+00
9.052469730377196155e-01,1.007533716783183042e+00
6.141330003738403320e-01,1.088149278981688228e+00
9.733130335807800293e-01,1.097245021539314136e+00
4.894390106201171875e-01,1.130692737338225617e+00
8.408679962158203125e-01,9.017513098131191285e-01
6.755350232124328613e-01,9.220895980331247355e-01
1.084153056144714355e+00,8.788858860574283449e-01
9.314100146293641247e-01,1.053213823156747608e+00
7.633988261222839355e-01,1.093695169496188058e+00
5.357339978218078613e-01,1.175920131854760298e+00
7.839810252189636230e-01,1.062278529700510843e+00
1.015287995338439941e+00,9.883926652489626319e-01
9.259430170059204102e-01,1.103512198628997520e+00
9.717460274696348987e-01,1.219297934199045752e+00
1.176299691200256348e+00,1.341876072782995255e+00
1.307337045669555664e+00,1.339540295075170029e+00
2.298435926437377930e+00,1.406625463660839959e+00
1.808241009712219238e+00,1.573960145680366907e+00
1.570945024490356445e+00,1.746261681895211471e+00
1.578516006469726562e+00,1.668276739388243834e+00
9.928810000419614479e-01,1.553025140646639990e+00
1.017398953437805176e+00,1.408101130081259145e+00
8.378469944000244141e-01,1.244989607644781948e+00
1.246340990066528320e+00,1.151560483657099176e+00
1.209630966186523438e+00,1.200233625675948934e+00
1.519726991653442383e+00,1.276886626979818473e+00
1.571495056152343750e+00,1.389538857650498782e+00
1.278105020523071289e+00,1.448852790356610631e+00
8.304439187049865723e-01,1.473020947160688321e+00
1.402015686035156250e+00,1.307445519425470604e+00
1.162554860115051270e+00,1.346197248565707216e+00
1.253835797309875710e+00,1.365486231776868564e+00
1.791844010353088379e+00,1.398919829812232063e+00
4.939970970153808594e+00,1.483312363531642308e+00
2.394351005554199219e+00,1.679856005367012628e+00
1.886527061462402344e+00,2.189540140705644955e+00
9.099829792976381615e-01,2.382232114206068285e+00
8.112999796867370605e-01,1.341950060169289083e+00
1.351788043975830078e+00,9.835131032317823152e-01
1.283630967140197754e+00,1.307692902631300891e+00
4.846229851245880127e-01,1.394214400499083961e+00
8.322510123252868652e-01,1.205670095773103911e+00
5.959370136260986328e-01,1.071776706266799994e+00
6.860110163688659668e-01,9.095286143159588832e-01
8.153510093688964844e-01,9.160492277122370686e-01
6.998159885406494141e-01,9.366364838484255717e-01
6.866139769554138184e-01,9.367937614180534833e-01
1.826770007610321045e-01,9.730271628058659861e-01
1.796682000160217507e+00,6.917742480117866632e-01
7.204269766807556152e-01,1.003856307057144903e+00
6.408870220184326172e-01,1.120793487067487826e+00
1.001817584037780762e+00,1.391602596772402167e+00
1.660804033279418945e+00,1.115119281634966875e+00
1.085010051727295144e+00,1.267839352427015953e+00
1.099555015563964844e+00,1.300224399209499060e+00
1.254430413246154785e+00,1.364103999633636377e+00
7.186369895935058594e-01,1.372463551101674728e+00
8.902019858360290527e-01,1.309868741837973305e+00
2.849014520645141602e+00,1.311482290608176671e+00
4.281075000762940341e+00,1.418937752954337661e+00
7.096589803695678711e-01,1.826241577549966744e+00
8.907449841499327503e-01,1.601029268717904186e+00
1.469527959823608398e+00,9.762192491758626689e-01
1.043460965156555176e+00,1.187215378356329953e+00
1.184751033782958984e+00,1.337978985942113175e+00
6.946156024932861328e-01,1.535088375290773577e+00
7.754629850387573242e-01,1.139752643155173217e+00
8.564696311950683594e-01,9.745844126774539928e-01
7.506660223007202148e-01,1.022011920573681065e+00
9.248849749565125622e-01,1.098667953589558044e+00
8.752880096435546875e-01,1.189074837414097807e+00
8.627579808235168457e-01,1.260603106279144070e+00
5.096570253372192383e-01,1.282559509285096544e+00
6.711369752883911133e-01,1.091597822766943171e+00
6.132180094718933105e-01,1.005517333959470516e+00
8.710420131683349609e-01,9.656330885060684377e-01
9.089673757553099476e-01,1.032667655505959292e+00
9.709029793739321068e-01,1.083168121912095216e+00
1.356256246566772461e+00,1.184772757476592275e+00
1.309872984886169434e+00,1.328129479822687475e+00
5.933508276939392090e-01,1.450048018751861845e+00
1.131836414337158203e+00,1.323907936795166274e+00
1.841274023056030495e+00,1.261323502868799240e+00
2.597975969314575195e+00,1.347614620070564317e+00
2.399192094802856445e+00,1.572933539593418972e+00
2.269547939300537109e+00,1.807009927646149317e+00
1.452262043952941895e+00,1.858273226727735761e+00
1.342797994613647683e+00,1.811194761357724614e+00
1.276762008666992188e+00,1.744681210945908889e+00
1.275267004966735840e+00,1.548707629622782411e+00
8.153480291366577148e-01,1.462186210429126332e+00
6.043019890785217285e-01,1.355808662437705037e+00
9.830358624458311878e-01,1.133036369163371360e+00
1.183724999427795410e+00,1.119857032657813223e+00
4.356400072574616034e-01,1.217197812630677278e+00
8.039849996566772461e-01,1.108090902448487070e+00
5.734559893608093262e-01,1.038176939248008912e+00
3.959457874298096258e-01,8.460371261655765807e-01
5.603970289230346680e-01,7.416394691279518669e-01
7.749050259590148926e-01,7.008173589701481854e-01
3.839260041713714044e-01,7.868940137560870296e-01
1.054715037345886230e+00,7.682199841724337563e-01
6.537709832191467285e-01,9.231399189793254578e-01
1.022608995437622070e+00,9.106307304451076723e-01
8.359869718551635742e-01,1.117004741286218517e+00
9.755985140800476074e-01,1.086943800658100923e+00
1.098647952079772949e+00,1.143833201235004760e+00
1.151165962219238503e+00,1.172380231148949292e+00
4.744769930839538019e-01,1.249860505286101375e+00
7.896029949188232422e-01,1.029198988743679211e+00
5.455229878425598145e-01,9.641785360577432851e-01
7.707700133323669434e-01,8.315169618837812138e-01
9.337069988250732422e-01,9.149416667256182745e-01
6.005529761314392090e-01,1.002912306545179266e+00
1.002521038055420144e+00,1.035922636497317084e+00
9.160850048065184437e-01,1.114390341018850483e+00
9.283249974250791237e-01,1.114754474234362247e+00
6.429409980773925781e-01,1.152624985360422016e+00
6.271365880966186523e-01,1.087536854846266277e+00
1.038689017295837402e+00,1.017510879878269936e+00
5.214130282402038574e-01,1.094568323814991695e+00
1.159701943397521973e+00,9.533336423728953068e-01
6.456400156021118164e-01,1.097998969935431779e+00
1.304703950881958008e+00,1.014161929403868401e+00
8.844429850578308105e-01,1.280079791438497150e+00
7.702100276947021484e-01,1.278270344606400988e+00
8.937159776687623181e-01,1.294034115109666594e+00
5.247250199317932129e-01,1.209415043360607678e+00
7.172748446464538574e-01,1.040079293308538766e+00
6.410769820213317871e-01,9.626619334039209219e-01
1.203750014305114746e+00,9.637590219554650339e-01
1.136301159858703613e+00,1.161851946641597522e+00
8.642929792404174805e-01,1.307652479365221332e+00
5.817409753799438477e-01,1.364313480095285858e+00
8.651199936866759144e-01,1.191417212927407876e+00
7.377740144729614258e-01,1.065503251990876032e+00
9.422479867935179554e-01,1.016704952741858570e+00
1.060060024261474609e+00,1.068581739006302156e+00
4.040209949016570490e-01,1.148550644459274128e+00
2.920779883861541193e-01,9.284627647963241692e-01
1.124665260314941406e+00,6.847831296997407557e-01
1.247418999671936035e+00,7.781057006760204731e-01
6.976169943809509277e-01,1.021960148335984586e+00
8.204839825630187988e-01,1.199214809936068882e+00
8.573070168495178223e-01,1.257718605224392272e+00
8.385969996452331543e-01,1.333929847542247193e+00
9.632229804992676891e-01,1.321831240485501491e+00
1.343299984931945801e+00,1.246431064978365866e+00
6.809219717979431152e-01,1.415823915976370362e+00
7.014784216880798340e-01,1.211810436035732685e+00
1.365643024444580078e+00,1.036403620854663865e+00
6.786789894104003906e-01,1.108054504303027210e+00
5.976330041885375977e-01,1.119554945240322175e+00
7.911109924316406250e-01,1.125995246933173100e+00
1.044147372245788574e+00,1.089621157348908964e+00
8.748620152473449707e-01,1.177667435687630659e+00
7.164059877395629883e-01,1.268720353799593026e+00
6.523500084877014160e-01,1.147542333364785838e+00
5.936999917030334473e-01,9.999816831651013871e-01
5.393440127372741699e-01,9.136292123401064114e-01
8.087720274925231934e-01,8.561921775803891244e-01
6.020820140838623047e-01,9.436465193740902757e-01
1.146679997444152832e+00,8.890209236890818101e-01
5.671510100364685059e-01,1.070223895634337286e+00
7.866399884223937988e-01,9.963607549092723392e-01
6.810299754142761230e-01,1.053471011007510283e+00
6.642330288887023926e-01,9.614350875128955254e-01
5.124790072441101074e-01,9.326718905539831406e-01
6.728799939155578613e-01,8.593869867460025569e-01
8.265414834022521973e-01,8.604301459642723637e-01
5.594509840011596680e-01,9.287346782721873639e-01
1.633069962263107300e-01,9.337787446783019085e-01
1.797860413789749146e-01,6.285539053693637301e-01
8.508148789405822754e-01,4.033603045717145674e-01
8.527640104293823242e-01,5.208527815589198973e-01
2.149522066116333008e+00,7.503387738210540725e-01
1.239639997482299805e+00,1.237834240520993889e+00
2.128437280654907227e+00,1.373965893970258367e+00
9.779880046844482422e-01,1.591236274872027234e+00
6.937779784202575684e-01,1.501196157389614427e+00
7.631160020828247070e-01,1.365063657880582149e+00
1.109338045120239258e+00,1.132969911523886264e+00
6.476340293884277344e-01,1.146825587492291021e+00
7.877320051193237305e-01,1.062265195557263731e+00
1.305567026138305664e+00,1.104453891294117085e+00
8.699640035629272461e-01,1.181864152280836411e+00
8.599532246589660645e-01,1.241616395563756692e+00
4.775849878787993830e-01,1.174638322682112657e+00
1.290724992752075195e+00,9.697697112147510845e-01
8.591579794883728027e-01,1.128578478210055192e+00
9.039019942283629261e-01,1.182800926156532872e+00
1.023422956466674805e+00,1.229840286127385829e+00
6.730669736862182617e-01,1.163190306307232635e+00
5.141969919204711914e-01,1.072160826650568444e+00
1.527956604957580566e+00,9.547548763089377388e-01
9.952359795570373535e-01,1.072088613564507131e+00
1.141056060791015625e+00,1.193428578960704201e+00
1.622257947921753152e+00,1.538901065960045056e+00
1.375547051429748313e+00,1.587506118519003584e+00
1.851865053176880105e+00,1.504421601573333822e+00
1.589177966117858887e+00,1.639684402835053456e+00
2.123934030532836914e+00,1.605791452482280723e+00
1.648401975631714089e+00,1.770243729772577490e+00
7.920839786529541016e-01,1.779460262431765250e+00
1.227027416229248047e+00,1.487484858390296427e+00
1.131343960762024148e+00,1.298998138762592847e+00
1.116891980171203613e+00,1.306538027466300989e+00
1.122387051582336426e+00,1.330534893600499924e+00
8.091310262680053711e-01,1.333644544973286328e+00
7.681059837341308594e-01,1.243364481241504338e+00
7.666722536087036133e-01,1.153007745191267475e+00
8.607699871063232422e-01,1.063499126548149487e+00
1.070777058601379395e+00,1.073188987094238156e+00
6.604189872741699219e-01,1.131139826176569274e+00
9.909179806709289551e-01,1.062263179500425370e+00
9.618239998817442737e-01,1.113377454073778861e+00
8.381230235099792480e-01,1.101908276849918655e+00
9.245989918708800159e-01,1.189495289332703543e+00
1.003061056137084961e+00,1.195375554923232775e+00
8.752340078353881836e-01,1.217443058029397562e+00
8.812961578369140625e-01,1.183546422480948879e+00
9.057049751281738281e-01,1.118329919161495045e+00
6.909559965133666992e-01,1.126430643137640963e+00
7.572399973869323730e-01,1.064812937771092205e+00
2.043754577636718750e+00,1.095654378040262111e+00
2.364957094192504883e+00,1.233979303442342967e+00
2.233561992645264116e+00,1.480993405303373089e+00
8.013390302658081055e-01,1.768851316940555973e+00
8.851529955863952637e-01,1.569274548262796110e+00
9.040349721908568226e-01,1.171727533147444600e+00
7.228699922561645508e-01,1.065852181030895407e+00
1.032919287681579590e+00,1.071332361344401685e+00
1.321628212928771973e+00,1.152456049817865757e+00
7.007700204849243164e-01,1.264206544076011518e+00
7.624319791793823242e-01,1.229804912834924435e+00
7.721610069274902344e-01,1.179917690535935870e+00
1.243505001068115234e+00,1.106615525739927941e+00
6.381840109825134277e-01,1.190662710850049821e+00
6.839929819107055664e-01,1.175608971631488808e+00
1.419505119323730469e+00,1.155168553208919091e+00
7.347676753997802734e-01,1.211819999777913548e+00
1.074026942253112793e+00,1.199395566358589127e+00
6.156389713287353516e-01,1.244508670753824875e+00
9.916120171546936035e-01,1.083888949328365214e+00
8.089560270309448242e-01,1.110633967610955120e+00
8.223479986190795898e-01,1.049241681583321650e+00
5.762249827384948730e-01,1.202400936167433931e+00
4.224239885807036798e-01,1.160747013374842762e+00
5.520349740982055664e-01,8.885820127181863759e-01
9.015229940414426490e-01,7.904082660683580119e-01
8.627583980560302734e-01,8.485004937814150106e-01
1.055613875389099121e+00,1.021031201973075397e+00
1.970020055770873801e+00,1.197651177572055303e+00
1.009042978286743164e+00,1.377629735138419464e+00
7.824029922485351562e-01,1.423629087736776322e+00
8.782749772071838379e-01,1.279697603540796536e+00
1.109990954399108887e+00,1.183296762554746362e+00
7.727199792861938477e-01,1.198573688013373273e+00
7.157210111618041992e-01,1.130376904822259165e+00
1.475479006767273171e+00,1.109763649216367387e+00
7.344660162925720215e-01,1.221666867556117531e+00
1.143465042114257812e+00,1.196747011612154576e+00
9.246990084648132324e-01,1.287180087408777540e+00
2.138324022293090820e+00,1.241540771856055825e+00
4.077424049377441406e+00,1.451030228980924486e+00
9.367650747299194336e-01,1.909517732253472877e+00
1.001402020454406738e+00,1.380980819695861284e+00
8.896229863166810192e-01,8.203801822554164236e-01
1.115183949470520020e+00,1.342379764812553944e+00
9.457820057868957520e-01,1.292310382702485994e+00
1.164842009544372559e+00,1.289424913585176302e+00
9.045109748840332031e-01,1.297878045382167000e+00
5.575259923934936523e-01,1.267506420743363948e+00
7.199835777282714844e-01,1.108483151923140841e+00
7.607790231704711914e-01,1.075848482072102152e+00
8.009672760963441052e-01,1.074448810881299510e+00
6.709719896316528320e-01,1.126595122886507205e+00
2.768970489501953125e+00,1.113008160851536088e+00
1.116358041763305664e+00,1.297175870520219654e+00
1.024410009384155273e+00,1.489950858143314738e+00
1.114386796951293945e+00,1.719489180534898631e+00
1.229098439216613770e+00,1.466773306041370795e+00
1.573238968849181907e+00,1.457384834982387689e+00
8.298619985580444336e-01,1.597204550333500617e+00
5.376980304718017578e-01,1.495413418347897094e+00
7.949647903442382812e-01,1.245798940454898585e+00
1.209460973739624023e+00,1.110383200038014939e+00
1.043611049652099609e+00,1.195467596259919718e+00
1.377645969390869141e+00,1.273071320194512523e+00
7.495359778404235840e-01,1.369558521714499211e+00
8.522210121154785156e-01,1.259871861252664704e+00
9.499999880790710449e-01,1.187726746837341807e+00
8.433979749679565430e-01,1.208283106934848306e+00
6.848490238189697266e-01,1.214741368340324756e+00
8.296039700508117676e-01,1.145591487104759443e+00
1.060515046119689941e+00,1.097244443704019190e+00
6.726049780845642090e-01,1.201930160479002030e+00
8.499810099601745605e-01,1.118822567403406687e+00
7.509549856185913086e-01,1.133123897488495624e+00
9.556260704994201660e-01,1.046814843292849906e+00
7.782499790191650391e-01,1.103147945148023501e+00
6.364319920539855957e-01,1.069006133784224044e+00
6.015599966049194336e-01,1.020011962489579815e+00
6.385549902915954590e-01,9.310882649881189188e-01
8.762890100479125977e-01,9.244312844155875286e-01
6.824830174446105957e-01,1.018159989151287803e+00
7.950311899185180664e-01,1.057881638831319249e+00
1.584897041320800781e+00,1.094041009993569125e+00
9.177780151367186390e-01,1.242925179986555273e+00
1.230221033096313699e+00,1.277299095779277138e+00
9.125559926033020020e-01,1.399536116282136033e+00
1.030437946319579856e+00,1.332991780081090649e+00
5.325379967689514160e-01,1.327565730712489067e+00
8.741289973258972168e-01,1.133941834476461574e+00
3.667230010032653253e-01,1.096837185491988720e+00
5.604230165481567383e-01,8.747698572199583689e-01
8.102909922599792480e-01,8.669213863787419427e-01
6.437510251998901367e-01,9.170703498590871972e-01
9.113870263099670410e-01,1.013610096774909319e+00
6.627830266952514648e-01,1.170138315284642960e+00
8.224419951438903809e-01,1.153847751578966463e+00
6.781139969825744629e-01,1.260144335313161390e+00
5.333459973335266113e-01,1.198757432537731704e+00
7.608630061149597168e-01,1.039106225861241795e+00
7.439860105514526367e-01,9.883108972634505607e-01
7.004669904708862305e-01,9.660481222807778545e-01
1.274258971214294434e+00,9.875659921145282238e-01
8.934450149536132812e-01,1.173300593036108230e+00
7.900159955024719238e-01,1.262380966647230096e+00
1.067494988441467285e+00,1.282846627806276452e+00
1.265694975852966309e+00,1.302727663800748115e+00
9.348030090332032360e-01,1.355399723285438229e+00
8.006410002708435059e-01,1.351080701965847508e+00
3.527039885520934503e-01,1.235897300603753468e+00
5.883709788322448730e-01,9.881468959582824230e-01
4.636880159378051758e-01,9.305325778835226158e-01
8.750243186950683594e-01,8.002138157216722725e-01
6.435279846191406250e-01,9.029429808399541679e-01
2.120890021324157437e-01,9.350701520626896190e-01
4.560469985008240301e-01,7.899855549027642310e-01
7.238804101943969727e-01,7.096378451162849155e-01
4.748429954051971436e-01,7.394810671025763282e-01
2.674640119075775146e-01,8.227470869076370930e-01
7.868980169296264648e-01,7.000367600848371730e-01
1.794360995292663574e+00,7.988139859822902533e-01
1.210453987121582031e+00,1.050378899625986406e+00
4.008429944515227716e-01,1.344561642588220973e+00
2.727654874324798584e-01,1.054237024632237452e+00
8.533802628517150879e-01,7.025974371433439947e-01
8.660610318183898926e-01,7.181297135017398192e-01
7.764859795570373535e-01,8.408510484119007256e-01
5.888479948043823242e-01,1.071552513716480748e+00
1.588868498802185059e+00,1.026974803353727372e+00
3.996030092239379328e-01,1.221586192375608393e+00
5.545350313186645508e-01,1.132112884643915018e+00
1.149551987648010476e+00,1.151236705885012590e+00
9.776459932327270508e-01,1.135290571230457957e+00
1.732741951942443848e+00,1.185669509646416708e+00
1.053477048873901367e+00,1.340268509423581778e+00
7.962800264358520508e-01,1.363323370991565087e+00
6.104800105094909668e-01,1.349956149152456319e+00
6.522138714790344238e-01,1.073784245845784024e+00
1.175541162490844727e+00,9.325532140576675566e-01
7.193930149078369141e-01,1.040889944526615096e+00
8.200139999389648438e-01,1.144561862891002590e+00
1.039114952087402344e+00,1.260380642243734473e+00
9.508559703826904297e-01,1.283886092714296545e+00
5.277600288391113281e-01,1.265530383107162704e+00
9.703559875488280140e-01,1.090035332958465553e+00
1.383889913558959961e+00,1.114438597866960201e+00
6.069999933242797852e-01,1.203307683698702446e+00
9.455270171165466309e-01,1.258330967867321792e+00
6.238729953765869141e-01,1.221487846791172505e+00
5.156549811363220215e-01,1.024819221931252855e+00
9.679385423660277210e-01,9.023539558859656751e-01
9.072690010070800781e-01,9.086121161538605051e-01
2.479866981506348100e+00,1.033934173654400324e+00
1.133080005645751953e+00,1.312936586425161423e+00
8.474370241165161133e-01,1.442730699903590041e+00
1.536522984504699707e+00,1.414172587141546922e+00
4.812009930610656183e-01,1.456449278798525482e+00
8.617479801177978516e-01,1.225179157522852780e+00
1.008694052696228027e+00,1.169119022166389632e+00
7.795569896697998047e-01,1.154688527451192881e+00
9.895502924919128418e-01,1.174676493604900118e+00
9.099559783935547985e-01,1.190166485256368478e+00
1.239764332771301270e+00,1.173267083161599666e+00
1.211838960647583008e+00,1.244184444161313241e+00
1.148460984230041504e+00,1.311360911414263697e+00
7.663900256156921387e-01,1.383386908417204353e+00
8.156750202178955078e-01,1.330689416916425172e+00
1.299479961395263672e+00,1.198579155451054978e+00
8.583310246467590332e-01,1.248254811146707111e+00
8.764400482177734375e-01,1.219749029964308562e+00
8.305460214614868164e-01,1.175033638223616395e+00
9.092410206794739880e-01,1.109738509195650868e+00
7.411040067672729492e-01,1.093267911848368579e+00
5.853319764137268066e-01,1.066876041229737782e+00
5.519493222236633301e-01,9.798085589257183869e-01
9.697520136833190918e-01,8.629669689074765948e-01
1.049844980239868164e+00,9.447830899476576949e-01
5.644329786300659180e-01,1.075111443966134228e+00
9.184709787368774414e-01,1.064364735372179460e+00
5.984159708023071289e-01,1.050409458350912928e+00
9.383450150489809349e-01,9.531867064547345780e-01
7.079470157623291016e-01,1.056863543670129246e+00
4.484339952468872070e-01,1.012314789705440976e+00
8.405709862709045410e-01,8.720035568252786362e-01
7.211350202560424805e-01,8.762360619970547271e-01
5.215386152267456055e-01,8.718457116476345803e-01
6.405649781227111816e-01,8.660747823797967371e-01
1.660409450531006081e+00,8.466370119121727766e-01
2.465307950973510742e+00,1.031169021012732445e+00
1.866270065307616965e+00,1.330416942985303219e+00
3.623536109924317294e+00,1.571131228763324561e+00
9.065989851951599121e-01,1.802992788117003364e+00
7.756379842758178711e-01,1.598519688646272252e+00
7.006700038909912109e-01,1.253270376718369716e+00
7.579550147056579590e-01,1.095137412178014857e+00
5.499600172042846680e-01,1.053510703226102851e+00
1.367677569389343262e+00,9.150693071225705078e-01
8.148130178451538086e-01,1.052245989603108889e+00
1.278898954391479492e+00,1.178275050442927130e+00
1.093865990638732910e+00,1.463294161247516323e+00
8.134710192680358887e-01,1.336567992787590198e+00
9.060310125350952148e-01,1.206603829369438996e+00
1.311033964157104492e+00,1.285055836182776634e+00
7.892500162124633789e-01,1.359454506722753031e+00
9.167850017547608532e-01,1.312358906608569464e+00
1.186140060424804910e+00,1.325629876652430150e+00
2.092472076416016069e+00,1.352705596337839378e+00
1.301861047744750977e+00,1.475384025457974424e+00
1.268974781036376953e+00,1.474203464971574951e+00
9.061110019683837891e-01,1.416536601337318624e+00
1.078873991966247559e+00,1.379815534388268983e+00
7.863690257072448730e-01,1.373054336990291668e+00
7.093420028686523438e-01,1.248102470099241579e+00
5.201929807662963867e-01,1.152912053997934727e+00
9.855200052261352539e-01,9.680645579855279292e-01
1.092841982841491699e+00,9.900380300436479875e-01
3.955059945583344061e-01,1.095914360593839731e+00
1.195796012878417969e+00,1.021415342624705902e+00
1.702510833740234375e+00,1.202911233040821370e+00
2.407080888748168945e+00,1.326112441783832141e+00
2.585943937301636186e+00,1.693301979063475349e+00
1.655773043632507102e+00,1.846903738642410087e+00
8.921740055084229626e-01,1.830010966381642401e+00
1.231696963310241699e+00,1.415616207358697087e+00
1.602033019065856934e+00,1.319926539943693022e+00
1.585399031639099121e+00,1.413489319261348243e+00
1.210371017456054910e+00,1.501573336859443053e+00
9.857040047645567737e-01,1.460044658039923116e+00
7.289689779281616211e-01,1.366578159064766984e+00
1.071573019027709961e+00,1.235503455918665949e+00
9.457439780235290527e-01,1.252994560807199953e+00
5.141820311546325684e-01,1.250269487463550488e+00
7.144280076026916504e-01,1.143279801053183498e+00
4.996199905872344416e-01,1.057247548624327349e+00
8.646243214607238770e-01,9.413148098369177319e-01
6.024960279464721680e-01,1.000394009385330740e+00
1.012339949607849121e+00,9.669477231188278177e-01
6.310235261917114258e-01,1.136379735152678538e+00
1.141221046447754128e+00,1.063593045310903484e+00
8.547459840774536133e-01,1.246129020350240202e+00
7.744219899177551270e-01,1.208918710124550211e+00
8.376209735870361328e-01,1.219754477779514401e+00
7.503905892372131348e-01,1.167712340802875559e+00
1.134822010993957520e+00,1.099336636353559049e+00
1.244793057441711426e+00,1.220939583145181917e+00
7.141630053520202637e-01,1.335401276787907987e+00
6.486989855766296387e-01,1.341537203975822656e+00
3.861860036849976141e-01,1.197103572674999672e+00
6.366299986839294434e-01,9.353304835485106716e-01
4.178859889507293146e-01,8.736076045542177093e-01
1.103790521621704102e+00,7.642291431324277351e-01
8.070139884948729359e-01,9.443490601016104602e-01
1.107607960700988770e+00,1.012890603532754064e+00
9.713580012321472168e-01,1.246464739382444842e+00
6.764810085296630859e-01,1.273083017567198771e+00
1.687772989273071289e+00,1.136281655017739922e+00
8.082039952278137207e-01,1.244946572529466833e+00
1.564818024635314941e+00,1.183091659041077159e+00
6.673809885978698730e-01,1.390795956098747288e+00
1.091886043548584206e+00,1.249241816716143427e+00
7.375509738922119141e-01,1.329246185858059537e+00
8.364729881286621094e-01,1.221938721596090405e+00
1.015761017799377441e+00,1.200030428659581094e+00
1.106158971786499023e+00,1.210451547864223487e+00
1.130903959274291992e+00,1.279135258106894879e+00
9.518219828605650745e-01,1.357628524174011142e+00
5.585229992866516113e-01,1.347984934353541497e+00
1.855298042297363503e+00,1.109086776049730050e+00
7.845479846000671387e-01,1.289204040831219533e+00
5.835890173912048340e-01,1.298287039911211416e+00
8.359720110893249512e-01,1.309169692479346780e+00
6.805480122566223145e-01,1.136255460917202198e+00
1.030328035354614480e+00,1.187235147818267889e+00
7.914109826087951660e-01,1.309646438733150342e+00
4.464710056781768799e-01,1.338418039614674759e+00
5.589337944984436035e-01,1.063632527170224273e+00
7.334340214729309082e-01,8.556621056360760313e-01
8.426809906959533691e-01,8.398505585442391785e-01
1.109205961227416992e+00,9.651293099318064561e-01
5.862460136413574219e-01,1.123409344952519762e+00
1.772798061370849609e+00,1.051574505978344565e+00
8.493610024452209473e-01,1.272137522055409198e+00
1.331516027450561523e+00,1.148976079206952106e+00
1.215008974075317383e+00,1.266302977831511134e+00
9.708780050277708851e-01,1.332860587836282029e+00
1.411272048950195090e+00,1.360684861290578196e+00
1.046331048011779785e+00,1.406128408291221987e+00
8.349300026893615723e-01,1.394673860979951607e+00
9.847199916839598499e-01,1.282105879095177370e+00
4.901649951934814453e-01,1.252069180923546909e+00
6.141669750213623047e-01,1.073335572522156722e+00
8.252440094947814941e-01,1.033258783665298219e+00
1.047114968299865501e+00,1.012450038902926508e+00
3.921430110931396484e-01,1.172258230142563917e+00
7.720900177955627441e-01,1.038170587023006242e+00
7.520099878311157227e-01,1.028378827316809074e+00
6.718119978904724121e-01,9.897784621163622232e-01
6.571980118751525879e-01,1.045436957069945771e+00
8.213180303573608398e-01,1.039779542244047006e+00
1.030122995376587136e+00,1.069467325587093676e+00
6.211889982223510742e-01,1.157853533771479260e+00
9.608931541442871094e-01,1.103881856572420661e+00
7.402380108833312988e-01,1.133201385507209613e+00
5.984709858894348145e-01,1.068217122088158666e+00
9.358735680580140270e-01,1.014247825938811021e+00
5.818247795104979359e-01,1.039523763801737388e+00
6.529520153999328613e-01,9.624337388888715150e-01
7.834500074386596680e-01,9.996542522766411754e-01
7.448130249977111816e-01,1.013740961993866874e+00
8.943400979042054333e-01,1.092202416653631269e+00
2.505017042160034180e+00,1.104852701821385619e+00
1.417585968971252441e+00,1.315430240573241205e+00
1.226507544517517090e+00,1.482455450099922967e+00
1.043179035186767578e+00,1.395198564274068964e+00
8.192250132560729980e-01,1.269241438309599124e+00
8.129550218582153320e-01,1.223939934845237776e+00
5.289899706840515137e-01,1.172174252364306168e+00
4.789490103721618097e-01,9.736286373871951838e-01
1.153810977935791016e+00,8.257067656297872871e-01
7.845839858055114746e-01,9.145284835117502009e-01
4.701859951019286554e-01,9.980869880987368603e-01
2.416239976882934570e-01,9.785030232433648001e-01
1.994680017232894897e-01,7.192505868473224595e-01
1.327169984579086581e-01,5.189946397244281640e-01
6.585559844970703125e-01,3.625604166686425267e-01
9.621880054473875843e-01,5.268194946480022622e-01
9.829789996147155762e-01,7.536256543212547232e-01
1.026576042175292969e+00,1.069746869616640783e+00
8.309389948844909668e-01,1.195633836026234853e+00
1.000543951988220215e+00,1.188383320642145247e+00
1.983185052871704102e+00,1.174864889182215100e+00
1.286525964736938477e+00,1.247167733238287113e+00
1.736924052238464355e+00,1.359666040124545727e+00
1.257668018341064453e+00,1.562186587213428179e+00
1.084908962249756081e+00,1.554579796254267565e+00
1.062494039535522461e+00,1.414567462756974425e+00
8.256469964981079102e-01,1.341554535562187178e+00
1.418092012405395508e+00,1.223586990993569268e+00
1.151677966117858887e+00,1.279855620075389000e+00
8.794019818305969238e-01,1.292657926785456990e+00
1.089423060417175293e+00,1.288431995671073249e+00
8.687390089035034180e-01,1.291022053768256850e+00
1.307837963104248047e+00,1.277576965079214144e+00
1.262575984001159668e+00,1.331765363842542182e+00
1.069887042045593262e+00,1.366601869654723300e+00
8.579840064048767090e-01,1.324881068721099009e+00
1.067142963409423828e+00,1.292698367719714581e+00
6.799880266189575195e-01,1.288804403358014605e+00
7.323921322822570801e-01,1.134102530182297341e+00
6.000829935073852539e-01,1.022869069700710565e+00
1.010563969612121582e+00,9.100050942817503596e-01
7.260069847106933594e-01,1.002378002034811422e+00
5.901079773902893066e-01,1.030154727236008760e+00
7.744659781455993652e-01,1.033152046012857594e+00
8.908360004425048828e-01,1.036366466551352783e+00
7.620100975036621094e-01,1.063940979032012235e+00
5.811070203781127930e-01,1.070512316962017652e+00
8.903719782829285778e-01,1.011258345867824149e+00
7.882059812545776367e-01,1.024595361276786409e+00
9.248933196067808948e-01,1.022394093378263813e+00
1.265586972236633301e+00,1.075201358208246694e+00
9.180610179901123047e-01,1.193257935436813355e+00
8.252680301666259766e-01,1.213623107880339225e+00
4.257229864597321112e-01,1.194070065282075932e+00
7.238519787788391113e-01,9.770731188332306694e-01
9.657319784164427601e-01,9.582011200045935650e-01
7.146480083465576172e-01,1.026047181765900929e+00
8.502969741821289062e-01,1.109170717310227872e+00
6.113014817237854004e-01,1.110525096728723238e+00
5.909900069236755371e-01,9.644455468126337250e-01
1.191807866096496582e+00,9.244819916079042299e-01
7.976800203323364258e-01,1.034162377001709654e+00
8.885610103607177734e-01,1.149087838560681751e+00
7.367290258407592773e-01,1.184076677404684474e+00
8.569459915161132812e-01,1.078897655053375981e+00
5.838339924812316895e-01,1.080495692868123303e+00
8.865389823913574219e-01,9.945121075587196602e-01
8.750730156898498535e-01,1.084254619665453223e+00
1.111973047256469505e+00,1.289842836731154740e+00
5.632749795913696289e-01,1.331439212901437852e+00
5.519689917564392090e-01,1.073063428675664177e+00
5.465030074119567871e-01,1.096788762618827295e+00
7.512239813804626465e-01,9.406404128089136396e-01
8.402569890022277832e-01,9.974825539322936807e-01
5.915480256080627441e-01,1.067286621368653821e+00
6.109840273857116699e-01,1.054631149207514662e+00
7.992020249366759144e-01,9.601259384884776038e-01
5.405290126800537109e-01,9.812859399359367130e-01
1.093670010566711426e+00,9.271478485279674997e-01
7.972419857978820801e-01,1.076569745482566232e+00
5.896059870719909668e-01,1.061149244624787435e+00
5.182790160179138184e-01,1.024120600876203158e+00
6.216366887092590332e-01,8.902305436039388287e-01
8.810679912567138672e-01,8.377732321255064729e-01
9.703850150108336292e-01,9.363802228062741984e-01
8.715350031852722168e-01,1.071118683071219824e+00
2.576299905776976984e-01,1.159851470545055774e+00
3.547430038452148438e-01,8.680883672583489252e-01
1.308350920677185059e+00,7.552790819597797745e-01
2.422243118286133257e+00,8.969345526656730128e-01
1.588093161582946777e+00,1.244359330424698484e+00
1.510810017585754395e+00,1.516035916108860571e+00
6.637499928474426270e-01,1.665084843371207324e+00
5.865659713745117188e-01,1.387777855525120119e+00
1.126363039016723633e+00,1.048551838974433936e+00
9.455379843711851917e-01,1.104255141816648855e+00
8.895260095596313477e-01,1.132665861794262874e+00
7.889080047607421875e-01,1.249037772379510525e+00
5.571460127830505371e-01,1.191304896272336711e+00
7.382910251617431641e-01,1.011182002608535635e+00
6.742079854011535645e-01,9.766425259031642492e-01
7.401880025863647461e-01,9.348274471272401964e-01
7.983270287513732910e-01,1.005916419164214926e+00
5.137799978256225586e-01,1.035858428315897362e+00
8.528280258178710938e-01,9.770861491676211541e-01
7.851629853248596191e-01,1.057095955983773150e+00
1.024798870086670144e+00,1.073887174145721657e+00
8.841310143470764160e-01,1.211063528427684055e+00
3.615649938583374023e-01,1.205263947127797497e+00
4.477910101413726807e-01,9.524784565111795720e-01
7.665730118751525879e-01,8.628257142675848090e-01
1.054823040962219238e+00,8.733119535926957555e-01
1.034250974655151367e+00,1.077312427265099126e+00
1.096979022026062012e+00,1.193543265600676584e+00
5.883730053901672363e-01,1.258116083818926256e+00
6.365630030632019043e-01,1.085602118236753233e+00
5.399640202522277832e-01,9.678337380951311797e-01
8.178460001945495605e-01,8.303189706116158586e-01
6.359609961509704590e-01,9.536793265630013616e-01
9.872140288352967419e-01,1.013207187698960787e+00
9.839289784431457520e-01,1.158097962616262633e+00
8.986790180206299938e-01,1.162605094342145762e+00
6.926850080490112305e-01,1.159082834426878206e+00
5.757049918174743652e-01,1.054659581093261078e+00
8.279470205307006836e-01,9.385084909571151934e-01
6.547859907150268555e-01,9.525650241238204918e-01
8.509550094604492188e-01,9.374608068446459441e-01
6.557850241661071777e-01,1.043057766063822500e+00
6.597809791564941406e-01,1.002634479686294267e+00
7.502999901771545410e-01,9.966197564805873155e-01
9.303160309791562721e-01,9.812350545535670765e-01
7.123904824256896973e-01,1.037128417732108954e+00
6.544970273971557617e-01,1.048166813452201085e+00
4.987269937992096502e-01,1.058188642052215744e+00
5.593240261077880859e-01,9.679583625714600625e-01
8.733990192413330078e-01,9.231268978800787339e-01
6.319249868392944336e-01,9.718531273079663579e-01
8.613430261611938477e-01,9.446032869709536373e-01
1.036013007164001687e+00,1.032337970452841258e+00
9.874529838562011719e-01,1.111031076665623285e+00
6.686739921569824219e-01,1.237445709633964164e+00
1.007030010223388894e+00,1.129252587570665822e+00
9.358490109443664551e-01,1.133435327019452599e+00
6.626719832420349121e-01,1.121647742960014682e+00
5.495319962501525879e-01,1.074866931374985457e+00
9.273632764816285290e-01,9.569360603556245071e-01
9.193540215492249645e-01,9.585672134466727279e-01
6.497738957405090332e-01,1.083667058840435793e+00
9.705049991607666016e-01,1.020838528569879999e+00
8.920990228652954102e-01,1.083011763947787198e+00
7.462270259857177734e-01,1.044806360813946622e+00
7.597569823265075684e-01,1.079018417512352945e+00
1.126011013984680176e+00,1.147423276602419939e+00
7.641419768333435059e-01,1.278958239181121170e+00
8.309190273284912109e-01,1.315008082744989926e+00
5.316870212554931641e-01,1.320721764058716552e+00
1.097100019454955833e+00,1.178702644809977773e+00
9.711959958076475941e-01,1.183370795330518810e+00
7.501904964447021484e-01,1.175462591419709879e+00
7.235890030860900879e-01,1.157901526094789357e+00
1.088876962661743164e+00,1.037445725844866162e+00
1.923168003559112549e-01,1.050435457524830030e+00
3.752999901771545410e-01,7.708953277882578670e-01
1.878910064697265625e-01,6.459951596102169180e-01
6.128349900245666504e-01,4.624706209699497306e-01
4.822100102901458740e-01,5.851192748767969354e-01
8.997989892959593616e-01,6.422400540701272975e-01
6.762999892234802246e-01,8.683172207384710628e-01
9.804093837738035999e-01,9.300881662817274131e-01
6.459739804267883301e-01,1.076979576105044689e+00
7.601699829101562500e-01,1.060677918711377732e+00
1.045557022094726562e+00,1.090725013168053703e+00
1.085988998413085938e+00,1.147759300099185920e+00
7.320979833602905273e-01,1.218195145584767047e+00
1.045389056205749512e+00,1.166178673244375963e+00
7.359200119972229004e-01,1.146433820425611705e+00
8.745509982109069824e-01,1.064973399569882906e+00
9.997780323028564453e-01,1.087866341482618182e+00
1.739534020423889160e+00,1.119435694698402539e+00
7.049050331115722656e-01,1.305467688489871492e+00
8.328270316123962402e-01,1.296444697389030454e+00
8.953109979629515491e-01,1.275821042620661983e+00
1.179519057273864746e+00,1.170557731325049922e+00
1.443411946296691895e+00,1.277130626192762408e+00
7.634999752044677734e-01,1.346327044838131926e+00
1.145148038864135520e+00,1.292739217797321150e+00
7.633590102195740856e-01,1.296580699705545126e+00
1.029322981834411621e+00,1.126937284511184245e+00
1.302055954933166504e+00,1.164555311459430031e+00
9.734439849853515625e-01,1.212229658378681796e+00
1.229671001434326172e+00,1.354462922748770781e+00
1.063034057617187500e+00,1.475442419634698910e+00
8.984770178794860840e-01,1.325051306126511230e+00
7.175139784812927246e-01,1.226082172399195480e+00
1.175443053245544434e+00,1.156590052806711233e+00
1.101048946380615234e+00,1.207025545540694633e+00
1.431144952774048074e+00,1.232697742494895499e+00
6.568620204925537109e-01,1.333191769276371286e+00
1.074908018112182617e+00,1.221441254257285669e+00
1.004804968833923118e+00,1.222888140247486932e+00
1.609539985656738503e+00,1.227370068385696955e+00
1.962562561035156028e+00,1.349660081378892595e+00
1.995329976081847922e+00,1.516343809943389465e+00
2.033385992050170898e+00,1.683313661120929616e+00
1.611258029937743919e+00,1.717519941036646181e+00
2.040218114852905273e+00,1.585046463952644702e+00
1.351415991783142090e+00,1.616507748912273446e+00
1.363389015197754128e+00,1.554376879944478818e+00
1.526808977127075195e+00,1.465404646427961532e+00
1.103597044944763184e+00,1.462893468398016372e+00
1.763007998466491699e+00,1.440308455042947022e+00
1.153326034545898438e+00,1.510265058458641008e+00
2.580787897109985352e+00,1.459600914832986929e+00
1.242146968841552734e+00,1.606724770506156030e+00
6.676509976387023926e-01,1.534975325876293484e+00
8.271329998970031738e-01,1.334828314063178034e+00
1.394161701202392578e+00,1.168487016233877851e+00
6.900759935379028320e-01,1.230901622185616828e+00
6.740249991416931152e-01,1.173655212700926764e+00
7.907469868659973145e-01,1.129431391087679870e+00
7.285000085830688477e-01,1.087696862286865684e+00
3.354600071907043457e-01,1.059691527135330213e+00
1.058426976203918457e+00,8.016252545747187819e-01
7.669919729232788086e-01,9.003025391092689400e-01
5.922303199768066406e-01,9.124022555700360693e-01
8.828200101852416992e-01,9.775489361647021758e-01
5.677499771118164062e-01,9.838169151744502461e-01
1.077505946159362793e+00,9.111520738873748471e-01
6.909419894218444824e-01,1.083808667827521832e+00
7.237120270729064941e-01,1.078039497959372817e+00
9.752489924430848278e-01,1.101696260047966058e+00
7.574009895324707031e-01,1.103298732285373118e+00
1.183527946472167969e+00,1.062410588519412835e+00
7.705749869346618652e-01,1.177619508092951683e+00
6.143350005149841309e-01,1.151379671055010601e+00
7.692319750785827637e-01,1.134696092422649238e+00
4.068099856376647949e-01,1.103805024140852797e+00
2.481469959020614346e-01,9.771875993181869946e-01
2.568759918212890625e-01,7.796550784224500763e-01
5.981699824333190918e-01,5.631772642640083815e-01
8.801140189170837402e-01,6.136489653273924372e-01
9.920129776000974342e-01,7.807503307683694160e-01
8.770260214805603027e-01,1.036940641234751270e+00
1.008928894996642844e+00,1.149004935645058678e+00
6.714209914207458496e-01,1.182890791738312908e+00
