5.654720067979999154e-01,9.303741044465938526e-01
7.307389974590000614e-01,8.204469698456001714e-01
1.074290990829999792e+00,8.316519941359973300e-01
9.521890282630000035e-01,9.720121812977868814e-01
9.879170060160000766e-01,9.539072391263851980e-01
1.011654973029999960e+00,9.429362564227778964e-01
0.000000000000000000e+00,9.542456345917433858e-01
7.643579840659999736e-01,7.412992385838105269e-01
7.788103222849999119e-01,8.768433945721185729e-01
3.306220054629999794e+00,9.433320718671359684e-01
1.055441975589999970e+00,2.109495564492063657e+00
7.543110251430000801e-01,1.560575140306400321e+00
7.915459871289999283e-01,1.195381666477182803e+00
1.409499049189999909e+00,8.647835280041511474e-01
8.875439763070001042e-01,1.107871043918362108e+00
6.401469707490000660e-01,9.907014410591020726e-01
5.082880258560000808e-01,8.629805599168869357e-01
8.640019893649999450e-01,7.660831058171068131e-01
5.725920200349999822e-01,8.682928591880196834e-01
8.469420075419999971e-01,8.119508199477928345e-01
9.181020259860001032e-01,8.656949293481183139e-01
7.976629734039999420e-01,9.211154311733302791e-01
9.608020186419998776e-01,8.773265967747263527e-01
9.555831551549999192e-01,9.196248103233647386e-01
3.470349907879999862e-01,9.359611038612487555e-01
9.546210169789999256e-01,7.739409274146884510e-01
1.293938040730000072e+00,9.103703766187273283e-01
5.251880288119999962e-01,1.117600535307211818e+00
4.773890078070000542e-01,8.693317864934839712e-01
1.275226235389999907e+00,7.974856747665811652e-01
8.723750114439999814e-01,1.056169592038892935e+00
8.355640172959999390e-01,9.894688442235318737e-01
7.321749925609999377e-01,8.997919419122735185e-01
7.640249729160000225e-01,8.475605801278711660e-01
4.072830080990000323e-01,8.466666536106384200e-01
4.752210080619999610e-01,7.481236804436829368e-01
8.781340122220000488e-01,7.338818305031812317e-01
7.414129972460000717e-01,8.847586292000865216e-01
1.258002042770000051e+00,8.704394612818584509e-01
1.069700956339999953e+00,1.032846298091448123e+00
7.274609804150000691e-01,1.023789540888712768e+00
7.892770171170000459e-01,8.880998792953059828e-01
6.237750053410000550e-01,8.632365264673050875e-01
6.914690136910000007e-01,8.085204952414610791e-01
8.557710051540000640e-01,8.132976888915072200e-01
7.093830108640000187e-01,8.776603987918217831e-01
1.014547944070000041e+00,8.440560238235930157e-01
1.115731000900000103e+00,9.337981574270295404e-01
4.182830154900000208e-01,1.006640327424734860e+00
1.002280950550000105e+00,8.155190545473913755e-01
1.218860983849999968e+00,9.351767960940700064e-01
1.143296003339999922e+00,1.079764320901396735e+00
6.528189778330000248e-01,1.026176831067313389e+00
6.746559739110000731e-01,8.776171069172576944e-01
6.009536385540000802e-01,8.317509046535815909e-01
6.694570183749999348e-01,7.873670792349498626e-01
6.538079977039999990e-01,8.021595612395797659e-01
7.814120054240000224e-01,8.042538891269850332e-01
1.206303954120000022e+00,8.456524138192572648e-01
8.469259738919999725e-01,1.024918416784047936e+00
8.286409974099999687e-01,9.391696525054715750e-01
6.482390165329999787e-01,8.911252157949111075e-01
5.623700022700000023e-01,8.217286184830966400e-01
7.183309793469999649e-01,7.778200428706918412e-01
1.099647998810000082e+00,8.160189478496941984e-01
9.541710019110001273e-01,9.820577204753688783e-01
7.290139794350000146e-01,9.593641522917359943e-01
6.694499850270000385e-01,8.667315828739168282e-01
8.631219863889999511e-01,8.214366738862097783e-01
6.464660167689999515e-01,8.757469014093298698e-01
8.223180174830000411e-01,8.264777622230869980e-01
9.235979914669999458e-01,8.604911143127849105e-01
8.300920128820000743e-01,9.153288884425031524e-01
1.067314028740000031e+00,8.885880394687818429e-01
1.546175003050000107e+00,9.606739800097875426e-01
6.827279925350000500e-01,1.183262856832808074e+00
6.385620236399999206e-01,9.553547933004044035e-01
6.464239954950000699e-01,8.705653261330716930e-01
6.881093978879999629e-01,7.980478506249463200e-01
7.273989915849999877e-01,8.127477300847992803e-01
6.500350236890000133e-01,8.303449324282966559e-01
8.693690299990000092e-01,8.088300179362889475e-01
4.408580064769999640e-01,8.766974659063963005e-01
4.518609941010000020e-01,7.726396273088841360e-01
7.575070261959999662e-01,7.383943244047064258e-01
4.952389895920000229e-01,8.298333328633427097e-01
6.850870251659999521e-01,7.735847704118067325e-01
7.243813276289999825e-01,8.026411897622368619e-01
8.653740286830000628e-01,8.349090824430277502e-01
7.400469779970000328e-01,8.820870238903277816e-01
8.070759773250000269e-01,8.542201149200053800e-01
8.204330205920000729e-01,8.619352345181127140e-01
1.114411950110000049e+00,8.731622333028202787e-01
1.108605027200000093e+00,9.809132145533594471e-01
4.751499891279999943e-01,1.009181662104298161e+00
1.039268016820000140e+00,8.293256555174756128e-01
9.457899928090000019e-01,9.467897379557500548e-01
7.877500057220000462e-01,9.694988548133912643e-01
3.504549860949999762e-01,8.798275237074094646e-01
9.367713332179998797e-01,7.502072388733785901e-01
9.868059754369999936e-01,8.971279807439117571e-01
6.470239758489999549e-01,9.853569820740256668e-01
1.029777050020000084e+00,8.439821225916938063e-01
1.187446951870000156e+00,9.382459704583899773e-01
9.328820109369999614e-01,1.042300024367630140e+00
7.528370022769999004e-01,9.534032782506766113e-01
6.420040130619999452e-01,8.756929101057423503e-01
2.307340055699999837e-01,8.146890001628130928e-01
4.714997112749998998e-01,6.965043140745668104e-01
8.772729635240000823e-01,7.213411365699764488e-01
7.876309752460000091e-01,9.050752014667807765e-01
2.742219865320000283e-01,8.866205737628866101e-01
3.992269933219999567e-01,7.317492270797100185e-01
9.923512339589999343e-01,7.143459754836650744e-01
7.627239823340000724e-01,9.497099725592402786e-01
7.200859785079999353e-01,9.062225363534506251e-01
6.264780163759999798e-01,8.408009316271690681e-01
7.269890308380000388e-01,8.013001885433800320e-01
9.301019906999999920e-01,8.240973044666899394e-01
6.872699856759999504e-01,9.091926802638510274e-01
8.662552833559999943e-01,8.473517962876486731e-01
8.352038264269999734e-01,8.796781941287773465e-01
9.402499794959999768e-01,8.869484290236276935e-01
1.023357987399999836e+00,9.155868466023899810e-01
7.322629690170000538e-01,9.562690825681442464e-01
9.300749897960000068e-01,8.721255135758205768e-01
8.702930212019999168e-01,9.068873894851573469e-01
5.104020237919999481e-01,9.053521345077811810e-01
1.025817990299999982e+00,7.939428285594531953e-01
4.551239907739999535e-01,9.323934461250259487e-01
7.345349788670000324e-01,8.137403907549451976e-01
7.012919783589999234e-01,8.351237146994870963e-01
1.014386057849999911e+00,8.360037437162008978e-01
1.123770236970000225e+00,9.356261230301957665e-01
4.825370013710000294e-01,1.010366535192375625e+00
4.689320027830000681e-01,8.294194287196725579e-01
8.755196928980000237e-01,7.725627770784936343e-01
1.145424962039999883e+00,8.777480629612621765e-01
1.943787455560000099e+00,1.026119652280135908e+00
1.557039022450000143e+00,1.374379459671650316e+00
2.104775905609999942e+00,1.307434958411995973e+00
1.062240004540000005e+00,1.466919909320669735e+00
7.867829799650000178e-01,1.173315164234581154e+00
2.247971057890000068e+00,9.987814171495837945e-01
5.664669871329999218e-01,1.500340409237714834e+00
8.389729857439999217e-01,1.132892886051165782e+00
3.188189864160000386e-01,1.032907926602499860e+00
6.386680006980000046e-01,7.412252998334998288e-01
7.540266513819999794e-01,7.901219529216960691e-01
1.085826039310000102e+00,8.561233623808850446e-01
6.014299988750000381e-01,9.731541713414209038e-01
6.923220157619999204e-01,8.496696476590507308e-01
8.782439827919999997e-01,8.297255937952969784e-01
1.279224038119999962e+00,8.872975373197810045e-01
7.251669764520000117e-01,1.060640414242995266e+00
4.283109903339999969e-01,9.145439834336264173e-01
7.012249827380000466e-01,7.921869106739809485e-01
8.846225738529999161e-01,8.049278168002630407e-01
7.809653878210001121e-01,9.036125002498381908e-01
9.259700179100002204e-01,8.706687313176900700e-01
9.178640246389998536e-01,9.059764282675851765e-01
9.073020219799998731e-01,9.192486448049269621e-01
4.099450111390000040e-01,9.120781165855985639e-01
8.741459846500000408e-01,7.766129453053416398e-01
1.231343984599999830e+00,8.756609626556699499e-01
7.683960199359999299e-01,1.071060601920812871e+00
9.357339143750000865e-01,9.170806614742251783e-01
7.523270249369999885e-01,9.212930164111583498e-01
6.247839927670000293e-01,8.668153414742926222e-01
1.977947235109999591e+00,8.099914034599974277e-01
2.476479291920000048e+00,1.384646515178354020e+00
6.822599768639999729e-01,1.772666715393413917e+00
1.294077992440000102e+00,1.178580178488510821e+00
2.116506099700000032e+00,1.192224904067090918e+00
2.030230045320000176e+00,1.495035735764407070e+00
1.727593064309999926e+00,1.521336680088866133e+00
1.321619033810000010e+00,1.385592446399241506e+00
1.114274978639999913e+00,1.200803143366000914e+00
1.618482947350000201e+00,1.059429144836084857e+00
1.102354049679999948e+00,1.201737566167273341e+00
8.501269817350000091e-01,1.081839252173925736e+00
6.531813144679999850e-01,9.533824088641350558e-01
6.168276071549999573e-01,8.362831573161659815e-01
1.023204803470000090e+00,7.948707996683361809e-01
1.176781058310000017e+00,9.375242739104037160e-01
1.108754038809999898e+00,1.040193117928392752e+00
9.838110208509999177e-01,1.007834576522722569e+00
1.829927563669999868e+00,9.592703570891139009e-01
1.342131018639999951e+00,1.293925216498124309e+00
1.265669584270000092e+00,1.215361461747293204e+00
7.930377125740000199e-01,1.118467800769908260e+00
1.030689358710000114e+00,9.349550902862344692e-01
8.210232257839999992e-01,9.555757914354707783e-01
1.099169254300000009e+00,9.013198557797755806e-01
5.255355238910000004e-01,9.719498541761594224e-01
7.758393883709999717e-01,8.324749888462140701e-01
7.209759950640000081e-01,8.545839394071468309e-01
8.666771054269999386e-01,8.438518218913009239e-01
8.462041020389999835e-01,8.805328728549504103e-01
7.614132165909999195e-01,8.894745723036726615e-01
6.587246060370000045e-01,8.576025450330935218e-01
1.078659296040000104e+00,8.171339699273155732e-01
1.281940340999999872e+00,9.583078998707438290e-01
6.600005030629999547e-01,1.085904802101412603e+00
1.112500548360000119e+00,8.970374722186927885e-01
6.280704736709999958e-01,9.827867578882618638e-01
6.864575743680000341e-01,8.658860707680177127e-01
9.000409841539999123e-01,8.313097296100934175e-01
7.342569231990000445e-01,8.939229916332603887e-01
1.011121273039999879e+00,8.583922459360894264e-01
8.827599883079999543e-01,9.337590302013397681e-01
7.521411776540001259e-01,9.207926159296863089e-01
9.489411115650000506e-01,8.619611227092911498e-01
6.799052953720000625e-01,9.120526462768853149e-01
7.211565971369999772e-01,8.475364409891646966e-01
6.504104733470000843e-01,8.328728170135949460e-01
7.167106270790000178e-01,8.082453541653561446e-01
9.056316018100001308e-01,8.226093403974220619e-01
6.526464819910000603e-01,8.977226670759677063e-01
7.056654095649999014e-01,8.336854506396961240e-01
6.581057906149999637e-01,8.242044157095429480e-01
6.592794060709999959e-01,8.090955940514465983e-01
6.634064316750000190e-01,8.042911368321399301e-01
7.808002829549999246e-01,8.056444207192726692e-01
7.565907239910000248e-01,8.464582497060666455e-01
9.280405640600000172e-01,8.503778256428601301e-01
7.073829770089999913e-01,9.055963715272610237e-01
3.888399899009999383e-01,8.523486574390480852e-01
3.422417938710000107e-01,7.474493326243364377e-01
2.337300032380000281e-01,6.927905993179760413e-01
1.459127068520000015e-01,6.383338511893911216e-01
3.949534893039999828e-01,6.036058553326945075e-01
9.678409695629999199e-01,6.794554181045475705e-01
7.839220166210000285e-01,9.587891375543687866e-01
8.333759903910000766e-01,9.093618412856342426e-01
9.723259806630000224e-01,8.763556722923683262e-01
6.905210018160000685e-01,9.285752687288544305e-01
1.345324039460000121e+00,8.530330048326129067e-01
7.227010130879999439e-01,1.066830407208183340e+00
6.804850101469999135e-01,9.382431598443287113e-01
7.610610127449999318e-01,8.565922998990943560e-01
8.075709938999999782e-01,8.403469942197504539e-01
5.886639952659999953e-01,8.651495488627661823e-01
9.960750937460000065e-01,8.010517989437287989e-01
1.045413970949999882e+00,9.216350168987760272e-01
4.713059961800000197e-01,9.877543128538187611e-01
1.047140955920000005e+00,8.135743729231268428e-01
1.126214265820000060e+00,9.464899322435711415e-01
2.560461759570000329e+00,1.040376428996456104e+00
7.747610211370000721e-01,1.672583248842464565e+00
7.172060012819999608e-01,1.234471462412640497e+00
8.005080223080000001e-01,1.055078411489008605e+00
5.680390000339999856e-01,8.570488690190025682e-01
1.195780038829999947e+00,7.940857445260968150e-01
7.970449924470000003e-01,1.004065346500266243e+00
4.899359941480000979e-01,9.385665025077705170e-01
9.918130040170001216e-01,8.007293787415988850e-01
7.445690035819999553e-01,9.180326466194957957e-01
6.096370220180000743e-01,8.900452976706801911e-01
8.565919995309999591e-01,8.083218590221857847e-01
8.144299983980000102e-01,8.692828339075792110e-01
7.605929970739999657e-01,8.823668466583957093e-01
9.157519936560000184e-01,8.538128713519053115e-01
7.421634793279999753e-01,9.009929275837615936e-01
7.329360246660000522e-01,8.610281794339612604e-01
8.745691180230000805e-01,8.397515089429110624e-01
9.644910097120000803e-01,8.848259633097007582e-01
1.477671980859999845e+00,9.318493929605555781e-01
6.752679944040000937e-01,1.140770488885757272e+00
5.030400156970000758e-01,9.409400658906558190e-01
7.066659927370000371e-01,8.310869492798270697e-01
2.968195915220000369e+00,8.083685982611661380e-01
1.255300998690000114e+00,1.957701644728891299e+00
4.084815025330000182e+00,1.522424856276242799e+00
1.692322969440000158e+00,2.435077142013959861e+00
4.121052026750000041e-01,1.899806880859636449e+00
1.035750985149999970e+00,1.286313189652470435e+00
6.408920288089999806e-01,1.007908866264712433e+00
7.065470218660000468e-01,8.749289469716013956e-01
1.060830354689999977e+00,8.315554400966264081e-01
1.880954027180000043e+00,9.591595975884195102e-01
1.886373996729999725e+00,1.354066413794897672e+00
1.328773975370000082e+00,1.433272005617451716e+00
3.931840062139999592e-01,1.217825994641775766e+00
6.382430195809999374e-01,9.158362458756149627e-01
1.045531988140000035e+00,8.430481881349707329e-01
6.588029861449999913e-01,9.698669017235773682e-01
8.046740293499999863e-01,8.625704006879270080e-01
8.740410208700001293e-01,8.631073468819475680e-01
8.532550334930000258e-01,8.944917476346785357e-01
8.952109813689997919e-01,8.905385358791219064e-01
7.301589846610000434e-01,9.016853588646962514e-01
4.149410128589999802e-01,8.538646682568969970e-01
2.700940072540000125e-01,7.531731746887935230e-01
4.911319911480000466e-01,6.802245538060208707e-01
5.079169869420000483e-01,7.170028598839661704e-01
1.224020004270000017e+00,7.481382249081612867e-01
1.267657995220000222e+00,1.035329817803016805e+00
2.633487939829999736e+00,1.119917472291688476e+00
3.999615430829999596e+00,1.704760124612478833e+00
6.651418209080000032e+00,2.552713605188430268e+00
2.102678060530000170e+00,4.049790016356196176e+00
1.283689975739999989e+00,2.504021272026862199e+00
1.291347503659999951e+00,1.879123467048489760e+00
1.353754043579999733e+00,1.150287751187119900e+00
2.390191078189999985e+00,1.107228224116792781e+00
1.461441040039999972e+00,1.583597122807305135e+00
1.599208951000000045e+00,1.363643758425839403e+00
1.471150994300000070e+00,1.296684782936055047e+00
1.298205018039999992e+00,1.202597328654186448e+00
1.579622030259999921e+00,1.126826587943194458e+00
1.360355019570000268e+00,1.204735014439792140e+00
8.036410212519999874e-01,1.157182757498304237e+00
4.276689887049999750e-01,9.678324760096024271e-01
2.694070041180000041e-01,8.069477619017699777e-01
3.897170126439999938e-01,6.889579159459953139e-01
4.179170131680000067e-01,6.808397693420229491e-01
1.546036005019999937e+00,7.023234581413116961e-01
1.017611026760000037e+00,1.208145678460892603e+00
8.653150200839999640e-01,1.106942074937607323e+00
6.194109916690000439e-01,9.427836650351367753e-01
8.454149961469999974e-01,8.242387924346875616e-01
8.048596382139999728e-01,8.671594318075359631e-01
1.435889005660000217e+00,8.769844412225722419e-01
2.565752029420000024e+00,1.114632289922942388e+00
6.206179142000000759e+00,1.721819871506071742e+00
9.309499859810000943e-01,3.775576293801151007e+00
9.077759981159998492e-01,2.210703198842312922e+00
4.609797894950000141e-01,1.783822757278883397e+00
5.264570117000000327e-01,7.879790589088303543e-01
7.942249774930000283e-01,7.626159931562903616e-01
9.704009890560000295e-01,8.483657580806340803e-01
6.695889830590000535e-01,9.389131812264928101e-01
6.997730135920000594e-01,8.472302417078341197e-01
6.903669834139999351e-01,8.268944306422242319e-01
6.361600160600000553e-01,8.187789670466124603e-01
9.726700186730000697e-01,8.002601036013538005e-01
6.393389701839999884e-01,9.165188459767780182e-01
5.123779773709999930e-01,8.437697111103671377e-01
5.699130296709999932e-01,7.735104553789122761e-01
8.318089842800000522e-01,7.615545178827782813e-01
4.694110155110000071e-01,8.636212683218471575e-01
9.054309725759998040e-01,7.747002780355749518e-01
8.482750058169999940e-01,8.843630334618525213e-01
6.566630005839999562e-01,9.129101243673951593e-01
6.324055790899999474e-01,8.278103044466378346e-01
3.268550038340000130e-01,7.996619099985075030e-01
3.047409951689999952e-01,7.086325039088428035e-01
2.159480005499999911e-01,6.735543859534367517e-01
2.148479968310000043e-01,6.269610721552935084e-01
1.512310057880000003e-01,6.170307552125099404e-01
4.153338372709999837e-01,5.956268778976756550e-01
7.344200015070000420e-01,6.890868130122219659e-01
9.913370013240001555e-01,8.495104809929104883e-01
7.910000085830000138e-01,9.524243399720108139e-01
7.429170012469999973e-01,8.881277175796623569e-01
7.426548600200000294e-01,8.498429751844220892e-01
8.799139857289999256e-01,8.402209538337150896e-01
7.376829981800000491e-01,8.875979797183397579e-01
1.240342974660000097e+00,8.550503805018530024e-01
8.343409895899999151e-01,1.025208820913555696e+00
3.054729998110000122e-01,9.445297588465243477e-01
8.929460048680000206e-01,7.744388047691166399e-01
1.285866022110000007e+00,8.826366381723238508e-01
4.146400094030000538e-01,1.113997686852159275e+00
1.090137004850000091e+00,8.465336061406104617e-01
5.923830270769999684e-01,9.807732064522057813e-01
3.773260116580000045e-01,8.726684393987514943e-01
2.693597316740000469e+00,7.521582947334904956e-01
2.288666009900000020e+00,1.802979683909296638e+00
8.955270051960000366e-01,1.875539226130341630e+00
8.070570230480000884e-01,1.232974983486108567e+00
1.194862961769999954e+00,1.027224829465585243e+00
8.929409980770000033e-01,1.009355278877063222e+00
9.776080250740001309e-01,9.497665887537305451e-01
1.832507014270000179e+00,9.390615238704798085e-01
1.403792977329999747e+00,1.306921925317809929e+00
7.223749756810000644e-01,1.238476940193763864e+00
6.599410176280000595e-01,9.794795033395684580e-01
7.407349944109999917e-01,8.582165476922906100e-01
5.553659796709999874e-01,8.315799080975355695e-01
1.236768960949999885e+00,7.821526221000163481e-01
6.214020252229999208e-01,1.024046575462857156e+00
7.108730077739999764e-01,8.988115191691365968e-01
3.064779937269999643e-01,8.498466473659909148e-01
6.473349928859999380e-01,7.151157384085176094e-01
5.458269715310000159e-01,7.845219169324667563e-01
1.024247765539999966e+00,7.818380797393288395e-01
8.176820278170000567e-01,9.353110023086255165e-01
7.440620064740001149e-01,9.146115013295638141e-01
7.367150187490000279e-01,8.539492271178847904e-01
5.768560171130000525e-01,8.387043127377756813e-01
9.152600169180000744e-01,7.884183015758481350e-01
1.137029051779999911e+00,8.899723927145981595e-01
4.960080087179999930e-01,1.015010914984197710e+00
4.941360056399999312e-01,8.328336127644911935e-01
8.834533095360000976e-01,7.802928471670442789e-01
1.271524906160000024e+00,8.813700760285197999e-01
8.864369988439999570e-01,1.078387975618717798e+00
8.988280296330000141e-01,9.576737951267938476e-01
9.049779772759998231e-01,9.188550981784053828e-01
8.299319744109999730e-01,9.095130510455315953e-01
8.756300210950000995e-01,8.857443097800875575e-01
5.502920150760000073e-01,8.929398697516168770e-01
1.073919415470000027e+00,8.012699612761772228e-01
8.491920232770000521e-01,9.520253534313645183e-01
6.393229961399998773e-01,9.335497192705561886e-01
7.995309829709998928e-01,8.308303225755865329e-01
9.646000266079999275e-01,8.519093716686330087e-01
8.413559794430000016e-01,9.288240309712093579e-01
7.011449933050000194e-01,8.980710807139041796e-01
7.240070104600000445e-01,8.414404108685612504e-01
1.010308027270000020e+00,8.312579967837754324e-01
6.538060307499999890e-01,9.368426238043484622e-01
7.932850122450000319e-01,8.509459929229349351e-01
6.538396477699999210e-01,8.572123951833363620e-01
1.160789966579999888e+00,8.189459845109057223e-01
8.085789680480000019e-01,9.912306830047012962e-01
3.743770122530000188e-01,9.275789073683023966e-01
2.556999921800000020e-01,7.754047545944500186e-01
4.893150031570000502e-01,6.847646138844248886e-01
1.151844024660000132e+00,7.159542509870359117e-01
7.372779846189999597e-01,1.031070632601797765e+00
1.088750958439999916e+00,9.195554632170097609e-01
1.975852966309999958e+00,9.679648622378997924e-01
8.547700047490001118e-01,1.399850196635466837e+00
7.977370023729999371e-01,1.097886738741652213e+00
1.052428960799999924e+00,9.744249394832776856e-01
3.179450988770000208e+00,9.538063272899789391e-01
1.797067999840000541e+00,2.033483112626609302e+00
1.056702017779999947e+00,1.703664387986154161e+00
8.751260042189999977e-01,1.268078749289133444e+00
6.645399928090000019e-01,9.772970566982542850e-01
7.571684122089999969e-01,8.390327572631151032e-01
1.368484020229999931e+00,8.401396148793206509e-01
9.052469730380000579e-01,1.094548113771999898e+00
1.032060980800000083e+00,9.900307108731347672e-01
6.141330003739999821e-01,9.680157274444074478e-01
9.733130335809999645e-01,8.419955470901843153e-01
6.452289819719999597e-01,9.182416646540979555e-01
4.894390106200000035e-01,8.467090262119273403e-01
8.408679962160000576e-01,7.683546051678623590e-01
7.771940231319999226e-01,8.583405944587860770e-01
6.755350232119999854e-01,8.756611324437341137e-01
6.592059731480000018e-01,8.236456259437436866e-01
1.084153056139999904e+00,8.070647971849538305e-01
9.314100146290000826e-01,9.640560465306230453e-01
1.359479665760000122e+00,9.535087226060154908e-01
7.633988261220000515e-01,1.079629997619904636e+00
5.357339978220000409e-01,9.386485300907234652e-01
6.781889796259998882e-01,8.260962184386447804e-01
7.839810252189999273e-01,8.024647764370800296e-01
1.169367671010000054e+00,8.536578059606594326e-01
1.015287995340000027e+00,1.007587180749782485e+00
9.259430170060000131e-01,9.868009942904143461e-01
1.319244027140000108e+00,9.318911352119120250e-01
9.717460274700000511e-01,1.063902138286911603e+00
1.176299691200000108e+00,9.900830891401501965e-01
1.714609026910000056e+00,1.016373706748439298e+00
1.307337045669999975e+00,1.260161008877912048e+00
6.186890006069999393e-01,1.167367718890709449e+00
2.298435926440000276e+00,9.331692797422825869e-01
1.808241009709999680e+00,1.519423246655101645e+00
8.794149756429999742e-01,1.542921287292422949e+00
1.570945024490000064e+00,1.118513625300825431e+00
1.578516006470000121e+00,1.200422533606490205e+00
6.200309991839999535e-01,1.262569315483244692e+00
9.928810000419999726e-01,9.624333189363020180e-01
4.551869928839999968e-01,9.716276148057144679e-01
1.017398953439999865e+00,8.004833877961508026e-01
8.378469943999999892e-01,9.329976048312288439e-01
4.884769916529999589e-01,9.296786398146235086e-01
1.246340990070000210e+00,7.897154488441745501e-01
1.209630966189999990e+00,1.025575771464312558e+00
1.252451062200000020e+00,1.103312233756611915e+00
1.519726991650000025e+00,1.057124070409927619e+00
1.063797950739999942e+00,1.171160317416740870e+00
1.571495056150000069e+00,1.048007139158947165e+00
1.278105020519999968e+00,1.185198354555126121e+00
1.192077994349999948e+00,1.132482374895720456e+00
8.304439187050000060e-01,1.064992570157314855e+00
1.402015686039999931e+00,9.306605316493525848e-01
1.156504034999999986e+00,1.093893987023065284e+00
1.162554860120000200e+00,1.072645905084545825e+00
6.007519960399999581e-01,1.029873163907572664e+00
1.253835797310000055e+00,8.657978448637633218e-01
1.791844010349999960e+00,1.030726605435742460e+00
1.734062552449999961e+00,1.343193651177286174e+00
4.939970970150000085e+00,1.341496451693749314e+00
2.394351005549999911e+00,2.946766791410273090e+00
2.212575912479999740e+00,2.305302098087018248e+00
1.886527061460000265e+00,1.857967243022701442e+00
9.343829751010001017e-01,1.482434499577171660e+00
9.099829792979999832e-01,1.134289446866839857e+00
8.112999796870000724e-01,9.920420535125665795e-01
1.049708962440000004e+00,8.807261167597533191e-01
1.351788043980000076e+00,9.529354441593191893e-01
1.277305960659999906e+00,1.097922080003113532e+00
7.854449748989998925e-01,1.092123596628899129e+00
4.846229851250000165e-01,9.353565951756479535e-01
6.676359772680000582e-01,8.072336511562616668e-01
8.322510123249999836e-01,7.975574119946643448e-01
5.959370136259999340e-01,8.743013016687843919e-01
3.410890102390000123e-01,8.070210056541698984e-01
6.860110163689999707e-01,7.186768275108020854e-01
8.153510093690000682e-01,7.946057519330667063e-01
3.985430002210000322e-01,8.837058906684940318e-01
6.998159885410000225e-01,7.533865175526465174e-01
4.263690114019999533e-01,8.083592275618475265e-01
6.866139769550000382e-01,7.466469266729398591e-01
1.826770007609999913e-01,7.987958697850658929e-01
7.018824815749999946e-01,6.874477996437906580e-01
1.796682000159999681e+00,8.084076875057091272e-01
7.204269766809999753e-01,1.375257024887050594e+00
4.680640101429999755e-01,1.048095382735238612e+00
6.408870220180000743e-01,8.738669362847851785e-01
7.520520091060001189e-01,7.850874901476352363e-01
1.001817584040000098e+00,8.417590927128127953e-01
1.660804033279999814e+00,9.387815689601595182e-01
1.450595021250000061e+00,1.237961110779187024e+00
1.085010051729999869e+00,1.218059411774610412e+00
1.099555015560000015e+00,1.061327073188001791e+00
7.694180011750000325e-01,1.007162566075482824e+00
1.254430413249999932e+00,8.950845561245651671e-01
1.496320962910000052e+00,1.030573426854962227e+00
7.186369895940000196e-01,1.188200961751358031e+00
8.902019858359999649e-01,9.536714686082767845e-01
9.891759753229998342e-01,9.308659000305155029e-01
2.849014520649999938e+00,9.433939633220637111e-01
4.281075000759999583e+00,1.838308391256257002e+00
1.248739004139999942e+00,2.769883695488245756e+00
7.096589803699999699e-01,1.734586034407346933e+00
7.497439980509998936e-01,1.364845973855383532e+00
8.907449841500001408e-01,8.646281008330427564e-01
1.469527959819999952e+00,8.930144485860541659e-01
1.608888030049999918e+00,1.141224062208481271e+00
1.043460965159999976e+00,1.257104076956178762e+00
1.184751033780000018e+00,1.064022635976023645e+00
5.063725113870000127e-01,1.045979225071639540e+00
6.946156024930000283e-01,8.456246627472786548e-01
9.299110174179999744e-01,8.384451494055005227e-01
7.754629850390000190e-01,9.141201169570438712e-01
8.564696311949999696e-01,8.755787430998448473e-01
9.269009828569999554e-01,8.822994001727589852e-01
7.506660223010001021e-01,9.147153253667300588e-01
9.248849749570000611e-01,8.640541280790349221e-01
1.070162653919999984e+00,9.037814330595612677e-01
8.752880096439998869e-01,9.759312575292948821e-01
7.511039972310000756e-01,9.205466364702719062e-01
8.627579808239999037e-01,8.633572744283279921e-01
5.096570253369999692e-01,8.816832782219280462e-01
8.495249748229999343e-01,7.880689212987060932e-01
6.711369752879999817e-01,8.648675148942556179e-01
6.132180094720000030e-01,8.396411813207650399e-01
3.810549974440000098e-01,7.953048105257103373e-01
8.710420131680000067e-01,7.192597060597124559e-01
6.540319919589999698e-01,8.691064924933438185e-01
9.089673757550000843e-01,8.495616261717348072e-01
9.709029793739999414e-01,8.916870467986299786e-01
9.856920242309999969e-01,9.427151037301730874e-01
1.356256246570000101e+00,9.442750257277854331e-01
1.309872984889999925e+00,1.084665940287025787e+00
6.344919800760000506e-01,1.108910156949896031e+00
5.933508276940000492e-01,9.063641629656778997e-01
8.796380162239999523e-01,8.279753581238625815e-01
1.131836414339999930e+00,8.789049202659817706e-01
1.841274023059999987e+00,1.007373486252194583e+00
2.261745929719999992e+00,1.323047505556859127e+00
2.597975969309999744e+00,1.588341382264794044e+00
2.399192094800000064e+00,1.768075881708821795e+00
1.982298016549999931e+00,1.732558452212064060e+00
2.269547939300000206e+00,1.553991902768568023e+00
2.017889976500000238e+00,1.598061273577223051e+00
1.452262043950000026e+00,1.527302209552905188e+00
1.342797994609999934e+00,1.301285578596483417e+00
1.311915040020000145e+00,1.172706489336494462e+00
1.276762008670000226e+00,1.105414288129531020e+00
1.275267004970000118e+00,1.083073739385976619e+00
1.210446000100000141e+00,1.076246174184424476e+00
8.153480291369999966e-01,1.051974458783057731e+00
7.271119952200000291e-01,9.291679746433072484e-01
6.043019890790000126e-01,8.608145686173036548e-01
9.830358624459998307e-01,7.968582470299580001e-01
1.101529002189999940e+00,9.180538930759226668e-01
1.183724999429999869e+00,1.006269764034561698e+00
4.356400072569999726e-01,1.026681890044052858e+00
3.270040154459999959e-01,8.336383165828936681e-01
8.039849996569999879e-01,7.511206061896591457e-01
4.216859936710000145e-01,8.463627221462749484e-01
5.734559893609999515e-01,7.726420059505196836e-01
3.959457874300000291e-01,7.665850678784440486e-01
4.163750112060000119e-01,7.149434868586024283e-01
5.603970289230000290e-01,7.028941297414698086e-01
7.749050259590000156e-01,7.514206051627932981e-01
6.370840072629999629e-01,8.464433364470733689e-01
3.839260041709999793e-01,8.140664357240831039e-01
5.648739933969999516e-01,7.281530613754103598e-01
1.054715037350000051e+00,7.527748550891076862e-01
6.537709832190000681e-01,9.704279948162529701e-01
5.931029915809999942e-01,8.678509144152397603e-01
1.022608995439999946e+00,8.020322550786088689e-01
8.359869718549999273e-01,9.361347461781505119e-01
6.375340223309999832e-01,9.163351934491633655e-01
9.755985140800000899e-01,8.261002673168628130e-01
4.898079931740000337e-01,9.154670202691794767e-01
1.098647952079999879e+00,8.046096396529600625e-01
1.151165962220000116e+00,9.637908638742042067e-01
8.061249852179999120e-01,1.055676125030367674e+00
4.744769930840000427e-01,9.124827433711523161e-01
7.896029949189999897e-01,7.939984634618340031e-01
4.762530028820000094e-01,8.404895740922551095e-01
5.455229878430000179e-01,7.728489299490690634e-01
6.212809681889999158e-01,7.589644947376014139e-01
7.707700133319999036e-01,7.828218066719413448e-01
9.337069988249999675e-01,8.424963474674072028e-01
8.110550045970000843e-01,9.150889616296775664e-01
6.005529761310000048e-01,8.849304668462402157e-01
1.002521038060000036e+00,8.093785613957089620e-01
8.921650052070000392e-01,9.245510241569161458e-01
9.160850048069999474e-01,9.315987369855431854e-01
7.413420081139999729e-01,9.129765580073114783e-01
9.283249974250000758e-01,8.600245062607811963e-01
6.429409980770000033e-01,9.042369974515711561e-01
9.950090050700001187e-01,8.339619144454500921e-01
6.271365880970000140e-01,9.238602145971525070e-01
1.038689017300000073e+00,8.440219805749676896e-01
6.888009905820000611e-01,9.413434213420108776e-01
5.214130282399999095e-01,8.705983291072498798e-01
6.510270237919999481e-01,7.848845495848515430e-01
1.159701943399999990e+00,7.902869160152463657e-01
6.456400156020000169e-01,1.007656731062078981e+00
1.195862650870000099e+00,8.807242610485433998e-01
1.304703950880000018e+00,1.007372298980979908e+00
8.844429850579998975e-01,1.112813060175279034e+00
7.697709798810000725e-01,9.587148126468439946e-01
7.702100276950000213e-01,8.848697493908627143e-01
6.418280005459999771e-01,8.529134924716851307e-01
8.937159776689999058e-01,8.117000090191001105e-01
5.247250199319999364e-01,8.848856833876465044e-01
5.142210125920000374e-01,7.980941358529992646e-01
7.172748446459999982e-01,7.604459427071856847e-01
6.410769820210000525e-01,8.141173098588597723e-01
4.689820110800000386e-01,8.091455885227426537e-01
1.203750014310000171e+00,7.467232779922483576e-01
7.911959886550000709e-01,1.013922860192809861e+00
1.136301159859999910e+00,9.495387387131857260e-01
8.642929792399999256e-01,9.890474805213652632e-01
8.814030289650001126e-01,9.316957113385707645e-01
5.817409753800000249e-01,9.040519836575654500e-01
8.651199936869999885e-01,8.108534158947531267e-01
9.078124761579998703e-01,8.730345748475414336e-01
7.377740144730000615e-01,9.189027018236216593e-01
1.120375037189999867e+00,8.577666183440018077e-01
9.422479867940000142e-01,9.758344800799632068e-01
1.060060024260000011e+00,9.573281340127742789e-01
7.158420085910000008e-01,9.671271585211957955e-01
4.040209949019999969e-01,8.730234509406172849e-01
2.920779883859999648e-01,7.628541196799999424e-01
6.317924261089999938e-01,6.827891486150384770e-01
1.124665260310000026e+00,7.736682455924638324e-01
1.115690946580000009e+00,1.019249967059892681e+00
1.247418999670000028e+00,1.029060048859249399e+00
6.976169943809999996e-01,1.047545021203724058e+00
3.693974971769999893e+00,9.004376240235369977e-01
8.204839825630000361e-01,2.279174956871765634e+00
8.573070168499999921e-01,1.642454059125844745e+00
6.902359724040000311e-01,1.294744584701552625e+00
8.385969996449998964e-01,8.371072585251296827e-01
1.287726998329999928e+00,8.687238632541105510e-01
9.632229804990000144e-01,1.061408133005035115e+00
1.343299984930000024e+00,9.864652664691051509e-01
7.316169738770000874e-01,1.076860289920350766e+00
6.809219717980000697e-01,9.264606021519846690e-01
7.014784216880000089e-01,8.568348909206837671e-01
6.698030233380000142e-01,8.203987284013599668e-01
1.365643024439999964e+00,8.121704765955847227e-01
9.781420230869999344e-01,1.086881789494682726e+00
6.786789894100000442e-01,1.020249471410736408e+00
5.976330041890000055e-01,8.750294477252932301e-01
8.193774819369999962e-01,7.989254570207190431e-01
7.911109924320000042e-01,8.551554456119989656e-01
1.044147372249999872e+00,8.699016267049525242e-01
1.400015950200000026e+00,9.509702001941452432e-01
8.748620152470000244e-01,1.119576752187020796e+00
6.228179931639999944e-01,9.732669545440977288e-01
7.164059877399998610e-01,8.570755350423339136e-01
6.523500084880000660e-01,8.243116703634498776e-01
9.379299879070001067e-01,8.089956182555776421e-01
5.936999917030000296e-01,9.030879755198373271e-01
5.393440127369999448e-01,8.241101724376983517e-01
9.370089769359999377e-01,7.746016077438626635e-01
8.087720274930000341e-01,9.007519562621602027e-01
5.654280185700000239e-01,8.974468870842210455e-01
6.020820140839999723e-01,8.001777189939546231e-01
1.146679997439999932e+00,7.820085527591134067e-01
9.824249744419998320e-01,9.956317100151770294e-01
5.671510100359999917e-01,9.869588352748496218e-01
7.866399884220000027e-01,8.327867496379685042e-01
7.388439774510000557e-01,8.502145684700163075e-01
6.810299754140000106e-01,8.490784108506482797e-01
7.086979746820000203e-01,8.202669065304820650e-01
6.642330288889999323e-01,8.228258338037967023e-01
5.124790072439999733e-01,8.111886369723785295e-01
6.040380001070000393e-01,7.609019078139790393e-01
6.728799939159999521e-01,7.733674114423989554e-01
8.265414834020000656e-01,8.061319551888143087e-01
4.546860158439999799e-01,8.657658341467815433e-01
5.594509840010000179e-01,7.684096950888101851e-01
1.332218050960000122e-01,7.649467287380006253e-01
1.633069962260000063e-01,6.538059839445660160e-01
1.797860413789999778e-01,6.327679711986446964e-01
5.747918486599999932e-01,5.984986596269767922e-01
8.508148789409999413e-01,7.665140686394278369e-01
8.527640104289999634e-01,9.097495626406069125e-01
1.687628030779999788e+00,8.973974999168539135e-01
2.149522066120000297e+00,1.233806884197399256e+00
8.122850060459999577e-01,1.539812778386215664e+00
1.239639997479999867e+00,1.124008505791697754e+00
2.128437280650000041e+00,1.123489819289481551e+00
2.139239072800000141e+00,1.480232310960651443e+00
9.779880046840000452e-01,1.573483420269258026e+00
6.937779784199998856e-01,1.180795049858261780e+00
7.218790054320000094e-01,9.798764852259306268e-01
7.631160020829999002e-01,8.355187410049091934e-01
8.565329909319999713e-01,8.453023894207647437e-01
1.109338045120000116e+00,8.815748889450304437e-01
6.476340293879999654e-01,9.838095844650698307e-01
9.241870045660001143e-01,8.635207492106413696e-01
7.877320051189998784e-01,9.057579116879346248e-01
1.305567026139999864e+00,8.809344464080979265e-01
9.107710123060001051e-01,1.053515388801884223e+00
8.699640035629999657e-01,9.768462737845153843e-01
5.743020176890000217e-01,9.145318668783932736e-01
8.599532246590000373e-01,8.087403776248039966e-01
4.775849878790000558e-01,8.705894206480883080e-01
1.108017444610000179e+00,7.818181990485553179e-01
1.290724992749999966e+00,9.660222633520233471e-01
8.591579794879999898e-01,1.116058235058237091e+00
3.058980107309999807e-01,9.486598174543749984e-01
9.039019942279998832e-01,7.824468170916258902e-01
6.352750062940000220e-01,8.879386509047840770e-01
1.023422956470000145e+00,8.592701987428836841e-01
6.730669736859999919e-01,9.340660780912370953e-01
8.504790067669999454e-01,8.627149979294602700e-01
5.141969919200000128e-01,8.773241699897209589e-01
1.527956604959999964e+00,7.874044133707172044e-01
4.094385623930000051e+00,1.154366254367859224e+00
9.952359795569999390e-01,2.613469355559804530e+00
8.670449852940000923e-01,1.694334727246812333e+00
1.141056060789999993e+00,1.365615230024074922e+00
1.622257947919999888e+00,9.902623196600787159e-01
1.980204939840000344e+00,1.221913318864947140e+00
1.375547051430000112e+00,1.426154724992521050e+00
1.851865053179999610e+00,1.241107693806092094e+00
1.420923948290000016e+00,1.348500106726846282e+00
1.589177966120000285e+00,1.230530163011407163e+00
1.673199415210000041e+00,1.241552798471139196e+00
2.123934030530000072e+00,1.279605390180114544e+00
1.648401975629999905e+00,1.482338530122705222e+00
1.204741954800000014e+00,1.362665775762575970e+00
7.920839786529999538e-01,1.163368165192080861e+00
1.227027416229999890e+00,9.522070236045950820e-01
1.226951003070000157e+00,1.023040465450660408e+00
1.131343960759999989e+00,1.071823494453134629e+00
1.252465009690000075e+00,1.019240984939802308e+00
1.116891980170000132e+00,1.050427247567062405e+00
1.122387051579999850e+00,1.018191098195424971e+00
1.040153026579999862e+00,1.005362026420723254e+00
8.091310262680000420e-01,9.773507042610104500e-01
7.681059837340000751e-01,8.993043529288038407e-01
7.982919812199998910e-01,8.610156846787270224e-01
7.666722536090000428e-01,8.610101787189939904e-01
1.057360053060000027e+00,8.538467973529163535e-01
8.607699871060000563e-01,9.549111300338885000e-01
1.070777058600000053e+00,9.190230330017794547e-01
5.301510095600000527e-01,9.642544003362416571e-01
6.604189872739999467e-01,8.281451577715488455e-01
9.909179806709998983e-01,8.172800420063476290e-01
3.561530113220000016e-01,9.344039644818750157e-01
9.618239998819998471e-01,7.775179120334512195e-01
1.244829058649999931e+00,9.146441112237305715e-01
8.381230235100001202e-01,1.095358445322242247e+00
9.245989918709999200e-01,9.364122395921886666e-01
8.131660223010001021e-01,9.219877903372372119e-01
1.003061056139999963e+00,8.830929272192262758e-01
8.752340078350000496e-01,9.358744590099703498e-01
7.991399765009998823e-01,9.138758600842330493e-01
8.812961578369999938e-01,8.747769474659040645e-01
1.063080191609999892e+00,8.919647326449255953e-01
9.057049751279999672e-01,9.664610587343017700e-01
6.909559965129999926e-01,9.299930977069569282e-01
1.355970025060000195e+00,8.495753850592425716e-01
7.572399973869999856e-01,1.072897294854641359e+00
2.043754577640000125e+00,9.499335760962982489e-01
8.576130270960000690e-01,1.388784747609807191e+00
2.364957094190000220e+00,1.143075976816216199e+00
4.179231166840000178e+00,1.560221100882672518e+00
2.233561992649999883e+00,2.672925585284734229e+00
8.013390302660000630e-01,2.000220029645217057e+00
8.372840285299999463e-01,1.393201436339045918e+00
8.851529955859999133e-01,1.024707000526893896e+00
9.040349721909999303e-01,8.974441399876555980e-01
1.302939534190000082e+00,9.083563544700843373e-01
7.228699922560000157e-01,1.060270729461578076e+00
8.009120225910000279e-01,9.178026815286171036e-01
1.032919287679999965e+00,8.847343827978854103e-01
1.321628212929999879e+00,9.509407136223886337e-01
9.367759823799999275e-01,1.084329901811287966e+00
7.007700204850000336e-01,9.763514235027673793e-01
7.624319791789999634e-01,8.727450970755259441e-01
1.144938945770000105e+00,8.465643807857521352e-01
7.721610069269999599e-01,9.943593565346262597e-01
8.772150278090000697e-01,9.068889450070762859e-01
1.243505001070000171e+00,8.973890965025490551e-01
6.381840109830000385e-01,1.039598853246895382e+00
7.468199729919999807e-01,8.857419835979741807e-01
6.839929819109999976e-01,8.610206362995865836e-01
1.419505119320000119e+00,8.227507272258437476e-01
6.141470074649999500e-01,1.109000937166757961e+00
7.347676754000000976e-01,9.285373605965807631e-01
6.770560145379999062e-01,8.771518488705544181e-01
1.074026942249999950e+00,8.195665031706309556e-01
6.156389713290000287e-01,9.582037152539177871e-01
9.692379832270000550e-01,8.541125222024296137e-01
9.916120171550001361e-01,9.187740118344777107e-01
8.089560270310000023e-01,9.612617011533612921e-01
2.435143947599999859e+00,8.900305071309778659e-01
8.223479986189999869e-01,1.603460284540587866e+00
5.938220024110000272e-01,1.239549996424980094e+00
5.762249827380000466e-01,1.007492162656447476e+00
4.224239885809999429e-01,7.770263015680614060e-01
6.765879988670000511e-01,7.226888661381228873e-01
5.520349740979999531e-01,7.927670050973909532e-01
9.015229940410000031e-01,7.790147330268005765e-01
7.489960193629999763e-01,8.843182937916752584e-01
8.627583980560000754e-01,8.705821221903529139e-01
9.480749964710000199e-01,8.818768863020315374e-01
1.055613875389999956e+00,9.239038840044793144e-01
1.970020055770000056e+00,9.678521301750587780e-01
9.391199946399999554e-01,1.374962622450840444e+00
1.009042978289999892e+00,1.119812153463690452e+00
7.824029922490001177e-01,1.030832222007263210e+00
1.016265034679999957e+00,8.843522749785867054e-01
8.782749772069999850e-01,9.393581462506104263e-01
7.353619933130000064e-01,9.178490988018834784e-01
1.109990954399999952e+00,8.568903451582468023e-01
7.727199792860000027e-01,9.719777556993319800e-01
1.164981961250000086e+00,9.021491108411517912e-01
7.157210111620000426e-01,9.959430342444755002e-01
1.475479006770000101e+00,8.941411079092703718e-01
8.354520201680000202e-01,1.123454439644359981e+00
7.344660162930000125e-01,9.964629635570207977e-01
7.861927747729999805e-01,8.899342307578476108e-01
1.143465042110000107e+00,8.541255816040568272e-01
9.246990084649998609e-01,9.934955417579711678e-01
2.958764553069999970e+00,9.523151920077050914e-01
2.138324022289999959e+00,1.873435041148016067e+00
2.038712024690000124e+00,1.787367590903115699e+00
1.480209946629999829e+00,1.564820901747640658e+00
9.367650747299999248e-01,1.304869771897526398e+00
1.715939760209999942e+00,1.061504568759599865e+00
1.001402020450000041e+00,1.240209890852665975e+00
8.896229863169999863e-01,1.082364048704973936e+00
7.492939829829999843e-01,9.675004781511751251e-01
1.115183949470000213e+00,8.615285557523137960e-01
9.457820057870000019e-01,9.745667367030259598e-01
6.452180147170000213e-01,9.569243883780788051e-01
1.164842009540000056e+00,8.449724997592756859e-01
1.244351029399999975e+00,9.904679781186784826e-01
9.045109748840001185e-01,1.083857684329668336e+00
5.575259923929999362e-01,9.541322544878105827e-01
5.778343677520000332e-01,8.295348025313018514e-01
7.199835777280000348e-01,7.805261238336094198e-01
7.607790231700000128e-01,8.192091069017979343e-01
5.404400229450000426e-01,8.477738276488371305e-01
8.009672760959999360e-01,7.809912367814515477e-01
7.710149884220000027e-01,8.454786835225461816e-01
6.709719896319999988e-01,8.638250844304040665e-01
2.768970489500000021e+00,8.208893173467144422e-01
3.086133003230000060e+00,1.808683457794285854e+00
1.116358041760000086e+00,2.198670949199116542e+00
1.018260955809999979e+00,1.432591324568887270e+00
7.442610263819999794e-01,1.213349572026011458e+00
1.114386796949999869e+00,8.789078010901607563e-01
1.380516409870000238e+00,9.739811154550268579e-01
1.229098439219999950e+00,1.123090870859810630e+00
1.573238968849999919e+00,1.076759402836356516e+00
1.245597958560000107e+00,1.192653987058016618e+00
8.298619985580000247e-01,1.116268613099318463e+00
5.376980304720000436e-01,9.586289966975360954e-01
8.593800067899999284e-01,8.186436109275894157e-01
7.949647903440000274e-01,8.681645405546291050e-01
8.122889995569999577e-01,8.807828187768259598e-01
1.209460973739999945e+00,8.684395363756941544e-01
1.043611049649999956e+00,1.019448199234014307e+00
9.914460182189999138e-01,1.001032815996649061e+00
1.377645969390000058e+00,9.559188274893735127e-01
7.495359778399999229e-01,1.091544251623805639e+00
7.549669742579999676e-01,9.371821327862419615e-01
8.522210121150000095e-01,8.806074661925280544e-01
1.312628030780000010e+00,8.786946083655193807e-01
9.499999880789999906e-01,1.068356354299968558e+00
8.433979749680000637e-01,9.861173320726203118e-01
6.329939961430000039e-01,9.104817290162626753e-01
6.848490238189999246e-01,8.222933202451252477e-01
8.296039700509999504e-01,8.136854686628379740e-01
1.117776036259999994e+00,8.669253792346259813e-01
1.060515046120000138e+00,9.894393460867065837e-01
9.966710209850000446e-01,9.918450838583726670e-01
6.726049780850000825e-01,9.568474625530229982e-01
8.499810099600000335e-01,8.553974745523167389e-01
7.929700016980000266e-01,8.758726780460492911e-01
7.509549856190000927e-01,8.710711500711765254e-01
9.556260704989999466e-01,8.484901858318988355e-01
6.085839867589999397e-01,9.151109520615365867e-01
7.782499790189999489e-01,8.286973323489031928e-01
5.098140239720000411e-01,8.474009450673932742e-01
6.364319920540000286e-01,7.753968787563924048e-01
6.015599966049999248e-01,7.880629669531374892e-01
6.556333899499999784e-01,7.852798533782627821e-01
6.385549902920000243e-01,7.974344123138960017e-01
8.762890100480000832e-01,7.975969417797005301e-01
7.967479825020000739e-01,8.799985133697921791e-01
6.824830174449999509e-01,8.774575052542341602e-01
8.025500178340000401e-01,8.286281159055635115e-01
7.950311899190000142e-01,8.549925020909829865e-01
1.584897041320000088e+00,8.654753942563532254e-01
1.017485976220000143e+00,1.186016042508443169e+00
9.177780151369998585e-01,1.068101372241992086e+00
1.230221033100000083e+00,9.610661228350996232e-01
1.027899026870000121e+00,1.027590150079152442e+00
9.125559926030000213e-01,9.930033354408009938e-01
7.935979962350000472e-01,9.317763774052327808e-01
1.030437946320000187e+00,8.776360209994535921e-01
5.325379967690000438e-01,9.445618236491080122e-01
6.127780079839999505e-01,8.217564099809311351e-01
8.741289973260000234e-01,8.000089732187608549e-01
3.667230010029999820e-01,8.826913064037621437e-01
7.391750216480000857e-01,7.573002891627752531e-01
5.604230165479999748e-01,8.258972235998822686e-01
7.758178114889999755e-01,7.966520194099927510e-01
8.102909922600001202e-01,8.370245289388188459e-01
6.437510252000000488e-01,8.732561944584924518e-01
7.236457467079999706e-01,8.172477124638701795e-01
9.113870263100000146e-01,8.258167676601436691e-01
6.627830266949999993e-01,9.008368909832946692e-01
1.002035975460000117e+00,8.373711550511759860e-01
8.224419951440000709e-01,9.269886566191800625e-01
1.030576944350000135e+00,9.035113042251229354e-01
6.781139969830000114e-01,9.467680460778586937e-01
5.333459973340000104e-01,8.587653837909253740e-01
3.209959864620000047e-01,7.863265798801349904e-01
7.608630061149999069e-01,6.964390064943207781e-01
7.439860105509998878e-01,8.245239766284321314e-01
5.468400120740000148e-01,8.691768830495838483e-01
7.004669904709999173e-01,7.812703615715629324e-01
8.356525897980000561e-01,8.099918040759718219e-01
1.274258971210000091e+00,8.748277248400841977e-01
8.934450149539999719e-01,1.054540092323352996e+00
6.211659908290000365e-01,9.626558114869002702e-01
7.900159955019999680e-01,8.456549733047842299e-01
1.067494988440000014e+00,8.490745638388396133e-01
6.698009967800000464e-01,9.699023320894797351e-01
1.265694975850000015e+00,8.633519646343397191e-01
6.380620002750000408e-01,1.032969218917264120e+00
9.348030090330000652e-01,9.000823074098380783e-01
8.006410002709999363e-01,9.204415866087697351e-01
1.085708975790000030e+00,8.873363168464383222e-01
3.527039885520000251e-01,9.655796206594721154e-01
5.883709788319999578e-01,7.944182552255244500e-01
4.875420033929999120e-01,7.993384108440257929e-01
4.636880159380000754e-01,7.487510781511041991e-01
3.637039959430000136e-01,7.248372547670700605e-01
8.750243186949999696e-01,6.904362364915199723e-01
6.435279846190000708e-01,8.762494276597145859e-01
4.834130108359999678e-01,8.488820988197373074e-01
2.120890021319999930e-01,7.591944236674613711e-01
4.560469985010000005e-01,6.661735832444446448e-01
4.367910027499999903e-01,7.056501598980500223e-01
7.238804101939999569e-01,7.232392825464192265e-01
5.560690164570000205e-01,8.144792009265241495e-01
4.748429954049999679e-01,7.870493579033829290e-01
2.674640119080000100e-01,7.400220165513432535e-01
9.588437080379998978e-01,6.703319114044891114e-01
7.868980169300000549e-01,9.151231374183149692e-01
1.794360995290000149e+00,9.271079820698990837e-01
1.337677955630000026e+00,1.277052217489226926e+00
1.210453987120000185e+00,1.224259585475478529e+00
5.654799938200000264e-01,1.097016913104099212e+00
4.008429944520000565e-01,8.758050576455218561e-01
2.727654874320000200e-01,7.708973826395706386e-01
5.836449861529999783e-01,6.645412481888338663e-01
8.533802628519999711e-01,7.536335423096846009e-01
8.660610318179999823e-01,8.970949198726220208e-01
1.158349990839999899e+00,9.019274506782677392e-01
7.764859795569999390e-01,9.999827069796299872e-01
1.068807005880000105e+00,9.065344817776127551e-01
5.888479948040000744e-01,9.623328775134493140e-01
1.588868498799999918e+00,8.427511930279871777e-01
4.327859878540000205e-01,1.175675285080231447e+00
3.996030092239999942e-01,9.424551538568766151e-01
5.545349717140000134e-01,8.296947217785304307e-01
6.221979856490000849e-01,7.469304008154914465e-01
1.149551987649999996e+00,7.879778417540239666e-01
1.121260046960000034e+00,9.986803846356390180e-01
9.776459932330001656e-01,1.036066161638522054e+00
1.732741951940000025e+00,9.582838566437005268e-01
2.302707910540000125e+00,1.247224945021452980e+00
1.053477048870000043e+00,1.605775844049575074e+00
7.962800264360000435e-01,1.217090833672529904e+00
5.203329920770000117e-01,1.030984398204489061e+00
6.104800105090000262e-01,7.950859061626454061e-01
4.453057944770000276e-01,7.812912265229888797e-01
6.522138714790000069e-01,7.329640759860471810e-01
1.175541162490000069e+00,7.850504852773123599e-01
1.032202124599999937e+00,1.022993082717352120e+00
7.193930149079998948e-01,1.004556225881761744e+00
8.200139999390000378e-01,8.768967500221845901e-01
9.497330188749999458e-01,8.702805875881136632e-01
1.039114952089999822e+00,9.212420166804131672e-01
5.883830189700000046e-01,9.636124754286334859e-01
9.508559703829999599e-01,8.374047941885131019e-01
5.277600288389999728e-01,9.100680206674357509e-01
7.736063003540000205e-01,8.114348703946390184e-01
9.703559875489999875e-01,8.430272609588060906e-01
1.383889913560000018e+00,9.365354280611746240e-01
7.795230150220000542e-01,1.107132267170112261e+00
6.069999933240000090e-01,9.465700554278962953e-01
4.660570025440000097e-01,8.457591669776388654e-01
9.455270171170000459e-01,7.453981902440564022e-01
6.238729953770000280e-01,9.014539971046521272e-01
3.923240005969999555e-01,8.458327740237876480e-01
5.156549811360000568e-01,7.420089808818375321e-01
9.679385423659998544e-01,7.361621917978792284e-01
1.356565952299999989e+00,9.278526688334036709e-01
9.072690010070001421e-01,1.121961218787487224e+00
8.162760138510000152e-01,9.761364801931109447e-01
2.479866981509999846e+00,9.034852401584176906e-01
1.133080005649999888e+00,1.634615384964440921e+00
1.045583963389999926e+00,1.331974633355892834e+00
8.474370241169999485e-01,1.122189280426483249e+00
1.536522984499999911e+00,9.110135582975399382e-01
9.008989930149998715e-01,1.153622080909345593e+00
4.812009930610000041e-01,1.018248409366919294e+00
8.572540283199999722e-01,8.456873333600904985e-01
8.617479801180000232e-01,8.688327353263964881e-01
1.008694052699999899e+00,9.094142000381507662e-01
1.127727031710000105e+00,9.426018468796720784e-01
7.795569896699999779e-01,1.000971853325369088e+00
9.895502924919998833e-01,9.007900554610063226e-01
8.363329768179998958e-01,9.335965162970056852e-01
9.099559783939999980e-01,9.005524351636363667e-01
5.511059761050000061e-01,9.060028717736655635e-01
1.239764332770000088e+00,8.066060571065230000e-01
1.211838960649999963e+00,1.021208710186004121e+00
1.379981994630000042e+00,1.094353825471832575e+00
1.148460984229999982e+00,1.107722752907223551e+00
7.663900256160000035e-01,1.047988569408852877e+00
9.660840034480000504e-01,9.153455343688807755e-01
8.156750202179999798e-01,9.260924194786877006e-01
1.142272949220000111e+00,8.910390119713244017e-01
1.299479961400000105e+00,9.878684150288676857e-01
8.583310246469999516e-01,1.086563554220069339e+00
7.149469852449999996e-01,9.501300928131233281e-01
8.764400482179999230e-01,8.681996669881751894e-01
8.305460214609999836e-01,8.835857701495236638e-01
8.535240292550000385e-01,8.855854200742687699e-01
9.092410206789999227e-01,8.855167853898274766e-01
5.202720165249999917e-01,9.069559454716970004e-01
7.411040067669999454e-01,7.992528152102206240e-01
5.853319764140000325e-01,8.296070679855148677e-01
5.047770142559999673e-01,7.943877197170093885e-01
5.519493222240000607e-01,7.517997594447137777e-01
9.697520136830000137e-01,7.540046786531462431e-01
1.116515994070000017e+00,9.204337772471267165e-01
1.049844980239999837e+00,1.015909747811197805e+00
6.342629790310000404e-01,9.818188357880694994e-01
5.644329786300000817e-01,8.553391461414737718e-01
9.184709787369998990e-01,7.930469103220968430e-01
9.593539834020000656e-01,8.927690443909002127e-01
5.984159708020000412e-01,9.466684039122297278e-01
9.383450150489998087e-01,8.272490875624788353e-01
4.542250037189999867e-01,9.024356476917958503e-01
7.079470157619999204e-01,7.901594734364222328e-01
3.876500129699999575e-01,8.195844937036209643e-01
4.484339952469999502e-01,7.349727951112803304e-01
8.405709862710000202e-01,7.209574957704847353e-01
5.337110161779999862e-01,8.688206860737242021e-01
7.211350202559999589e-01,8.004268584543725584e-01
5.215386152269999576e-01,8.198428825729753289e-01
7.050759792330000275e-01,7.714251439374562036e-01
6.405649781229999506e-01,8.096320278163661177e-01
5.168589949609999623e-01,8.069273004153363349e-01
1.660409450529999997e+00,7.593433193967069617e-01
2.465307950970000217e+00,1.234211308999059620e+00
1.622156023979999917e+00,1.737912061686030185e+00
1.866270065309999948e+00,1.423712983404308297e+00
3.623536109919999859e+00,1.411445178028854164e+00
7.948709726329999947e-01,2.237248819283066403e+00
9.065989851949999290e-01,1.492903176256193731e+00
8.571879863740000660e-01,1.292625157482095721e+00
7.756379842759999477e-01,8.959034891209034512e-01
7.006700038909999817e-01,8.636524492304858969e-01
6.443409919740000769e-01,8.313681718419644318e-01
7.579550147059999077e-01,8.048926264446666368e-01
5.499600172040000068e-01,8.362321146869778898e-01
4.964669942860000518e-01,7.831137178029076162e-01
1.367677569390000070e+00,7.473939536432239183e-01
1.397894024850000250e+00,1.098248770409867792e+00
8.148130178450000427e-01,1.199380330863573318e+00
1.278898954390000009e+00,9.622822034507171329e-01
8.623980283740000363e-01,1.053244910995986716e+00
1.093865990639999897e+00,9.554419870707371309e-01
8.134710192680000285e-01,9.804427644687482291e-01
1.466687083240000078e+00,9.067048347808756015e-01
9.060310125349999577e-01,1.120783629524322089e+00
7.652140259739999006e-01,1.006754019186704818e+00
1.311033964160000176e+00,9.007238866174176461e-01
7.892500162119999718e-01,1.055486952311215809e+00
1.474902033810000068e+00,9.437739474243272975e-01
9.167850017550001063e-01,1.127043661187688173e+00
1.186140060420000086e+00,1.013576039255809302e+00
1.411391973500000008e+00,1.028197488727519371e+00
2.092472076419999993e+00,1.130296447088220413e+00
7.189220190049999681e-01,1.449447475064300273e+00
1.301861047739999888e+00,1.087460218823240510e+00
1.268974781040000055e+00,1.136799786946219637e+00
1.221997022629999874e+00,1.107102716745027582e+00
9.061110019679999850e-01,1.056022030847343363e+00
1.078873991970000112e+00,9.543251528438094766e-01
1.028025031089999874e+00,9.745341883059541743e-01
7.863690257070000689e-01,9.716891706284593866e-01
1.276852965350000035e+00,8.901723325727406433e-01
7.093420028689999546e-01,1.039809481832624893e+00
5.201929807659999572e-01,9.137984403249811427e-01
5.645610094070000473e-01,8.101011931326154158e-01
9.855200052259998067e-01,7.627985163152738446e-01
1.092841982840000004e+00,9.267359713012937039e-01
4.786899983879999709e-01,1.007196552899574549e+00
3.955059945579999514e-01,8.225761155197768293e-01
1.850703001020000071e+00,7.522533420051279451e-01
1.195796012879999815e+00,1.355942692354119350e+00
1.702510833739999896e+00,1.244968723682597478e+00
2.998351097109999586e+00,1.267305345438183073e+00
2.407080888749999925e+00,1.929242412450985267e+00
2.585943937299999718e+00,1.827317800936981929e+00
2.233839035029999920e+00,1.801777536853148787e+00
1.655773043629999997e+00,1.668091167620737059e+00
1.430611014370000156e+00,1.419468876372226296e+00
8.921740055079999676e-01,1.243553966503007757e+00
1.231696963309999893e+00,1.005841738057381196e+00
8.955079913140000514e-01,1.039961844708334082e+00
1.602033019070000064e+00,9.529228134330844924e-01
1.585399031639999956e+00,1.182822707472847235e+00
1.232059955600000034e+00,1.269538224709050533e+00
1.210371017459999976e+00,1.122740398506553161e+00
1.242141008379999967e+00,1.067230782708125325e+00
9.857040047650000858e-01,1.053221563423088813e+00
7.289689779279999726e-01,9.774815511819343605e-01
6.761519908910000876e-01,8.782106656631837316e-01
1.071573019029999907e+00,8.250448487713354373e-01
9.457439780239998983e-01,9.573692313974215828e-01
4.376370012759999706e-01,9.551056707697909154e-01
5.141820311550000522e-01,7.959058420031062120e-01
3.387190103530000052e-01,7.625550085640721010e-01
7.144280076029999593e-01,6.897003431552194419e-01
4.996199905870000180e-01,8.057663423841210371e-01
7.917379736899999854e-01,7.756176101471290441e-01
8.646243214609999894e-01,8.398167899678684600e-01
6.024960279459999901e-01,8.999074979098070637e-01
1.260069966320000123e+00,8.129776441548475230e-01
1.012339949610000067e+00,1.030729585448962871e+00
1.004528999329999950e+00,1.018006702748269099e+00
6.310235261919999727e-01,9.594365418549500868e-01
1.141221046449999887e+00,8.442949099826113635e-01
5.426099896430000014e-01,9.813140517622196413e-01
8.547459840769999762e-01,8.517909041347914156e-01
7.744219899179999311e-01,8.834742834524470512e-01
3.084340095520000102e-01,8.725975862386602389e-01
8.376209735870000506e-01,7.346023898372416872e-01
7.293469905850000767e-01,8.585895004589705337e-01
7.503905892370000830e-01,8.782409055448882063e-01
1.134822010990000019e+00,8.420440360633164589e-01
1.614240050320000064e+00,9.877681917852354498e-01
1.244793057440000128e+00,1.228424393534667924e+00
7.141630053519999466e-01,1.126528586448009461e+00
7.293040156360000026e-01,9.353136390346259432e-01
6.486989855770000091e-01,8.587755169268104227e-01
3.427990078929999962e-01,8.086153742443034087e-01
3.861860036850000011e-01,7.177349363491564160e-01
6.366299986840000535e-01,6.969286794669781182e-01
3.990480005740000280e-01,7.822873517382266106e-01
4.178859889509999870e-01,7.280467540997124232e-01
1.103790521619999909e+00,7.074052272718107659e-01
6.956189870829999622e-01,9.873033597186987587e-01
8.070139884950000564e-01,9.051601975021424940e-01
5.947690010070000310e-01,8.691717216635099774e-01
1.107607960700000005e+00,8.026206937878754832e-01
9.713580012320001122e-01,9.669729373367372816e-01
7.170349955560000321e-01,9.770943953272035465e-01
6.764810085300000386e-01,8.658441567534514993e-01
1.687772989270000190e+00,8.234203213050407255e-01
9.907569885250001596e-01,1.240153063088958563e+00
8.082039952280000161e-01,1.096410212218571267e+00
1.087718963619999979e+00,9.424288753203564628e-01
1.564818024639999861e+00,9.667084806477875825e-01
6.673809885979999912e-01,1.195515277141132149e+00
1.256489992140000123e+00,9.557384120718245279e-01
1.091886043549999963e+00,1.058640470987512794e+00
7.375509738919999725e-01,1.038449594019100086e+00
6.224380135540000802e-01,8.931610457251171198e-01
8.364729881290000613e-01,8.182084106994885753e-01
5.774260163309999916e-01,8.626530540440429107e-01
1.015761017800000054e+00,8.033992445959636797e-01
1.106158971790000001e+00,9.290728381194051089e-01
6.945540308949998964e-01,1.015192668143288124e+00
1.130903959270000092e+00,8.751757279971443815e-01
9.518219828609998379e-01,9.808873607368168157e-01
7.524570226669999862e-01,9.654029643584163267e-01
5.585229992869999993e-01,8.742966709218646937e-01
1.415836334229999771e+00,7.932763053954041688e-01
1.855298042299999839e+00,1.105555946264713763e+00
7.845479845999999702e-01,1.400508105501746758e+00
8.210539817810000862e-01,1.046906054449551648e+00
5.835890173909999978e-01,9.608407199877303517e-01
8.359720110889999889e-01,8.017293809351315748e-01
2.184663057329999880e+00,8.611324777926706586e-01
6.805480122570000123e-01,1.514492265135253035e+00
1.238904953000000031e+00,1.132699259124098079e+00
1.030328035349999949e+00,1.130536104879944270e+00
7.914109826090000022e-01,1.012258339841547450e+00
8.423720002169999832e-01,8.988705352628990619e-01
4.464710056779999658e-01,8.819367075437757331e-01
5.589337944979999584e-01,7.703921281267019916e-01
7.099329829220000221e-01,7.657876691748680686e-01
7.334340214730000751e-01,8.186079442524939465e-01
7.833399772640000647e-01,8.377494028904755030e-01
8.426809906959999985e-01,8.531837196604505902e-01
1.099761009220000085e+00,8.784516006378494390e-01
8.706315755840000614e-01,9.778840958979225784e-01
5.862460136410000411e-01,9.255792575051626780e-01
8.863990306849999223e-01,8.214493683941281876e-01
1.019399046900000050e+00,8.805861216657393520e-01
8.493610024450000129e-01,9.636541278239001418e-01
1.010666966439999870e+00,9.061609914661192811e-01
1.331516027449999973e+00,9.417332634421661242e-01
1.215008974079999859e+00,1.082864097339768072e+00
1.645591020579999952e+00,1.068214818658450582e+00
9.708780050280001461e-01,1.221769982457534098e+00
1.411272048950000135e+00,1.047158874344915613e+00
7.953929901119999313e-01,1.126410490114611251e+00
1.046331048010000098e+00,9.562182413929434244e-01
8.879339694979999642e-01,9.720171250262311657e-01
8.349300026890000836e-01,9.248352124273446773e-01
9.847199916840001510e-01,8.881452006222648743e-01
1.090394020079999970e+00,9.311536320403016598e-01
4.901649951929999971e-01,9.856852444535039171e-01
6.141669750209999279e-01,8.245177549328547295e-01
6.314740180969999894e-01,8.056373764136994797e-01
8.252440094949999860e-01,7.935206066544995274e-01
1.051450967789999913e+00,8.612975356718226561e-01
1.047114968300000060e+00,9.660073647553186760e-01
3.921430110930000379e-01,9.783699991913517024e-01
4.695149958129999912e-01,8.008825565844609473e-01
7.720900177959999500e-01,7.627245458259027666e-01
7.520099878309999264e-01,8.402503704280505081e-01
6.877393722529999698e-01,8.582651123864193377e-01
6.718119978899999012e-01,8.235923204083430704e-01
1.185933232310000029e+00,8.117166478321150569e-01
6.571980118750000432e-01,1.007438265117125642e+00
8.213180303569999063e-01,8.878785508147074568e-01
7.795739769939998842e-01,8.782762342976274672e-01
1.030122995379999962e+00,8.634226082042415484e-01
6.211889982220000217e-01,9.447165281006606463e-01
8.660820126530001106e-01,8.441190527096222862e-01
9.608931541440000057e-01,8.809270593389024739e-01
6.760399937630000577e-01,9.359996399207789475e-01
7.402380108830000083e-01,8.472799510248123500e-01
5.984709858890000511e-01,8.391022957622586986e-01
6.151059865950000427e-01,7.946846879745738113e-01
9.358735680579999272e-01,7.855836601962179477e-01
5.818247795100000008e-01,9.041753262535917601e-01
7.156659960750000327e-01,8.219378514825598225e-01
6.529520154000000298e-01,8.250938955464366398e-01
9.700022935870000751e-01,8.101356272966019345e-01
7.834500074390000623e-01,9.156787392163115991e-01
7.448130249979999506e-01,8.863352462568925283e-01
8.276180028919999376e-01,8.488837876592638665e-01
8.943400979039998200e-01,8.688078453555123648e-01
2.505017042159999985e+00,9.010056856262885772e-01
1.620712041850000062e+00,1.656917574626544765e+00
1.417585968970000110e+00,1.485237661461119130e+00
1.049872040749999957e+00,1.263678895322884355e+00
1.226507544519999993e+00,1.043445827816605664e+00
1.043179035189999881e+00,1.044510201765370461e+00
9.694439768789999690e-01,9.926353975550975539e-01
8.192250132559999454e-01,9.498799138887378257e-01
8.129550218580000598e-01,8.916773475573392949e-01
6.712080240250000163e-01,8.728536290702012534e-01
5.289899706839999993e-01,8.260448793918028221e-01
3.461930155749999849e-01,7.700629196036011814e-01
4.789490103719999392e-01,7.013592172242084644e-01
1.153810977940000093e+00,7.179346810758558961e-01
9.671270251270001062e-01,1.018366596702849014e+00
7.845839858059999727e-01,9.970315226376745832e-01
4.701859951019999873e-01,8.857902845361187438e-01
5.632782578470000301e-01,7.763084723580550017e-01
2.416239976880000251e-01,7.636957851986209134e-01
2.709859907630000064e-01,6.745022202070954931e-01
1.994680017229999991e-01,6.556898121252348055e-01
1.327169984580000017e-01,6.165665631640678823e-01
4.732620120050000101e-01,5.920104478352464783e-01
6.585559844969999244e-01,7.164213033801372088e-01
9.621880054470000054e-01,8.246060766499391237e-01
5.111979842189999790e-01,9.270500558884716691e-01
9.829789996150000153e-01,8.066227191606700764e-01
9.100099802019999684e-01,9.180351547737053419e-01
1.026576042179999870e+00,9.431718174498410212e-01
8.309389948840000262e-01,9.517435802101766873e-01
9.651920199390000565e-01,9.012049376344631879e-01
1.000543951989999902e+00,9.249110544174050652e-01
1.983185052869999687e+00,9.510237642964601834e-01
1.274855017659999978e+00,1.377194591986246053e+00
1.286525964740000028e+00,1.226781809547899948e+00
1.382244944570000245e+00,1.134683711096994063e+00
1.736924052240000016e+00,1.117818821767465831e+00
1.257668018339999971e+00,1.279683968004502237e+00
7.533379793170000838e-01,1.152180781308391522e+00
1.084908962249999886e+00,9.584689416808780393e-01
1.062494039539999990e+00,9.725236316844315665e-01
7.787629961969999570e-01,9.928346427232203064e-01
8.256469964979999965e-01,8.926183740657500643e-01
9.891830086710000636e-01,8.772477388674714271e-01
1.418092012410000047e+00,9.342526389255633168e-01
1.151677966120000063e+00,1.119699544661225010e+00
1.250364065170000094e+00,1.062783106281086187e+00
8.794019818310000458e-01,1.060370679690257445e+00
1.089423060420000144e+00,9.479807313109419598e-01
1.809062957760000145e+00,9.781214364033160580e-01
8.687390089040000207e-01,1.304101085403727156e+00
8.521729707719999380e-01,1.060155393094520893e+00
1.307837963100000112e+00,9.639531239451017974e-01
1.262575984000000151e+00,1.059761840741435535e+00
7.601559758189999627e-01,1.092965959837232770e+00
1.069887042049999959e+00,9.246941190538430222e-01
8.579840064049999437e-01,9.677571692870045039e-01
1.149323940279999956e+00,9.204130618670572916e-01
1.067142963410000034e+00,9.929751745415539288e-01
7.400619983670000401e-01,9.970468489958603797e-01
6.799880266190000411e-01,8.852385942416323150e-01
7.323921322820000634e-01,8.320406374149099671e-01
8.352749943730000126e-01,8.305913968597109509e-01
6.000829935070000065e-01,8.720451112713649700e-01
1.010563969610000168e+00,8.080024223064348199e-01
7.613970041280000434e-01,9.276439117240732335e-01
7.260069847110000030e-01,8.894706451580920437e-01
1.064324021340000037e+00,8.433433941957964031e-01
5.901079773899998715e-01,9.561535721624890849e-01
7.744659781460000447e-01,8.436199653768917672e-01
7.406870126719998781e-01,8.524479620662581691e-01
8.908360004430001533e-01,8.469355062754413410e-01
7.620100975040000613e-01,8.908472038525755421e-01
7.774500250820000069e-01,8.642369222704080478e-01
5.811070203779999943e-01,8.546627488958947749e-01
7.908779978749999051e-01,7.949955284504369724e-01
8.903719782829999652e-01,8.440784523504735182e-01
7.882059812549999656e-01,9.033164598586729266e-01
7.301949858670000459e-01,8.715015547746134406e-01
9.248933196070001639e-01,8.423582778439119290e-01
1.265586972239999941e+00,9.022379836086302785e-01
7.884140014650000694e-01,1.055838625154897903e+00
9.180610179899998391e-01,9.273367680732511609e-01
6.569269895549999516e-01,9.190283918964706755e-01
8.252680301670000107e-01,8.358137786851962403e-01
4.257229864599999525e-01,8.636947376167719570e-01
9.114630222319998198e-01,7.612618014539200839e-01
7.238519787790000937e-01,8.865737151317133469e-01
9.657319784160000031e-01,8.751543959351971713e-01
7.194200158119999911e-01,9.165143775966811956e-01
7.146480083470000411e-01,8.625615399726528354e-01
6.188799738879999790e-01,8.345180537825862555e-01
8.502969741820000094e-01,7.978234725035525665e-01
6.113014817240000065e-01,8.676747329177264545e-01
8.405809998509999881e-01,8.155820708398424657e-01
5.909900069240000553e-01,8.647001097950798298e-01
1.191807866100000002e+00,8.083201429141757544e-01
1.072478055950000009e+00,1.001718049615069717e+00
7.976800203319999172e-01,1.028334820110107239e+00
7.140370011329999489e-01,9.028338202726586825e-01
8.885610103609999921e-01,8.462401115858076972e-01
7.367290258409999737e-01,8.877011276849944288e-01
9.655410051350000744e-01,8.566371866126197832e-01
8.569459915160000385e-01,9.170730575245045202e-01
5.838339924809999859e-01,9.055279485480216550e-01
3.047562122340000457e+00,8.117283757610093131e-01
8.865389823909999301e-01,1.957304722039033162e+00
1.186460971829999878e+00,1.471947451394857609e+00
8.750730156899999557e-01,1.250400461165685595e+00
1.111973047260000014e+00,9.393179647463134607e-01
6.929270029070000447e-01,9.829498530606589624e-01
5.632749795910000357e-01,8.755400189101818498e-01
5.519689917560000048e-01,8.019215748102056507e-01
9.211350083349998386e-01,7.616457727099003039e-01
5.465030074119999748e-01,8.962173923406605569e-01
9.997850060459999577e-01,8.126373389716241569e-01
7.512239813800000166e-01,9.233787686684874485e-01
8.402569890019999654e-01,8.885002764371235928e-01
7.843149900439999600e-01,8.772908055183904485e-01
5.915480256080000165e-01,8.647108734339847835e-01
6.109840273859999948e-01,8.004645135124742739e-01
9.328789710999999540e-01,7.853795323202364953e-01
7.992020249369999885e-01,9.030401252117232769e-01
9.833549857140000405e-01,8.882227429048029643e-01
5.405290126799999761e-01,9.278131560970894753e-01
1.093670010570000128e+00,8.154441114604982221e-01
9.266330003740002041e-01,9.615547971155355977e-01
7.972419857979999858e-01,9.645608427998285661e-01
5.896059870719999596e-01,8.825066023395047310e-01
7.799540162090000672e-01,8.046625892767138577e-01
5.182790160179999717e-01,8.410820085379686617e-01
7.263879776000000676e-01,7.783839242436694228e-01
6.216366887090000182e-01,8.185702501310577750e-01
8.810679912569999717e-01,8.038552304165056395e-01
7.315016984940000411e-01,8.792741117080661306e-01
9.703850150109999406e-01,8.574361518303312835e-01
8.715350031849999901e-01,9.185020601711805233e-01
5.505740046500000595e-01,9.113109591822863287e-01
2.576299905780000121e-01,8.054965753695653152e-01
6.952109932899999123e-01,7.022115617363000606e-01
3.547430038449999601e-01,7.983487303530674151e-01
1.308350920679999918e+00,7.385450511565002651e-01
1.424710035319999957e+00,1.062673273459832313e+00
2.422243118290000385e+00,1.224272917506876945e+00
1.588093161580000023e+00,1.604386845117448779e+00
2.882889986040000352e+00,1.410191918728800786e+00
1.510810017590000109e+00,1.833509343087020182e+00
5.103110075000000245e-01,1.487943169002876820e+00
6.637499928469999810e-01,1.093489199200698758e+00
5.865659713749999948e-01,8.719618468763626895e-01
9.182999730110000813e-01,7.839213988806003064e-01
1.126363039020000123e+00,8.929347864328024409e-01
9.455379843709997845e-01,1.010036479552873123e+00
7.979699969290000583e-01,9.506241374290319568e-01
8.895260095599999417e-01,8.860219773235863405e-01
5.017459988589999531e-01,8.953638580863664265e-01
7.889080047609999813e-01,7.907810404843804708e-01
5.571460127830000220e-01,8.443144045814324761e-01
8.079270124439998924e-01,7.944699937691632741e-01
7.382910251620000697e-01,8.492313960959777530e-01
6.742079854009999096e-01,8.524238577207587930e-01
8.787713646889999675e-01,8.184766190735841551e-01
7.401880025859999268e-01,8.817467296743520810e-01
8.886500000949999478e-01,8.576263484215692623e-01
7.983270287510000340e-01,8.898345041332426097e-01
5.137799978260000344e-01,8.756500474617405771e-01
7.760372757910000141e-01,7.837994194805510961e-01
8.528280258179999906e-01,8.364034432840715683e-01
7.851629853249999513e-01,8.923055730210343039e-01
8.431609868999999646e-01,8.661016702994676075e-01
1.024798870089999925e+00,8.777324320263654167e-01
8.044279813770001120e-01,9.489821433353148317e-01
8.841310143469999216e-01,8.939578226901979674e-01
3.615649938579999501e-01,8.960457747826946484e-01
1.171491026879999842e+00,7.591850094531930049e-01
4.477910101409999788e-01,9.964446509240634242e-01
7.665730118750000432e-01,8.624759513352542317e-01
7.735599875449999940e-01,8.590131441838902981e-01
1.054823040959999902e+00,8.671660545482975380e-01
7.843300104139999673e-01,9.554650341970097882e-01
1.034250974660000155e+00,8.945615081783444555e-01
1.096979022029999973e+00,9.468675370155306137e-01
7.633029818529999400e-01,9.967198847920943905e-01
5.883730053899999257e-01,8.921029290024240499e-01
6.365630030629999547e-01,8.118876713990975658e-01
5.750700235369999858e-01,7.922941865755940283e-01
5.399640202519999654e-01,7.749943101353651276e-01
1.324671149250000068e+00,7.575686815575288779e-01
8.178460001949999780e-01,1.075384680432364570e+00
6.359609961509999909e-01,9.754930262532915952e-01
8.135920166969999867e-01,8.483050970117984591e-01
9.872140288349999793e-01,8.558999062654067957e-01
9.839289784429999797e-01,9.392188994445008765e-01
5.904790163040000150e-01,9.484729773511195727e-01
8.986790180210000312e-01,8.306730431637338041e-01
6.268000006680000125e-01,8.890283840050471342e-01
6.926850080490000172e-01,8.293982539033705192e-01
5.757049918169999669e-01,8.182037191274372789e-01
6.764680147170000213e-01,7.818950553152135274e-01
8.279470205309999997e-01,8.026967779771546629e-01
6.547859907149999881e-01,8.679058118979101621e-01
1.085815548900000094e+00,8.236243940454464063e-01
8.509550094600001335e-01,9.595459522442071343e-01
8.879359960560000431e-01,9.272726885160286203e-01
6.557850241659999302e-01,9.028740685242311326e-01
6.597809791559999804e-01,8.314481662604039647e-01
8.856279850010000398e-01,8.095948105029394659e-01
7.502999901769999980e-01,8.851545842124699526e-01
9.303160309790001747e-01,8.624408447554934298e-01
7.259460091590000941e-01,9.052703794986594055e-01
7.123904824259998936e-01,8.583961704310320018e-01
9.326570034030000622e-01,8.327265281798738039e-01
6.544970273969999974e-01,9.050212926615717191e-01
4.987269937989999846e-01,8.385598776280995814e-01
9.782410264020000579e-01,7.680973875468203316e-01
5.593240261080000275e-01,9.143938357142066264e-01
8.733990192409999409e-01,8.310768459034305611e-01
6.232500076290000690e-01,8.792181358561306226e-01
6.319249868390000024e-01,8.256299766873036461e-01
8.335350155830000274e-01,7.982279722459869609e-01
8.613430261610000027e-01,8.641799940310700423e-01
1.036013007159999999e+00,8.946804904401645109e-01
6.160370111469999355e-01,9.532352706602583714e-01
9.874529838559999995e-01,8.429545591289184792e-01
6.686739921569999634e-01,9.235609580818248121e-01
6.455339789389999972e-01,8.559979436957405596e-01
1.007030010220000049e+00,8.121149036870520810e-01
7.763000130650000719e-01,9.317350967966169240e-01
9.358490109439999705e-01,8.905434133573087996e-01
6.626719832419999401e-01,9.108528978375205476e-01
1.113351941109999910e+00,8.402030188298996727e-01
5.495319962500000432e-01,9.701863819582293713e-01
9.273632764820000096e-01,8.458069320021990301e-01
8.215330243109999486e-01,9.058520946571266830e-01
9.193540215489999223e-01,8.994555132177080026e-01
6.899859905239998925e-01,9.071209553390869873e-01
6.497738957409999738e-01,8.452951695809767241e-01
9.705049991609999704e-01,8.108226597135459457e-01
8.034440279009998909e-01,9.164718675305948414e-01
8.920990228650002019e-01,8.930888011479984900e-01
7.462270259859999921e-01,8.971229024113720474e-01
1.495407462120000197e+00,8.584440185807110657e-01
7.597569823270000633e-01,1.137402000872163921e+00
9.677280187609998974e-01,9.778679313978361209e-01
1.126011013979999920e+00,9.546031110527485319e-01
7.641419768330000029e-01,1.001520350070111975e+00
1.423818945879999909e+00,8.962711567563328430e-01
8.309190273280000483e-01,1.101132287546705335e+00
5.316870212550000030e-01,9.795633577327851338e-01
6.942920088770000442e-01,8.369635910525589084e-01
1.097100019450000019e+00,8.104188230159541373e-01
8.623710274700000511e-01,9.819029106864954892e-01
9.711959958079999788e-01,9.301179046764648239e-01
7.501904964450000213e-01,9.309953223309842540e-01
5.659890174870000346e-01,8.698652156224346843e-01
7.235890030859999378e-01,7.961454554677585005e-01
1.088876962660000114e+00,8.191738715359977441e-01
2.614549994470000138e-01,9.775684642730905205e-01
1.923168003559999895e-01,7.802401657050325179e-01
2.048390060660000012e-01,7.173102816568492912e-01
3.752999901769999980e-01,6.102426429619438597e-01
1.878910064700000104e-01,6.744660995858630104e-01
4.178839921949999980e-01,6.323515826566986631e-01
6.128349900249999704e-01,6.878018172326809676e-01
4.822100102899999352e-01,7.908128233304236865e-01
8.136649727820000066e-01,7.470789925028512579e-01
8.997989892959999958e-01,8.477859217822624194e-01
7.667459845540000041e-01,9.177319735770813613e-01
6.762999892229999421e-01,8.656747437666376666e-01
9.804093837739999984e-01,8.244705531414765476e-01
1.075533032420000090e+00,9.199345561274023808e-01
6.459739804270000496e-01,9.895040709055941131e-01
7.601699829100000416e-01,8.576746067263789630e-01
8.707180023190000950e-01,8.507243801420583118e-01
1.045557022089999899e+00,8.890254064655064292e-01
4.832339882849999713e-01,9.605005499294260174e-01
1.085988998409999962e+00,8.132610950240892755e-01
7.320979833600000930e-01,9.613090419404826115e-01
7.128990292550000385e-01,9.050279238975537099e-01
1.045389056210000112e+00,8.420539715312542750e-01
7.359200119969999676e-01,9.488036081159394453e-01
8.956930041309999480e-01,8.810465387763605216e-01
8.745509982110000191e-01,8.963516847975863122e-01
9.237470030779999508e-01,9.022452622545884537e-01
9.997780323029999971e-01,9.133343203791471909e-01
1.739534020420000049e+00,9.449399764235159038e-01
8.107889890670000321e-01,1.261118206752386062e+00
7.049050331119999235e-01,1.032704884908687726e+00
8.328269720080000438e-01,9.162083540969571116e-01
8.276600241660000412e-01,8.672801524638948933e-01
8.953109979630000659e-01,8.795550046090681029e-01
1.459501028060000039e+00,8.995511953778502212e-01
1.179519057270000060e+00,1.131104233911941259e+00
1.443411946299999915e+00,1.086486539251740879e+00
1.306735038760000078e+00,1.137931479728513828e+00
7.634999752040000365e-01,1.114083371546635837e+00
1.145148038860000161e+00,9.402593211917728011e-01
7.253450155259999477e-01,9.971956889070879848e-01
7.633590102199999672e-01,8.935152743271717046e-01
6.174820065499999622e-01,8.604675140051516458e-01
1.029322981830000039e+00,8.033254018761297743e-01
1.302055954929999926e+00,9.364541645209478737e-01
3.164124965670000122e+00,1.092788321799756490e+00
9.734439849849999549e-01,2.005575277178326843e+00
1.229671001429999855e+00,1.437307517760868292e+00
7.441530227660000385e-01,1.280150889574103390e+00
1.063034057620000139e+00,9.081984034082593027e-01
1.123872041700000102e+00,9.629571774286220798e-01
8.984770178790000283e-01,1.013306100581351510e+00
7.175139784810000698e-01,9.341441703391155649e-01
5.367509722709999931e-01,8.591410620124875219e-01
1.175443053249999981e+00,7.811576439950080886e-01
1.101048946379999949e+00,9.976362646773331289e-01
5.734490156170000130e-01,1.042639089514127537e+00
1.431144952770000200e+00,8.516278614723883367e-01
1.037794947620000130e+00,1.104584431148526891e+00
6.568620204930000206e-01,1.064928662166940265e+00
1.074908018110000141e+00,8.818477938256666926e-01
1.385972023009999887e+00,9.568281769426657535e-01
1.004804968829999812e+00,1.129784268520549695e+00
1.609539985660000116e+00,1.006877982567689900e+00
2.817575931549999524e+00,1.192926189740266540e+00
1.962562561039999709e+00,1.845570761465280318e+00
1.279752016069999998e+00,1.623380143789152630e+00
1.995329976079999845e+00,1.294540854839440591e+00
2.033385992049999924e+00,1.400285308999339229e+00
1.307443976400000096e+00,1.501463855881605802e+00
1.611258029939999892e+00,1.242669260073993920e+00
2.040218114850000042e+00,1.254584198724816746e+00
2.183244943620000100e+00,1.443421384042104627e+00
1.351415991779999937e+00,1.559437048215721155e+00
7.242180109020001089e-01,1.284917974882036962e+00
1.363389015200000109e+00,1.017035350071838762e+00
1.526808977129999967e+00,1.082661759430305626e+00
1.784019589420000163e+00,1.222251977979560422e+00
1.103597044940000105e+00,1.317512875707002262e+00
1.763007998470000004e+00,1.116643407664982490e+00
1.157549023629999896e+00,1.282493960625240570e+00
1.153326034550000045e+00,1.131220546810255634e+00
2.362811088559999551e+00,1.059487301194752096e+00
2.580787897110000007e+00,1.563879282932507664e+00
1.242146968839999976e+00,1.819991589006901167e+00
1.712821006770000265e+00,1.344365862527889588e+00
6.676509976389999323e-01,1.345611521241206754e+00
8.271329998970000652e-01,9.879561449118148264e-01
9.642647504809997994e-01,9.411386086771184045e-01
1.394161701200000048e+00,9.299380751776383791e-01
7.584049701689999923e-01,1.107104865369060498e+00
6.900759935379999765e-01,9.434117228218416029e-01
6.740249991419999809e-01,8.659609546282868164e-01
8.615220189090000424e-01,8.127365435304054753e-01
7.907469868659999790e-01,8.762071117308878332e-01
7.285000085830000138e-01,8.717982676191873281e-01
2.411980032920000294e-01,8.414772641080843218e-01
3.354600071909999981e-01,7.124800764597666314e-01
5.912460088730000507e-01,6.914102978011842371e-01
1.058426976200000036e+00,7.687372392498903473e-01
7.669919729230000316e-01,9.798527278883469860e-01
5.881239771840000019e-01,9.004830263327622264e-01
5.922303199769999305e-01,8.091863211249309407e-01
8.753510117530000079e-01,7.786868818550662930e-01
7.038279771799998974e-01,8.788393349525708276e-01
5.677499771120000371e-01,8.491814952466671951e-01
7.133870124819999825e-01,7.867794891875899976e-01
1.077505946160000061e+00,8.149519497358466147e-01
6.909419894220000247e-01,9.718276173433630927e-01
7.724580168719999973e-01,8.736999702840322346e-01
7.237120270730000859e-01,8.566331645001655781e-01
9.752489924429998958e-01,8.377919637122105412e-01
9.151769876479998178e-01,9.209013971033704893e-01
7.574009895319999686e-01,9.272258357076499369e-01
