1.742661595344543457e-01,2.106861014356038730e-01
1.572303026914596558e-01,1.743067275916472259e-01
1.941800117492676059e-01,1.460173544410727497e-01
1.970258951187133512e-01,2.046216543843837055e-01
1.859861761331558505e-01,1.959195594989694145e-01
1.705197989940643033e-01,1.800151384370169971e-01
1.844120919704437256e-01,1.679360995176256977e-01
1.779371052980423251e-01,1.877947849311686901e-01
3.004232645034790039e-01,1.741737389082737286e-01
3.969086110591887873e-01,3.081481751562708538e-01
8.820003867149353027e-01,4.391811954528066497e-01
6.841114759445190430e-01,8.983710137905198678e-01
2.116497457027435580e-01,6.257227591333556216e-01
2.014262527227401733e-01,2.101284343228028983e-01
2.061583995819092074e-01,1.969228262028736021e-01
3.160260915756225586e-01,2.039951227824928215e-01
3.489396274089813232e-01,2.809532180916318733e-01
1.544443815946578979e-01,3.428973199702899377e-01
1.959947794675827026e-01,1.763955032398974443e-01
1.894801408052444180e-01,1.966394865815951631e-01
4.474425017833709162e-01,1.895815261393442031e-01
3.771362304687500555e-01,3.913162531668881172e-01
1.889318972826004028e-01,3.584729248254893141e-01
1.752775162458419522e-01,2.154939049097925607e-01
1.822472065687180121e-01,1.738292586460158939e-01
1.866402029991149902e-01,1.865604925827915594e-01
1.715678423643112183e-01,1.852424167649038833e-01
1.676391065120696744e-01,1.656244361179715074e-01
1.773854047060013095e-01,1.637463666832823517e-01
1.872433423995972235e-01,1.823149843017405902e-01
3.204146027565002441e-01,1.925342400691564260e-01
3.134283721446990967e-01,3.545285474159179384e-01
3.171058297157288153e-01,3.454129441319470084e-01
2.202603369951247891e-01,3.372413179118501914e-01
1.659800857305526733e-01,1.687713702643897362e-01
1.415748745203018188e-01,1.299506552363747791e-01
1.852595061063766479e-01,1.411208040090117521e-01
1.814238876104354858e-01,1.824042236603397871e-01
1.905867606401443481e-01,1.901905171513869897e-01
1.810430586338043213e-01,1.951800314892615240e-01
1.954265981912612915e-01,1.744903560514593222e-01
2.029463946819305142e-01,1.944192030128771287e-01
1.862521618604660034e-01,2.059769820392836348e-01
4.038094580173492432e-01,1.802633338226116988e-01
3.743042349815369207e-01,4.522504131181636633e-01
2.572054266929626465e-01,3.375027210410424527e-01
2.253161966800689420e-01,2.511191357152758319e-01
1.787700653076171875e-01,2.162741120012408869e-01
1.761920750141143799e-01,1.778186275169065522e-01
1.861467957496643066e-01,1.791816929964436533e-01
1.954011768102645874e-01,1.809725156243393862e-01
1.907722949981689176e-01,1.961963040900533695e-01
1.898660957813262939e-01,1.929564172932416444e-01
2.001174986362457275e-01,1.733337268234470541e-01
1.922753006219863892e-01,2.134897854388335681e-01
1.810636967420578003e-01,1.916556293190452287e-01
1.635809391736984530e-01,1.715094888641276460e-01
1.916799396276473999e-01,1.524900631806901941e-01
2.058236002922058105e-01,1.868810093168814523e-01
1.857409924268722812e-01,2.155936402036433552e-01
1.752161234617233276e-01,1.837715687968845268e-01
1.845117062330245972e-01,1.669987967832476661e-01
2.143009155988692682e-01,1.789009166234709625e-01
2.104043960571289062e-01,2.205805138183502545e-01
2.088565975427628119e-01,2.127290889012598274e-01
1.900728046894073209e-01,2.116136779854934091e-01
1.872539073228836337e-01,1.789914371849475883e-01
1.799222826957702359e-01,1.764001990282536292e-01
1.978618204593658170e-01,1.812607076851709409e-01
1.711323857307434082e-01,1.965247600812442819e-01
1.677809953689575195e-01,1.668637073589450126e-01
2.158481031656264981e-01,1.648862759436467429e-01
1.768843084573745450e-01,2.144252224858005929e-01
1.834106147289276123e-01,1.741346926601395895e-01
1.911945044994354526e-01,1.740395634767003263e-01
2.066745012998580655e-01,1.953806321065586216e-01
2.195876985788345337e-01,2.122303350357697405e-01
1.944769918918609342e-01,2.046125242942798128e-01
1.787724494934081754e-01,1.857693885712368709e-01
1.796004772186279574e-01,1.797361299939654045e-01
1.640222966670989990e-01,1.833508105972921354e-01
1.769366562366485596e-01,1.522859885299476246e-01
1.665234863758087158e-01,1.642504288779592370e-01
1.732649058103561124e-01,1.715873444474151077e-01
1.832000017166137418e-01,1.740149361081619328e-01
2.088083624839782715e-01,1.819909762126982744e-01
2.025922685861587247e-01,2.139133055204300859e-01
1.863885968923568726e-01,2.054680755460414898e-01
1.885485500097274780e-01,1.787955076053252823e-01
1.833238750696182529e-01,1.875474071323468273e-01
2.197588831186294278e-01,1.749182886234377787e-01
2.151579260826110840e-01,2.245950285010818448e-01
1.312076449394226074e-01,2.081490147604545815e-01
1.684847325086593628e-01,1.159465012748205071e-01
1.677834987640380859e-01,1.724879556836784733e-01
1.778024435043334961e-01,1.541661752860043200e-01
1.968562752008438388e-01,1.852851977843120723e-01
1.775619983673095148e-01,1.945686879995196517e-01
1.751745045185089389e-01,1.727749569011316211e-01
1.833387613296508789e-01,1.716920775436641122e-01
2.103900015354156772e-01,1.835095692862660222e-01
1.892182081937789917e-01,2.127375369804223593e-01
1.846891939640044888e-01,1.912024778091805655e-01
1.597519963979721069e-01,1.678437513123925418e-01
1.763989776372909546e-01,1.497806002552148630e-01
1.978137493133544922e-01,1.766811559806087395e-01
1.773964017629623136e-01,2.099971924754767405e-01
2.039294093847275058e-01,1.639211467364859731e-01
2.793866395950316828e-01,2.083526022815408163e-01
2.514718174934387207e-01,2.918432765680385454e-01
2.833725214004517157e-01,2.453253654379307924e-01
2.856159806251525879e-01,3.121299905919436846e-01
1.691618561744689664e-01,2.611600543768798910e-01
1.986771523952484131e-01,1.540138059657480130e-01
1.824937760829925260e-01,2.054402548673589235e-01
2.099210023880004883e-01,1.777192417002207425e-01
1.662387549877166748e-01,2.174159643284688803e-01
1.823978126049041193e-01,1.535252732599577397e-01
2.158337980508804876e-01,1.779872329275891951e-01
1.994820386171340942e-01,2.168043942807438840e-01
1.810178905725479126e-01,1.994008438746431577e-01
1.886273920536041260e-01,1.814562302424257978e-01
1.838997006416320801e-01,1.819043148307344648e-01
2.386641800403594971e-01,1.794197827404523105e-01
3.205133974552154541e-01,2.713581295512481617e-01
3.201048076152800959e-01,2.846510457607921429e-01
3.317869901657104492e-01,3.409379414582337509e-01
2.349332422018050870e-01,3.445077261486949594e-01
2.282197028398513516e-01,2.252825920534528292e-01
1.862514019012451172e-01,2.202972621958520505e-01
1.881189942359924594e-01,1.763283319673759619e-01
2.293289005756378451e-01,1.911333280578411675e-01
2.285813987255096436e-01,2.309354533582334557e-01
2.966041862964630127e-01,2.555222596471222740e-01
2.234010547399520874e-01,2.826134159906926180e-01
2.144542932510375977e-01,2.157051507261132095e-01
1.961078941822052002e-01,2.149241481069707194e-01
1.801499277353287021e-01,1.885217101302734122e-01
1.831340938806533536e-01,1.785685628261002855e-01
1.912952065467834195e-01,1.791114045423139456e-01
2.476447969675064087e-01,1.972287031196169049e-01
2.153915017843246182e-01,2.271351593672285285e-01
1.901023983955383578e-01,2.049748543316061988e-01
1.967433989048003873e-01,1.988049573037217466e-01
1.806160062551498413e-01,2.030093065058384549e-01
1.939498037099838534e-01,1.752378218513839514e-01
1.982128173112869540e-01,1.823099002364506060e-01
1.926424354314804077e-01,1.905122592505593682e-01
1.697379499673843384e-01,1.976573093312926910e-01
1.767573058605194092e-01,1.691402797741446973e-01
1.786662638187408170e-01,1.683014521883532122e-01
1.912915557622909268e-01,1.782775894887477230e-01
1.682408750057220459e-01,1.940471896022913922e-01
1.219834238290786743e-01,1.533059455948710958e-01
1.387385427951812744e-01,1.100622284292463032e-01
1.894755959510803223e-01,1.338843962819061539e-01
1.874510943889617920e-01,1.917285791537938766e-01
2.440665513277053833e-01,1.971392939049376736e-01
2.219963967800140381e-01,2.502242805313511509e-01
1.947617977857589444e-01,2.073439748803854177e-01
1.859644204378128052e-01,1.887326720076054620e-01
1.870556026697158536e-01,1.943337913987407128e-01
2.049419134855270386e-01,1.703936528656695149e-01
3.850685060024261475e-01,2.112660020860507304e-01
3.382981419563292902e-01,3.489407665278657644e-01
2.311079055070877075e-01,3.252950315379182222e-01
1.962449550628661832e-01,2.562220150188795897e-01
1.784480065107345581e-01,1.845994179740964303e-01
1.857410371303558627e-01,1.739987619104795269e-01
1.818749755620956698e-01,1.901315072332000755e-01
1.790819615125656128e-01,1.789246119329284401e-01
1.867637038230895719e-01,1.747935412330069993e-01
3.074838817119598389e-01,1.872780682409620479e-01
2.563236057758331299e-01,3.080548229528137782e-01
3.016590476036071777e-01,2.360128490624139319e-01
3.871228992938994806e-01,3.613352456868212381e-01
2.734268903732300360e-01,4.698440697315527936e-01
1.934034079313278476e-01,2.017956883788490641e-01
1.849085837602615912e-01,1.498273804899117045e-01
2.682054042816162109e-01,2.023540876696182933e-01
2.072546035051345548e-01,2.913725392499749711e-01
1.928880363702774048e-01,1.809943793901480358e-01
1.899161785840987882e-01,1.891496557101738918e-01
1.885657012462616244e-01,1.921950649693296431e-01
1.931996941566467563e-01,1.843928303809987956e-01
1.296745538711548129e-01,1.866293295210010583e-01
1.567745953798294067e-01,1.185149557930939429e-01
2.412368059158324918e-01,1.485203697278117130e-01
4.479171633720397949e-01,2.525810827295109640e-01
7.546014785766600452e-01,5.227072777175790774e-01
6.383669972419738770e-01,6.895413966086947344e-01
3.489852249622344971e-01,5.773418606704712186e-01
3.183498978614807129e-01,4.123876634321250734e-01
2.614668905735015869e-01,3.260261889276031000e-01
2.569813728332519531e-01,2.497356772934017921e-01
2.274889498949050903e-01,2.564288410308168675e-01
1.593737602233886719e-01,1.999771026576078470e-01
2.165970057249068659e-01,1.471453809295778514e-01
2.079710960388183871e-01,2.437046797777821516e-01
1.930765211582184115e-01,2.064826235196304816e-01
2.153376042842864990e-01,1.819434950228056014e-01
5.549836754798889160e-01,2.310911731840994132e-01
5.099799633026123047e-01,6.836750429587216127e-01
2.535916566848754883e-01,4.347007201289020406e-01
1.850019842386245450e-01,1.867928816479314802e-01
1.727939993143081387e-01,2.035210340150749586e-01
1.761609017848968506e-01,1.729212595615655657e-01
1.905422955751419345e-01,1.661988805743390418e-01
1.684180349111557007e-01,1.829258479344753052e-01
1.689333617687225342e-01,1.649373060877506736e-01
1.980420649051666537e-01,1.599600045154563610e-01
1.612316220998764038e-01,1.994823568906178013e-01
1.442013978958130160e-01,1.628390700435442262e-01
1.259213238954544067e-01,1.292014592063546463e-01
1.400409787893295288e-01,1.146423392396737212e-01
1.946723610162734708e-01,1.371700775648599102e-01
1.781254708766936978e-01,2.040661049779179670e-01
1.895092576742171964e-01,1.793730437661668065e-01
2.166133970022201261e-01,1.862703717182490060e-01
1.696722060441970548e-01,2.254237784680129253e-01
2.109026014804839810e-01,1.500375321822960129e-01
2.371999472379684448e-01,2.184478320754330849e-01
1.463003754615783414e-01,2.418967332468021647e-01
4.047906100749969482e-01,1.314763849284609487e-01
3.577617108821868896e-01,4.133187284589921462e-01
2.219824343919754028e-01,3.404921882247530784e-01
2.553716301918030340e-01,2.165082869320893721e-01
2.273367345333099365e-01,2.850404679263527363e-01
1.758806854486465454e-01,2.120244792978107362e-01
2.118712961673736850e-01,1.637568105022121356e-01
1.948491036891937256e-01,2.223921281147577533e-01
1.590297073125839233e-01,1.871362051122020809e-01
1.815824955701828280e-01,1.514182600559632608e-01
2.216224968433380127e-01,1.882994127284579600e-01
1.570345163345336914e-01,2.098285357236955029e-01
2.048864960670471191e-01,1.525616787312202294e-01
1.417246013879776001e-01,2.118914932034412502e-01
1.926406770944595614e-01,1.380673912775742807e-01
2.252101451158524115e-01,1.996161181868007783e-01
1.820016801357269287e-01,2.196162251697671985e-01
1.686857044696807861e-01,1.777699108326568356e-01
2.045876085758208673e-01,1.586095299399740421e-01
1.815108954906463901e-01,2.003238329384280092e-01
2.036586105823516846e-01,1.850797140583007871e-01
1.731049269437789917e-01,1.985923509704587975e-01
1.787570714950561523e-01,1.717572689072706382e-01
1.665375530719757080e-01,1.711338241888403222e-01
1.929849982261657437e-01,1.636952636878897249e-01
1.356869190931320190e-01,1.908517810046665986e-01
1.972582042217254639e-01,1.248141370309925335e-01
1.961945891380310059e-01,2.052062991784578960e-01
2.692976891994476318e-01,2.082875704433884145e-01
2.406771630048752109e-01,2.467463786590473329e-01
3.281686902046204168e-01,2.420762586842968023e-01
2.625965774059296209e-01,3.412291820099505046e-01
1.727855503559112271e-01,2.527728041728551367e-01
2.426082938909530362e-01,1.663217182374299163e-01
2.097309380769729892e-01,2.327752571500774637e-01
1.691226661205291470e-01,2.017098043531022344e-01
1.770704984664917270e-01,1.677797698943594429e-01
1.755136996507644653e-01,1.806663631976095086e-01
1.939594447612762451e-01,1.710927345822711165e-01
2.223779261112213135e-01,1.998648419600138615e-01
1.937792897224426825e-01,2.342423142971403471e-01
1.706998199224472046e-01,1.747946911705638429e-01
2.422726899385452271e-01,1.657916118524918325e-01
2.456458657979964932e-01,2.401223637659702648e-01
2.152034044265747070e-01,2.559113832621554008e-01
2.623189091682434082e-01,2.211802473168535121e-01
3.426670730113983154e-01,2.576908310116617917e-01
2.930460572242736816e-01,3.659850582328660340e-01
2.535850703716278076e-01,2.712990473395507918e-01
2.274277955293655396e-01,2.587683599722150896e-01
1.842167228460311890e-01,2.258564511512123618e-01
1.641370058059692383e-01,1.823971517621006122e-01
2.186074256896972656e-01,1.497418058347658454e-01
2.313981950283050260e-01,2.224440355747261400e-01
2.503419816493988037e-01,2.518993824576568064e-01
2.445873767137527466e-01,2.577697228361094384e-01
2.327843457460403720e-01,2.359470160833222196e-01
2.558321058750153143e-01,2.365285201243643998e-01
2.179704755544662476e-01,2.488641613505233052e-01
2.834362983703612726e-01,2.227261465597536183e-01
5.718095898628234863e-01,2.931101093404933633e-01
5.010549426078796387e-01,5.534592312092082578e-01
2.063424885272980014e-01,4.968687742733295942e-01
2.198818922042846680e-01,2.122005712836813052e-01
2.567627131938934326e-01,2.108743663512834265e-01
1.991674900054931918e-01,2.592951639209877257e-01
1.796395033597946167e-01,1.828511078703138337e-01
1.522479057312011441e-01,1.778484688586487728e-01
1.826220005750656128e-01,1.430187196888146606e-01
1.689846664667129517e-01,1.811395110170770650e-01
1.901344954967498779e-01,1.719259544570974907e-01
1.587713211774826050e-01,1.813918579693574173e-01
3.365317881107330322e-01,1.604489072359115698e-01
2.839955985546112061e-01,3.027825173914530654e-01
1.813106983900070190e-01,2.758851876337308218e-01
2.357428967952728549e-01,2.037270202759710325e-01
2.266699969768523892e-01,2.504210512393514332e-01
2.176461517810821533e-01,2.244241096707793592e-01
2.445257008075714111e-01,2.191001379512612646e-01
2.140260040760040561e-01,2.237422043756171208e-01
4.906117916107177734e-01,2.143079344741758430e-01
3.368788957595825195e-01,5.658512815466024692e-01
1.897923052310943881e-01,3.033507382331401825e-01
3.753999471664429266e-01,1.595637542583301649e-01
3.568296134471892755e-01,3.718867122533591751e-01
1.710169017314910889e-01,3.495900680794195581e-01
1.877582967281341553e-01,1.740610898564280418e-01
2.173696309328079224e-01,1.805972477785478258e-01
2.206149846315383634e-01,2.156377809328809680e-01
2.409625947475433072e-01,2.192106636153298149e-01
2.214455157518387118e-01,2.325010038181956062e-01
1.875694990158081055e-01,2.189528000364530380e-01
2.020407021045684814e-01,1.899662708742307637e-01
1.875655949115752896e-01,1.890498839993756397e-01
1.922361850738525113e-01,1.902470846208608457e-01
2.296049296855926514e-01,1.954671959367000611e-01
2.739968001842498779e-01,2.246838486718812367e-01
2.319672256708145142e-01,2.759549980000529090e-01
2.075911909341812134e-01,2.164260282134173596e-01
3.036424219608306885e-01,2.143368267942291627e-01
3.383783698081970215e-01,3.376412990820662485e-01
3.199611008167266846e-01,3.628707478016187093e-01
3.591096997261047363e-01,3.299798713218192181e-01
3.135047256946564276e-01,3.288155102616970304e-01
2.517339885234832764e-01,2.997921828392881016e-01
2.257324606180191318e-01,2.576799949213058327e-01
1.833177059888839999e-01,2.140243192810108719e-01
2.443349212408065518e-01,1.722272703845151021e-01
1.904003769159317017e-01,2.443265658869077928e-01
1.802364736795425137e-01,1.802738541358270552e-01
1.564234346151351929e-01,1.792215683133106252e-01
1.534039974212646484e-01,1.560473489452185170e-01
1.766731888055801392e-01,1.412240746323555340e-01
1.556300967931747437e-01,1.778035102823773694e-01
1.889611035585403165e-01,1.477644293810723986e-01
1.759144961833954135e-01,1.961019201660657574e-01
1.905056983232498447e-01,1.715244908726347717e-01
1.891844570636749268e-01,1.854442012484722457e-01
2.012605071067810059e-01,1.959495542413270119e-01
1.980962008237838468e-01,2.055106479685318288e-01
1.744651794433594028e-01,1.900232326211487854e-01
1.666028350591659546e-01,1.707633400569526505e-01
1.785626411437988559e-01,1.571846388633096614e-01
2.162254005670547485e-01,1.764945801770873013e-01
1.954402029514312467e-01,2.116003071642356403e-01
1.996463239192962369e-01,2.024460584230834137e-01
1.873520165681839267e-01,1.986699172304808025e-01
2.032908946275711060e-01,1.870198494246876619e-01
2.073840051889420111e-01,2.024269621206933323e-01
1.647335141897201538e-01,2.081586035732552464e-01
2.097074985504150391e-01,1.533738780232874743e-01
2.250059992074966431e-01,2.132012256346335899e-01
2.478968948125839233e-01,2.335054614402738149e-01
2.200151830911636630e-01,2.328057502854248839e-01
2.001868933439254761e-01,2.109007715520650750e-01
1.719795018434524536e-01,2.025509166721080889e-01
2.091183662414550781e-01,1.632858558359372991e-01
2.345576137304306030e-01,1.962483566030241156e-01
2.321032136678696234e-01,2.464065345879891122e-01
2.362180352210998535e-01,2.384013599338772882e-01
1.746149510145187100e-01,2.242942229703773493e-01
1.927646994590759555e-01,1.772879622041018399e-01
1.902115345001220703e-01,1.845742439169420490e-01
1.870438009500503540e-01,1.924372831317723020e-01
1.348650753498077393e-01,1.815551015776611654e-01
1.943633109331131259e-01,1.216603794006792250e-01
2.312179952859878818e-01,2.027359967869274970e-01
3.674222230911254883e-01,2.420871060157033794e-01
4.052526056766510010e-01,4.359575248716606177e-01
2.675450444221497137e-01,3.523864331503331337e-01
2.505743205547332764e-01,2.339757278283700059e-01
2.333147972822189053e-01,2.542069898070075662e-01
1.702336072921752930e-01,2.261857885358152520e-01
2.178041040897369385e-01,1.716232867537800522e-01
2.151906937360763550e-01,2.317453116091254817e-01
1.993511021137237271e-01,2.024921567980033088e-01
2.202302068471908847e-01,1.913643230218362856e-01
2.307367920875549316e-01,2.243325070866614701e-01
1.803357303142547607e-01,2.243768637563950397e-01
1.888285428285598755e-01,1.770165726340155732e-01
1.690454930067062100e-01,1.908494424469471540e-01
1.963465064764022827e-01,1.602694937725570867e-01
1.642222702503204623e-01,1.906960713328706425e-01
2.183381021022796631e-01,1.632215823537629673e-01
1.817457973957061490e-01,2.161446332335988374e-01
1.796555072069168091e-01,1.842426729314383949e-01
1.700639575719833096e-01,1.713807976120746979e-01
1.770231574773788730e-01,1.660038284981962819e-01
1.864347159862518588e-01,1.700844095832580449e-01
1.785273402929306030e-01,1.874876638344631918e-01
1.158849000930785994e-01,1.711483198404189499e-01
1.570463031530380249e-01,1.035535987715554412e-01
1.788239777088165283e-01,1.530353701941857270e-01
2.961472272872924805e-01,1.870466198701376537e-01
2.756402194499968927e-01,3.255164848084633467e-01
3.272587060928344727e-01,2.722637549183259953e-01
2.612319886684417725e-01,3.360264309321618903e-01
1.807138323783874512e-01,2.394464306831502187e-01
2.054681032896041870e-01,1.691641428515532064e-01
2.013643831014632901e-01,2.138126874169272440e-01
2.207290083169936856e-01,2.006127056449710233e-01
2.160932719707489014e-01,2.269893606842733891e-01
1.806241124868393222e-01,2.084033541369537668e-01
1.964215040206908625e-01,1.770134232297888022e-01
2.367069572210312167e-01,2.019570658366396654e-01
1.872550845146179199e-01,2.244417805592347492e-01
1.886087059974670688e-01,1.890569878543515436e-01
1.932464987039566040e-01,1.933218763468220192e-01
2.095063477754592896e-01,1.880756422861986632e-01
4.529328942298888605e-01,2.269670390102470070e-01
4.101786911487578791e-01,4.036035300827320316e-01
2.743109166622161865e-01,3.960384728986457992e-01
3.030085861682891846e-01,3.236281365498924756e-01
2.769187986850738525e-01,3.164369825091779553e-01
3.595731556415557861e-01,2.741969997247289959e-01
3.149650990962982178e-01,3.634904879037595404e-01
2.099061757326126099e-01,3.007067799014153109e-01
2.169338017702102661e-01,2.125753427638813475e-01
2.144929021596908847e-01,2.161668541858749737e-01
2.086919993162155151e-01,2.129788951156796895e-01
1.932131946086883545e-01,2.068467571408379724e-01
1.841152161359787265e-01,1.842633612314852898e-01
1.946409046649932861e-01,1.785962081321704198e-01
1.737543940544128418e-01,1.936082977580590447e-01
2.000912129878997803e-01,1.643907314810067466e-01
1.927433013916016180e-01,2.024851555283752602e-01
2.095497995615005216e-01,1.989424100633682690e-01
1.882844567298888883e-01,2.007884523627912199e-01
1.948222815990447998e-01,1.858420957562182119e-01
1.811457574367523193e-01,1.935683517169247136e-01
2.015465050935744962e-01,1.828272307841435351e-01
2.141288071870804111e-01,1.979285725423767794e-01
2.533474564552307129e-01,2.267671054552208576e-01
3.017286956310272217e-01,2.818536538260582591e-01
3.397559225559234619e-01,3.247584824718948715e-01
2.594402134418487549e-01,3.433927218043100749e-01
1.857970058917999545e-01,2.270063031429991329e-01
2.045923024415969571e-01,1.758747050853497751e-01
2.008861005306243896e-01,1.956545982724992028e-01
2.171941995620727539e-01,2.055859245629842735e-01
2.023674994707107544e-01,2.152096418645804976e-01
1.969362944364548007e-01,1.944215075074719468e-01
2.066201269626617154e-01,1.920657638041061432e-01
2.307016998529434482e-01,2.193537121648251043e-01
2.136748582124710083e-01,2.169243558859006160e-01
2.210098206996917447e-01,2.283324561961926624e-01
2.026610970497131625e-01,2.088136412522053065e-01
1.918098330497741422e-01,2.028466905081554861e-01
1.860962957143784124e-01,1.957186603723621299e-01
2.998737990856171209e-01,1.791983074598735293e-01
2.435151785612106601e-01,2.745199640220833404e-01
1.675205081701278687e-01,2.343633562684287186e-01
1.851512044668197632e-01,1.741093288844030862e-01
1.983390152454375943e-01,1.902736673838996695e-01
2.147694528102874478e-01,1.965354270935592285e-01
2.744570672512054443e-01,2.158112962625856335e-01
2.071107774972915927e-01,2.609686504970843424e-01
1.965135931968688965e-01,2.053059901353004868e-01
2.025545984506606778e-01,1.970824498394311008e-01
1.973968744277953824e-01,2.098175339917748572e-01
2.371928393840789517e-01,2.045987462512881550e-01
2.096156179904937467e-01,2.440959982002693096e-01
2.188799381256103238e-01,1.945648160718019271e-01
2.991323173046112061e-01,2.169556847393506460e-01
3.703671991825103760e-01,3.586728016315592349e-01
2.537753880023956299e-01,3.686607898328961852e-01
2.583504617214202881e-01,2.220602547238955116e-01
1.964800357818603516e-01,2.406355006002487418e-01
2.233009040355682373e-01,1.956206072561240128e-01
2.084790617227554599e-01,2.192643023467718832e-01
2.063921540975570679e-01,2.193937173221973680e-01
1.907173544168472290e-01,2.017737417654021370e-01
2.108760029077530185e-01,1.752013868372039873e-01
1.988846510648727417e-01,2.036374907322437422e-01
2.070428282022476196e-01,2.007526527427681839e-01
4.495427012443543591e-01,1.983650226272203887e-01
3.919491171836853027e-01,4.875550560222650653e-01
2.748836874961853027e-01,3.706711336010058977e-01
2.935220301151276190e-01,2.582935049625639801e-01
3.063029944896697998e-01,2.947434246514489820e-01
2.236190885305404663e-01,3.031484467947967443e-01
1.970064640045165738e-01,2.091516525295845086e-01
2.222929000854491910e-01,1.942492963350667678e-01
2.129120975732803622e-01,2.345063325462983794e-01
2.111652940511703491e-01,2.133241781700487283e-01
1.949672847986221313e-01,1.977992765916065376e-01
2.242754995822906494e-01,1.936383822111158171e-01
1.880159825086593350e-01,2.221392968781253918e-01
1.927028000354766846e-01,1.812408652804699261e-01
2.494726628065109253e-01,1.902620464089833097e-01
1.843072175979614535e-01,2.481131429315617254e-01
1.958325058221817017e-01,1.818356181166892460e-01
1.885980367660522738e-01,1.894267252661872847e-01
1.893583983182907104e-01,1.946302384190362056e-01
1.822073012590408603e-01,1.846835950904549550e-01
1.796488463878631592e-01,1.725697048748491003e-01
2.041255980730056763e-01,1.744383393298813145e-01
1.950753927230834961e-01,2.042382045738605767e-01
1.940153539180755893e-01,1.900100341328593012e-01
2.428829520940780917e-01,1.911415950066867042e-01
2.461629658937454224e-01,2.409586647431211370e-01
2.234285175800323486e-01,2.533047582672965925e-01
2.169086933135986328e-01,2.188148567859971305e-01
1.911730021238327026e-01,2.150146695401712882e-01
1.682610064744949341e-01,1.811060468918115618e-01
1.789516657590866366e-01,1.521592264611773271e-01
2.044772058725357056e-01,1.737546372631448288e-01
2.032073587179183960e-01,2.067351527268822542e-01
2.234009951353073120e-01,2.002626826149894179e-01
2.588768005371093750e-01,2.116623813599647075e-01
2.280115038156508844e-01,2.506388767728511824e-01
1.634968966245651245e-01,2.239474856279290438e-01
1.859123855829238892e-01,1.540879487361426492e-01
1.785075962543487549e-01,1.858598316016439600e-01
2.542034089565277100e-01,1.812281427085569996e-01
2.264477610588073730e-01,2.578001465698503969e-01
2.390624135732651312e-01,2.145466991346729191e-01
2.384739071130753119e-01,2.368539746319840988e-01
2.205873429775238037e-01,2.507949973289819168e-01
2.239636480808258334e-01,2.153166873183173513e-01
1.944653987884521207e-01,2.216216249326871113e-01
1.634901016950607300e-01,1.827646562887127180e-01
1.773174256086349487e-01,1.517764587248345010e-01
1.831925064325332364e-01,1.832621805496727485e-01
1.608350872993469238e-01,1.725590580171999788e-01
1.789468824863433838e-01,1.514012941489260577e-01
1.762941032648086548e-01,1.801041043616839754e-01
1.918971985578536987e-01,1.682290172852821120e-01
2.467120736837387363e-01,1.972166164750927264e-01
2.420776039361953180e-01,2.743710480517922989e-01
1.608465462923049927e-01,2.401264105166224239e-01
1.673102676868438443e-01,1.364674420278796929e-01
1.848126053810119906e-01,1.557250579396037282e-01
1.993591934442519864e-01,1.906498590110139446e-01
1.895201951265335083e-01,1.958429971619055354e-01
2.444770485162734985e-01,1.791824472160837567e-01
2.282528877258301059e-01,2.202977981466588131e-01
2.107089906930923739e-01,2.219084910913997899e-01
1.978048980236053189e-01,2.304837647698367575e-01
2.733131051063537598e-01,2.040553983195321497e-01
2.398502230644225797e-01,3.057887396754410125e-01
1.646265089511871338e-01,2.210060654296896188e-01
1.715828478336334229e-01,1.435088127498317934e-01
2.350890487432480136e-01,1.666783981621849653e-01
2.251530140638351440e-01,2.344916966659765789e-01
2.331852018833160400e-01,2.216071434816735686e-01
2.020958065986633301e-01,2.324649518729003939e-01
1.881015300750732422e-01,2.058781867454047010e-01
2.234034091234207153e-01,1.819250160256176696e-01
2.418016940355300903e-01,2.343622224843336932e-01
2.017266303300857266e-01,2.211402616857993941e-01
1.667926013469696045e-01,2.014632881782713048e-01
1.766120344400405884e-01,1.571283525630103317e-01
2.151339054107666016e-01,1.817948080531756605e-01
2.899451851844788153e-01,2.147073945082008384e-01
2.927406132221221924e-01,3.307077964907855216e-01
2.598164081573486328e-01,2.750815717285265971e-01
2.179778963327408114e-01,2.569533709687366052e-01
2.050486057996749878e-01,1.974690416074169896e-01
2.061820030212402344e-01,1.978130601528104993e-01
1.988296955823898593e-01,2.193948781752959598e-01
2.033157944679260809e-01,1.998445474664058141e-01
2.031327337026596347e-01,1.968377163939175889e-01
2.340615987777710238e-01,2.122735965391594204e-01
2.308412343263625821e-01,2.410417004387621076e-01
1.903560012578963956e-01,2.124950679539144849e-01
2.246207594871520996e-01,1.849450079305316463e-01
1.986407041549682617e-01,2.354485188600720091e-01
1.930263042449951172e-01,1.903458092777079169e-01
1.897509992122649869e-01,1.856140083397633256e-01
1.858561486005783081e-01,1.927909706676636248e-01
1.667204946279525757e-01,1.803511828750889445e-01
1.936000734567642767e-01,1.557079630193452802e-01
2.083924710750580112e-01,1.975376400919528208e-01
1.796658039093017578e-01,2.147076088376163872e-01
2.010916024446487427e-01,1.673631319132798945e-01
1.947717964649200439e-01,1.998001882515957062e-01
1.828583031892776489e-01,1.996873796832296377e-01
1.527018994092941284e-01,1.751253601837227114e-01
1.696159988641738892e-01,1.417915014449996347e-01
1.580465734004974365e-01,1.610597021836085718e-01
1.731242984533310214e-01,1.557599374454148589e-01
2.204860746860503873e-01,1.703110995548389461e-01
2.816658914089202881e-01,2.476997867442511936e-01
3.555045723915100098e-01,2.906363970452189305e-01
3.495651185512542725e-01,4.180863983817429963e-01
2.400473654270172119e-01,3.033602263192707316e-01
1.843069046735763550e-01,2.034468957824963620e-01
1.679867953062057495e-01,1.840095814366149996e-01
2.073428332805633267e-01,1.621307983701003042e-01
3.016481101512908936e-01,2.248521511196351075e-01
2.592641115188598633e-01,2.790800911481451929e-01
2.050412595272063931e-01,2.499381012519711620e-01
2.621370851993560791e-01,2.091213909986414099e-01
2.543610632419586182e-01,2.519270218257508853e-01
2.424586564302444458e-01,2.660760775450909388e-01
2.463154047727585116e-01,2.576685119432409743e-01
2.683678865432739258e-01,2.407718362814437740e-01
2.536134123802185059e-01,2.929810270921823223e-01
2.511056959629058838e-01,2.501856323539387583e-01
2.355776131153106967e-01,2.369905176303834515e-01
2.014831006526947021e-01,2.313695537501213595e-01
1.968656927347183505e-01,1.933880932220782833e-01
1.675257831811904907e-01,1.874839914998016888e-01
2.163158357143402100e-01,1.622372234621162479e-01
1.841740161180495938e-01,2.208925231826407987e-01
2.706716060638427734e-01,1.709733299184049427e-01
3.321622908115386963e-01,2.667995698270928528e-01
3.424106836318969727e-01,3.971156613701152804e-01
3.334882259368896484e-01,3.699196085126407185e-01
2.241699099540710449e-01,3.058838976734855053e-01
2.127934992313385010e-01,2.021826324249470785e-01
2.643494009971619207e-01,2.019164797970562641e-01
2.339650541543960849e-01,2.782258815494293991e-01
2.242033332586288452e-01,2.387306559694807040e-01
1.966407001018524170e-01,2.126255503216646081e-01
2.213913053274154663e-01,1.847398224603849504e-01
1.992403119802474976e-01,2.179892443957346104e-01
1.901159286499023438e-01,1.883893270595689562e-01
2.000212967395782748e-01,1.861661263283740930e-01
1.881960034370422363e-01,2.005741284941055247e-01
2.257640063762665072e-01,1.809969783786286590e-01
1.905837059020996094e-01,2.263131524085770507e-01
2.126784026622772217e-01,1.865987629381706259e-01
1.995152980089188177e-01,1.951226050642820842e-01
2.036905288696289340e-01,2.016029039917539567e-01
1.914628148078918457e-01,2.056028541316728409e-01
2.602671086788176935e-01,1.884486599250732031e-01
2.410915046930313388e-01,2.753689768185098585e-01
2.060085982084274570e-01,2.270502820886816653e-01
1.719783544540405273e-01,1.898990646008318628e-01
1.694041937589645386e-01,1.625881607325439238e-01
1.943304240703582764e-01,1.598920387659543418e-01
2.030708640813827515e-01,2.096364596380602408e-01
2.182700932025909146e-01,2.018319949091479659e-01
2.044367194175719937e-01,2.186821148458956143e-01
2.417660057544708807e-01,1.965243106891505775e-01
2.201220840215682983e-01,2.609131829909551170e-01
2.470148950815201083e-01,2.115451338707934337e-01
2.453936934471130094e-01,2.529728182273868753e-01
2.149323076009750366e-01,2.494992020033096336e-01
1.983320713043212891e-01,1.966285370991906756e-01
2.150899022817611972e-01,1.928209602496152308e-01
1.953707039356231689e-01,2.179020904972904238e-01
2.273865938186644953e-01,1.882275364257922634e-01
1.765360683202743530e-01,2.221555072875663894e-01
3.349621891975402832e-01,1.718801752843886477e-01
3.057914972305297852e-01,3.439349886512332866e-01
2.043210864067077914e-01,2.925775708698564737e-01
2.639636099338531494e-01,1.994737391454876885e-01
2.840686142444610596e-01,2.461794044772468992e-01
2.565046846866608221e-01,2.815896942791555335e-01
1.598615348339080811e-01,2.547258055332155546e-01
1.780257374048233032e-01,1.590149349547697877e-01
1.990472823381423950e-01,1.744969410309586133e-01
1.883261650800704956e-01,1.987476828169260912e-01
1.916811913251876831e-01,1.900761587312031209e-01
2.216559946537017545e-01,1.906539098469610949e-01
2.184751033782958707e-01,2.132615588984460020e-01
2.504481077194213867e-01,2.322532182871339945e-01
2.391991466283798495e-01,2.665086449136805369e-01
2.403284162282944003e-01,2.418003092405553722e-01
2.023217231035232822e-01,2.256162746845795652e-01
2.085203975439071933e-01,1.935657715857973526e-01
1.989800930023193359e-01,2.115125504395429235e-01
1.943044960498809537e-01,1.868458006814749384e-01
2.246519029140472412e-01,1.903299473934216557e-01
1.838601976633071899e-01,2.281224631955960924e-01
1.995205432176589966e-01,1.713022817160540501e-01
1.920076012611389160e-01,1.924082140709310607e-01
1.980955004692077637e-01,1.906698067411652653e-01
1.925842463970184604e-01,1.908814192046021097e-01
1.921776980161666870e-01,1.928965168753681847e-01
1.978288739919662476e-01,1.852516645174504817e-01
1.929751932621002752e-01,2.019736388709434116e-01
1.773243993520736694e-01,1.897718616160968264e-01
1.786402463912963867e-01,1.686305293293289265e-01
1.924515962600708008e-01,1.711504844206301890e-01
2.029816657304764072e-01,1.871477311013034772e-01
1.996106952428817471e-01,2.020549639493229577e-01
3.492729067802428644e-01,2.001301145453756869e-01
3.246645033359528143e-01,3.822629703463315542e-01
2.013491839170455933e-01,3.223530770273602131e-01
2.082609981298446655e-01,1.986808724999976905e-01
1.967180371284484863e-01,1.989751741103329419e-01
1.683970987796783170e-01,1.874445775790029578e-01
1.571273952722549438e-01,1.579620892292219747e-01
2.034381031990051547e-01,1.485044606170382031e-01
1.713397651910782415e-01,2.075619719717628486e-01
1.448902040719985962e-01,1.641497948261104456e-01
1.324006021022796631e-01,1.282398331504793210e-01
1.390763670206069946e-01,1.226780658493310389e-01
1.872349977493286133e-01,1.404073502780881222e-01
1.901565045118331909e-01,1.966509760597396073e-01
2.105930447578430453e-01,1.966876919197906026e-01
1.981692165136337003e-01,2.084328815058309747e-01
2.313299924135208130e-01,1.976407342167862680e-01
2.672828137874603271e-01,2.616857199771596698e-01
2.939947843551635742e-01,2.601032160851307062e-01
2.432340085506438931e-01,2.938744395540832111e-01
2.186183035373688022e-01,2.260487002471966989e-01
1.907453685998916626e-01,2.143023853146114877e-01
2.226422727108001431e-01,1.914766181855595273e-01
2.214518934488296509e-01,2.334355860921993597e-01
2.097374200820922852e-01,2.275636104119830860e-01
2.342368513345718384e-01,2.047979175966884169e-01
2.170636057853698730e-01,2.191671972284861269e-01
2.086910158395767212e-01,2.286432676470151748e-01
2.222295254468917569e-01,1.993001826726831238e-01
2.129457294940948764e-01,2.108569435346192289e-01
1.835393011569976807e-01,2.200916705714575650e-01
1.875299960374831876e-01,1.774643418627395719e-01
1.938352584838866910e-01,1.833216561995234251e-01
1.942632943391799927e-01,1.995193741185980751e-01
1.873460412025452215e-01,1.859988128829114240e-01
1.905569285154342651e-01,1.752782255919221877e-01
1.832018047571182529e-01,1.883943907859755296e-01
1.902956068515777588e-01,1.841882329926511352e-01
1.891089975833892822e-01,1.798959261815286370e-01
1.819614022970199863e-01,1.924777361572126699e-01
2.226949036121368408e-01,1.806755380091276397e-01
2.009170949459075928e-01,2.297456214172514388e-01
1.943915784358978271e-01,2.010717357635552760e-01
1.960569024085998535e-01,1.854478369748601696e-01
2.074400931596755704e-01,1.951081788444905263e-01
2.000678032636642178e-01,2.071343455004898970e-01
1.849348992109298984e-01,1.911975505193931058e-01
1.914010494947433472e-01,1.847715402890004466e-01
2.055577039718627930e-01,1.905098741261821715e-01
2.256706357002258856e-01,2.136355689216414833e-01
1.874290108680725098e-01,2.139215561523680198e-01
1.931275576353073120e-01,1.868178585767472366e-01
1.810770928859710693e-01,1.957304799957166608e-01
4.604647159576415461e-01,1.694329438334478966e-01
4.378605186939240057e-01,4.091701733979372091e-01
2.273572981357574463e-01,4.244740971525834405e-01
1.984222531318664828e-01,2.444219122575727321e-01
1.805235445499419888e-01,1.934909088252172449e-01
2.088513970375060758e-01,1.756500871347859427e-01
2.000157982110976618e-01,2.060774013179420272e-01
1.736753731966018677e-01,2.012030279764828733e-01
1.996680051088333130e-01,1.693433009112696452e-01
1.754488945007324496e-01,1.954979316671751066e-01
2.094203978776932318e-01,1.694847959062222298e-01
1.724482625722885132e-01,2.088081890474181024e-01
1.713635921478271484e-01,1.699510933176368033e-01
1.702087521553039273e-01,1.599536154214138417e-01
1.938814073801040649e-01,1.679316035326734735e-01
1.973596364259720126e-01,1.913462533758622519e-01
1.518772840499877930e-01,1.994658882494536323e-01
1.766516566276550571e-01,1.372955354353208590e-01
2.368807047605514526e-01,1.594326597279352165e-01
2.842651307582855225e-01,2.591241349770179725e-01
3.393641114234924316e-01,2.999017563855896906e-01
2.359429746866226751e-01,3.302464362617315019e-01
1.933852136135101318e-01,2.194969952563306514e-01
2.076206952333450595e-01,1.926880172136780922e-01
2.094228416681289118e-01,2.094356993127138300e-01
2.029076218605041226e-01,2.054168993750358496e-01
1.853289008140564242e-01,1.968874504034310580e-01
1.824795007705688477e-01,1.843689527549002005e-01
1.910450011491775513e-01,1.763367769997073731e-01
1.942836940288543979e-01,1.860427990766095052e-01
1.863520592451096136e-01,1.932377950527016108e-01
2.061766982078551969e-01,1.849256240850791766e-01
2.036442905664443970e-01,1.998792628939734806e-01
2.072980999946594516e-01,2.091336525298023996e-01
2.047239691019058505e-01,2.046275794214172106e-01
1.948221027851104736e-01,2.112282707983878793e-01
2.063589692115784247e-01,1.873596436606125570e-01
1.980886012315750122e-01,2.055971903924053157e-01
1.967703551054000854e-01,2.028727086214035247e-01
1.704124957323074618e-01,1.866564940368734826e-01
1.620960831642150879e-01,1.628970898393228006e-01
2.152855992317200262e-01,1.548658701577791397e-01
2.017627954483031949e-01,2.099863111450329112e-01
1.994546651840210238e-01,2.036012893377401323e-01
1.885830014944076538e-01,2.033358824566277312e-01
1.777306050062179565e-01,1.893187799660866200e-01
1.696542352437973022e-01,1.696343897261840539e-01
1.783816069364547729e-01,1.642051017270690916e-01
1.979020982980727872e-01,1.727221033742799838e-01
1.862878054380416870e-01,1.972361456564435955e-01
1.901234537363052646e-01,1.813789409082691428e-01
1.885761320590972900e-01,1.909072143556383994e-01
1.887152642011642456e-01,1.924921411443417385e-01
2.029483020305633267e-01,1.803753374908559637e-01
1.938583850860596258e-01,1.910378056599628116e-01
1.934503465890884122e-01,2.012624147921155127e-01
1.718572974205017090e-01,1.942405634086509791e-01
1.934519559144973477e-01,1.633285207312217546e-01
1.987380981445312778e-01,1.908794600645870032e-01
1.829220354557037631e-01,1.896633680398935873e-01
1.987580806016921997e-01,1.784100563368831993e-01
1.991298943758010864e-01,2.056452370961251719e-01
1.960126012563705167e-01,2.009017846131599394e-01
1.811666339635848999e-01,2.007661410988692829e-01
2.228865027427673617e-01,1.808747571867125592e-01
1.650676876306533813e-01,2.117384942115263236e-01
1.952784955501556119e-01,1.618941360433055199e-01
1.826629936695098877e-01,1.891144655844304578e-01
2.735207974910736084e-01,1.817841635748074502e-01
2.687470018863677979e-01,2.535315128739672463e-01
2.585682272911071777e-01,2.740488778747476872e-01
2.237731963396072665e-01,2.746014090004166297e-01
1.998770385980606079e-01,2.032605094787273969e-01
2.061658948659896573e-01,2.043451967665525226e-01
1.658605039119720459e-01,2.101501025292714930e-01
1.866747587919235229e-01,1.547904772164950260e-01
1.450039297342300415e-01,1.925455072099921394e-01
1.404531002044677457e-01,1.281476249204698548e-01
1.512558013200759888e-01,1.270019598772793024e-01
1.624787002801895142e-01,1.483287076622601119e-01
1.815999448299407959e-01,1.577850044452883405e-01
1.884922981262207031e-01,1.892291798968553374e-01
2.261683344841003418e-01,1.840580366077757268e-01
1.973526030778884888e-01,2.263699226887975757e-01
