1.742661595344543457e-01,2.029676430109383090e-01
1.572303026914596558e-01,2.003143451639605999e-01
1.941800117492676059e-01,1.887922618914458506e-01
1.970258951187133512e-01,1.996629043585160246e-01
1.859861761331558505e-01,2.058381838167386013e-01
1.705197989940643033e-01,2.091116228966499457e-01
1.844120919704437256e-01,1.973937145282966543e-01
1.779371052980423251e-01,2.008324697018306904e-01
3.004232645034790039e-01,1.970760194591119896e-01
3.969086110591887873e-01,2.501050612585471455e-01
8.820003867149353027e-01,3.377264382920708852e-01
6.841114759445190430e-01,5.691384154870088308e-01
2.116497457027435580e-01,5.783134231724630370e-01
2.014262527227401733e-01,4.451766457877985861e-01
2.061583995819092074e-01,2.857408642153979605e-01
3.160260915756225586e-01,2.157027745087776449e-01
3.489396274089813232e-01,2.315667058765488173e-01
1.544443815946578979e-01,2.663211941013657880e-01
1.959947794675827026e-01,2.363836629566307690e-01
1.894801408052444180e-01,2.262286546874994198e-01
4.474425017833709162e-01,2.031863168423969912e-01
3.771362304687500555e-01,2.670508546750621770e-01
1.889318972826004028e-01,2.824788708806555415e-01
1.752775162458419522e-01,2.620346181665896279e-01
1.822472065687180121e-01,2.146310913761907968e-01
1.866402029991149902e-01,1.963272790632241693e-01
1.715678423643112183e-01,1.969007186662830866e-01
1.676391065120696744e-01,1.937139378341813656e-01
1.773854047060013095e-01,1.869555224624255829e-01
1.872433423995972235e-01,1.918974516190365964e-01
3.204146027565002441e-01,2.024277793570834483e-01
3.134283721446990967e-01,2.804682227327118804e-01
3.171058297157288153e-01,3.295542212568730589e-01
2.202603369951247891e-01,3.694456324744473386e-01
1.659800857305526733e-01,2.899946369674200053e-01
1.415748745203018188e-01,2.188497423340625969e-01
1.852595061063766479e-01,1.645554858957638533e-01
1.814238876104354858e-01,1.707295575182917469e-01
1.905867606401443481e-01,1.856136690330688344e-01
1.810430586338043213e-01,2.030713227692467204e-01
1.954265981912612915e-01,2.002003580936159710e-01
2.029463946819305142e-01,2.053176371685072887e-01
1.862521618604660034e-01,2.111248321532323002e-01
4.038094580173492432e-01,2.076975925283199853e-01
3.743042349815369207e-01,3.182584373393983479e-01
2.572054266929626465e-01,3.253630998560719800e-01
2.253161966800689420e-01,3.191747324935850227e-01
1.787700653076171875e-01,2.521677679379483172e-01
1.761920750141143799e-01,2.186311094363711516e-01
1.861467957496643066e-01,2.010600330013393167e-01
1.954011768102645874e-01,1.977244653512411909e-01
1.907722949981689176e-01,2.041096919446105384e-01
1.898660957813262939e-01,2.082854580465206829e-01
2.001174986362457275e-01,1.994194317121266435e-01
1.922753006219863892e-01,2.119959310954118159e-01
1.810636967420578003e-01,2.098487914858981895e-01
1.635809391736984530e-01,2.056820615668262242e-01
1.916799396276473999e-01,1.848458663452191564e-01
2.058236002922058105e-01,1.876223352464095051e-01
1.857409924268722812e-01,2.033765761495630597e-01
1.752161234617233276e-01,2.068650620784751870e-01
1.845117062330245972e-01,1.988952713584278276e-01
2.143009155988692682e-01,1.920491605398856050e-01
2.104043960571289062e-01,2.088301401134040058e-01
2.088565975427628119e-01,2.191036172774367408e-01
1.900728046894073209e-01,2.281930671617823092e-01
1.872539073228836337e-01,2.123971854381768443e-01
1.799222826957702359e-01,2.009927412379864942e-01
1.978618204593658170e-01,1.936193659495959452e-01
1.711323857307434082e-01,2.000529653643953742e-01
1.677809953689575195e-01,1.931118005000557192e-01
2.158481031656264981e-01,1.890837264841264409e-01
1.768843084573745450e-01,2.014585065537048969e-01
1.834106147289276123e-01,1.976662246995189165e-01
1.911945044994354526e-01,1.959927224779322019e-01
2.066745012998580655e-01,1.970209382579960755e-01
2.195876985788345337e-01,2.115426125532500756e-01
1.944769918918609342e-01,2.143465651978235520e-01
1.787724494934081754e-01,2.059756460755430008e-01
1.796004772186279574e-01,1.967936133107034136e-01
1.640222966670989990e-01,1.957582392618978651e-01
1.769366562366485596e-01,1.830576419843476799e-01
1.665234863758087158e-01,1.784714938108226401e-01
1.732649058103561124e-01,1.778788123592087156e-01
1.832000017166137418e-01,1.847766631132954085e-01
2.088083624839782715e-01,1.918302247460368370e-01
2.025922685861587247e-01,2.095296320922320765e-01
1.863885968923568726e-01,2.182387545933290318e-01
1.885485500097274780e-01,2.123899919078305609e-01
1.833238750696182529e-01,2.076122599974843941e-01
2.197588831186294278e-01,1.971124925664147209e-01
2.151579260826110840e-01,2.151844130013909895e-01
1.312076449394226074e-01,2.152793817508657503e-01
1.684847325086593628e-01,1.840388792237490911e-01
1.677834987640380859e-01,1.800263176463627324e-01
1.778024435043334961e-01,1.656243364105708660e-01
1.968562752008438388e-01,1.871676627154508776e-01
1.775619983673095148e-01,1.930888015806208335e-01
1.751745045185089389e-01,1.962062535503256433e-01
1.833387613296508789e-01,1.910245408838880665e-01
2.103900015354156772e-01,1.930678762563519946e-01
1.892182081937789917e-01,2.076939471128056158e-01
1.846891939640044888e-01,2.110980427364798628e-01
1.597519963979721069e-01,1.998832737262693782e-01
1.763989776372909546e-01,1.798598127106419697e-01
1.978137493133544922e-01,1.795149190483456558e-01
1.773964017629623136e-01,1.988157150149967023e-01
2.039294093847275058e-01,1.939093103269011464e-01
2.793866395950316828e-01,2.093698440645177516e-01
2.514718174934387207e-01,2.447919384200418491e-01
2.833725214004517157e-01,2.571065526796659784e-01
2.856159806251525879e-01,2.956642162885188552e-01
1.691618561744689664e-01,2.787848274167110674e-01
1.986771523952484131e-01,2.374388551560786820e-01
1.824937760829925260e-01,2.170432521157931449e-01
2.099210023880004883e-01,1.985383182433467231e-01
1.662387549877166748e-01,2.189713939503041551e-01
1.823978126049041193e-01,1.958834762884383296e-01
2.158337980508804876e-01,1.984017632314032109e-01
1.994820386171340942e-01,2.031249432183846737e-01
1.810178905725479126e-01,2.124496908143892471e-01
1.886273920536041260e-01,2.091370784797055848e-01
1.838997006416320801e-01,2.021732265898894820e-01
2.386641800403594971e-01,1.970058808214915358e-01
3.205133974552154541e-01,2.399656152658946329e-01
3.201048076152800959e-01,2.580082430535531879e-01
3.317869901657104492e-01,3.045029286275045544e-01
2.349332422018050870e-01,3.207570003381375323e-01
2.282197028398513516e-01,2.930597619888080096e-01
1.862514019012451172e-01,2.607489599099902522e-01
1.881189942359924594e-01,2.179361745884829116e-01
2.293289005756378451e-01,2.113040480286770273e-01
2.285813987255096436e-01,2.198481625865979228e-01
2.966041862964630127e-01,2.508887447641842683e-01
2.234010547399520874e-01,2.728528683250046050e-01
2.144542932510375977e-01,2.580659137408458093e-01
1.961078941822052002e-01,2.438840144072422500e-01
1.801499277353287021e-01,2.185693232327103330e-01
1.831340938806533536e-01,2.074838999308215026e-01
1.912952065467834195e-01,1.984362224547220055e-01
2.476447969675064087e-01,2.058363681011844415e-01
2.153915017843246182e-01,2.151998338823538914e-01
1.901023983955383578e-01,2.127388873147578185e-01
1.967433989048003873e-01,2.105060099828464926e-01
1.806160062551498413e-01,2.112159452919270819e-01
1.939498037099838534e-01,2.036949736008307477e-01
1.982128173112869540e-01,1.996248369942552059e-01
1.926424354314804077e-01,1.955654039828943203e-01
1.697379499673843384e-01,2.018419521363295499e-01
1.767573058605194092e-01,1.954623700640486794e-01
1.786662638187408170e-01,1.905566386815365776e-01
1.912915557622909268e-01,1.889949441201289604e-01
1.682408750057220459e-01,1.987990848407026889e-01
1.219834238290786743e-01,1.861018117095825097e-01
1.387385427951812744e-01,1.604227637631467918e-01
1.894755959510803223e-01,1.486422167222319901e-01
1.874510943889617920e-01,1.684951225057484681e-01
2.440665513277053833e-01,1.926885016950305729e-01
2.219963967800140381e-01,2.302321624167747161e-01
1.947617977857589444e-01,2.263554114312294752e-01
1.859644204378128052e-01,2.187242513793564158e-01
1.870556026697158536e-01,2.087605459693465948e-01
2.049419134855270386e-01,1.955897913374807506e-01
3.850685060024261475e-01,2.076954975797083436e-01
3.382981419563292902e-01,2.512180643609016051e-01
2.311079055070877075e-01,2.735339959207376270e-01
1.962449550628661832e-01,2.710872969745029559e-01
1.784480065107345581e-01,2.287502000654804135e-01
1.857410371303558627e-01,2.019059299775740057e-01
1.818749755620956698e-01,1.956146484334168323e-01
1.790819615125656128e-01,1.961030929873216755e-01
1.867637038230895719e-01,1.947724650945852898e-01
3.074838817119598389e-01,1.975430136412575366e-01
2.563236057758331299e-01,2.448562337014739132e-01
3.016590476036071777e-01,2.417532673813170829e-01
3.871228992938994806e-01,3.113223159011543340e-01
2.734268903732300360e-01,3.959527758173325696e-01
1.934034079313278476e-01,3.454063907213164586e-01
1.849085837602615912e-01,2.681409942748406161e-01
2.682054042816162109e-01,2.106160820948654311e-01
2.072546035051345548e-01,2.498868213736521182e-01
1.928880363702774048e-01,2.304649825267969521e-01
1.899161785840987882e-01,2.258940276176807926e-01
1.885657012462616244e-01,2.037693147767534463e-01
1.931996941566467563e-01,2.051573556429483192e-01
1.296745538711548129e-01,2.006687774056892248e-01
1.567745953798294067e-01,1.725782812498487806e-01
2.412368059158324918e-01,1.650899225859698283e-01
4.479171633720397949e-01,1.997512722428647636e-01
7.546014785766600452e-01,3.528610968986575225e-01
6.383669972419738770e-01,4.827895858437241672e-01
3.489852249622344971e-01,5.076256411325743567e-01
3.183498978614807129e-01,4.522995106300751744e-01
2.614668905735015869e-01,3.738373103587777635e-01
2.569813728332519531e-01,3.063986124239915232e-01
2.274889498949050903e-01,2.787138565702814708e-01
1.593737602233886719e-01,2.373502298475098360e-01
2.165970057249068659e-01,1.976567059788396363e-01
2.079710960388183871e-01,2.141283094581253044e-01
1.930765211582184115e-01,2.165494284469255959e-01
2.153376042842864990e-01,2.190925042373003673e-01
5.549836754798889160e-01,2.276230230155165679e-01
5.099799633026123047e-01,4.415537705322061246e-01
2.535916566848754883e-01,4.524553129022035325e-01
1.850019842386245450e-01,3.744032080303356103e-01
1.727939993143081387e-01,2.536037338840942401e-01
1.761609017848968506e-01,2.020620391063305821e-01
1.905422955751419345e-01,1.899295688630629197e-01
1.684180349111557007e-01,1.880343398560623824e-01
1.689333617687225342e-01,1.831364556202014215e-01
1.980420649051666537e-01,1.777090296261310820e-01
1.612316220998764038e-01,1.886994264901960816e-01
1.442013978958130160e-01,1.853363224649678953e-01
1.259213238954544067e-01,1.710226863752352111e-01
1.400409787893295288e-01,1.478566595701802100e-01
1.946723610162734708e-01,1.455491457217499007e-01
1.781254708766936978e-01,1.759390820207824280e-01
1.895092576742171964e-01,1.898350482874999745e-01
2.166133970022201261e-01,2.025640567215756804e-01
1.696722060441970548e-01,2.175998095193229787e-01
2.109026014804839810e-01,1.970364420254093196e-01
2.371999472379684448e-01,2.140959011938546597e-01
1.463003754615783414e-01,2.237742530770895355e-01
4.047906100749969482e-01,2.013604185454785367e-01
3.577617108821868896e-01,2.843148592761579607e-01
2.219824343919754028e-01,2.938475716490391298e-01
2.553716301918030340e-01,2.845120976989458650e-01
2.273367345333099365e-01,2.723826720965992210e-01
1.758806854486465454e-01,2.435543276428800696e-01
2.118712961673736850e-01,2.213049509718321151e-01
1.948491036891937256e-01,2.178853497113680537e-01
1.590297073125839233e-01,2.090793977569313511e-01
1.815824955701828280e-01,1.966483203143813696e-01
2.216224968433380127e-01,1.961894180022271117e-01
1.570345163345336914e-01,2.039401266650892608e-01
2.048864960670471191e-01,1.928942680579245339e-01
1.417246013879776001e-01,2.069419100392809741e-01
1.926406770944595614e-01,1.834105606049952208e-01
2.252101451158524115e-01,2.056003397163451984e-01
1.820016801357269287e-01,2.111687481867998428e-01
1.686857044696807861e-01,2.131552989319669134e-01
2.045876085758208673e-01,1.945542016715277045e-01
1.815108954906463901e-01,1.966002613181637437e-01
2.036586105823516846e-01,1.964235879919578320e-01
1.731049269437789917e-01,2.062995594371957175e-01
1.787570714950561523e-01,1.967821664652126268e-01
1.665375530719757080e-01,1.925463713596757831e-01
1.929849982261657437e-01,1.837555024775181511e-01
1.356869190931320190e-01,1.919553536776434366e-01
1.972582042217254639e-01,1.698425998892330591e-01
1.961945891380310059e-01,1.927512412296014943e-01
2.692976891994476318e-01,2.040131047612207260e-01
2.406771630048752109e-01,2.326897054912694662e-01
3.281686902046204168e-01,2.375951528729879081e-01
2.625965774059296209e-01,2.835425666489276297e-01
1.727855503559112271e-01,2.714520108152352340e-01
2.426082938909530362e-01,2.390860814696022518e-01
2.097309380769729892e-01,2.230886846014078218e-01
1.691226661205291470e-01,2.086896161890186008e-01
1.770704984664917270e-01,1.999529807122262526e-01
1.755136996507644653e-01,1.929622011303212537e-01
1.939594447612762451e-01,1.882937665568192032e-01
2.223779261112213135e-01,2.030123577065138518e-01
1.937792897224426825e-01,2.254956786645610778e-01
1.706998199224472046e-01,2.148065707310524153e-01
2.422726899385452271e-01,2.022267333768189013e-01
2.456458657979964932e-01,2.128097780727678523e-01
2.152034044265747070e-01,2.372450831752087042e-01
2.623189091682434082e-01,2.449784721982008473e-01
3.426670730113983154e-01,2.557446390328804164e-01
2.930460572242736816e-01,3.044859810331731476e-01
2.535850703716278076e-01,2.965206605993047639e-01
2.274277955293655396e-01,2.919331535361776031e-01
1.842167228460311890e-01,2.547412697399304427e-01
1.641370058059692383e-01,2.323337662165053108e-01
2.186074256896972656e-01,1.972062898357215821e-01
2.313981950283050260e-01,2.096421717581823108e-01
2.503419816493988037e-01,2.344812935259147635e-01
2.445873767137527466e-01,2.638898553383470236e-01
2.327843457460403720e-01,2.622495242587289388e-01
2.558321058750153143e-01,2.597609247998746151e-01
2.179704755544662476e-01,2.561005541401636387e-01
2.834362983703612726e-01,2.494535166258152470e-01
5.718095898628234863e-01,2.731088451858069699e-01
5.010549426078796387e-01,3.740672553501570574e-01
2.063424885272980014e-01,4.182841897618578830e-01
2.198818922042846680e-01,3.488130534342012146e-01
2.567627131938934326e-01,2.734470222770495895e-01
1.991674900054931918e-01,2.420454953087077254e-01
1.796395033597946167e-01,2.219830647857704564e-01
1.522479057312011441e-01,2.091949592723707785e-01
1.826220005750656128e-01,1.766864524160640659e-01
1.689846664667129517e-01,1.835130355874741159e-01
1.901344954967498779e-01,1.820132100196940050e-01
1.587713211774826050e-01,1.918230797837414403e-01
3.365317881107330322e-01,1.847897894974551702e-01
2.839955985546112061e-01,2.255013582358273982e-01
1.813106983900070190e-01,2.364824899556111915e-01
2.357428967952728549e-01,2.351938274905849002e-01
2.266699969768523892e-01,2.415676502901047962e-01
2.176461517810821533e-01,2.382656537818298170e-01
2.445257008075714111e-01,2.443578529846271719e-01
2.140260040760040561e-01,2.333643179487879527e-01
4.906117916107177734e-01,2.277638755553455518e-01
3.368788957595825195e-01,3.745460994341667793e-01
1.897923052310943881e-01,3.543194079832177046e-01
3.753999471664429266e-01,3.058274151986027367e-01
3.568296134471892755e-01,2.860153542978293717e-01
1.710169017314910889e-01,2.971995218690949292e-01
1.877582967281341553e-01,2.626428439336475629e-01
2.173696309328079224e-01,2.214747025096286959e-01
2.206149846315383634e-01,2.060190774242569578e-01
2.409625947475433072e-01,2.176782206432440192e-01
2.214455157518387118e-01,2.274890957584325135e-01
1.875694990158081055e-01,2.253347683056536044e-01
2.020407021045684814e-01,2.156455670802707447e-01
1.875655949115752896e-01,2.044845677937668915e-01
1.922361850738525113e-01,2.007581176892250241e-01
2.296049296855926514e-01,2.046018704696479229e-01
2.739968001842498779e-01,2.179630905783638273e-01
2.319672256708145142e-01,2.454480591076925733e-01
2.075911909341812134e-01,2.365946804693660754e-01
3.036424219608306885e-01,2.336358950878157370e-01
3.383783698081970215e-01,2.775681807481668595e-01
3.199611008167266846e-01,3.293503207044403691e-01
3.591096997261047363e-01,3.557604368439695186e-01
3.135047256946564276e-01,3.451283994915600450e-01
2.517339885234832764e-01,3.177222744147685241e-01
2.257324606180191318e-01,2.879056882116926008e-01
1.833177059888839999e-01,2.514670711537861925e-01
2.443349212408065518e-01,2.142345322041668554e-01
1.904003769159317017e-01,2.216646945829990056e-01
1.802364736795425137e-01,2.032209903910374427e-01
1.564234346151351929e-01,2.025516673935197076e-01
1.534039974212646484e-01,1.814182477160712070e-01
1.766731888055801392e-01,1.712389876094668473e-01
1.556300967931747437e-01,1.765820598437414513e-01
1.889611035585403165e-01,1.700446996594984772e-01
1.759144961833954135e-01,1.914361250193143682e-01
1.905056983232498447e-01,1.875004421211664274e-01
1.891844570636749268e-01,1.984258094714708986e-01
2.012605071067810059e-01,2.016330213835263452e-01
1.980962008237838468e-01,2.148363753775203722e-01
1.744651794433594028e-01,2.123903786765213575e-01
1.666028350591659546e-01,2.032850525939156883e-01
1.785626411437988559e-01,1.872053357745748492e-01
2.162254005670547485e-01,1.864777443328528850e-01
1.954402029514312467e-01,1.988894356809970121e-01
1.996463239192962369e-01,2.099637952589652745e-01
1.873520165681839267e-01,2.145291089860157652e-01
2.032908946275711060e-01,2.103496649336943636e-01
2.073840051889420111e-01,2.136338224156436316e-01
1.647335141897201538e-01,2.180949113731422973e-01
2.097074985504150391e-01,1.991761877468719577e-01
2.250059992074966431e-01,2.103405603141140223e-01
2.478968948125839233e-01,2.227692742736797071e-01
2.200151830911636630e-01,2.368827917524220505e-01
2.001868933439254761e-01,2.276517790409828268e-01
1.719795018434524536e-01,2.188224306429489008e-01
2.091183662414550781e-01,1.964539373978301806e-01
2.345576137304306030e-01,1.954236796532300147e-01
2.321032136678696234e-01,2.161807925681076270e-01
2.362180352210998535e-01,2.352204194875067711e-01
1.746149510145187100e-01,2.379083045861936918e-01
1.927646994590759555e-01,2.175360980345985296e-01
1.902115345001220703e-01,2.058111619874334053e-01
1.870438009500503540e-01,2.024775225070635232e-01
1.348650753498077393e-01,2.004164338605284590e-01
1.943633109331131259e-01,1.743357257206532007e-01
2.312179952859878818e-01,1.900596990309654788e-01
3.674222230911254883e-01,2.157176273649765441e-01
4.052526056766510010e-01,3.360891902536294329e-01
2.675450444221497137e-01,3.482520505968620395e-01
2.505743205547332764e-01,3.137271874898386881e-01
2.333147972822189053e-01,2.625846960337100966e-01
1.702336072921752930e-01,2.334153106589225701e-01
2.178041040897369385e-01,2.095058174807805651e-01
2.151906937360763550e-01,2.218137510496593912e-01
1.993511021137237271e-01,2.153289981540681131e-01
2.202302068471908847e-01,2.156589984022184159e-01
2.307367920875549316e-01,2.181981371314830331e-01
1.803357303142547607e-01,2.235852828899005662e-01
1.888285428285598755e-01,2.114345036378657006e-01
1.690454930067062100e-01,2.072633375729736604e-01
1.963465064764022827e-01,1.893953420230562179e-01
1.642222702503204623e-01,1.956150967208837577e-01
2.183381021022796631e-01,1.850647404746448288e-01
1.817457973957061490e-01,2.052147469475088803e-01
1.796555072069168091e-01,2.009432955828091283e-01
1.700639575719833096e-01,1.996672171827057751e-01
1.770231574773788730e-01,1.874133402114349090e-01
1.864347159862518588e-01,1.841478974386920042e-01
1.785273402929306030e-01,1.905747955518174996e-01
1.158849000930785994e-01,1.879195054719209335e-01
1.570463031530380249e-01,1.602947616258951213e-01
1.788239777088165283e-01,1.586083059774078263e-01
2.961472272872924805e-01,1.725155463473648787e-01
2.756402194499968927e-01,2.526207239092562729e-01
3.272587060928344727e-01,2.746384250273843364e-01
2.612319886684417725e-01,3.196748186597803132e-01
1.807138323783874512e-01,2.797159222291860647e-01
2.054681032896041870e-01,2.412512672385453971e-01
2.013643831014632901e-01,2.185777041617565919e-01
2.207290083169936856e-01,2.134908633726284588e-01
2.160932719707489014e-01,2.309140105689803935e-01
1.806241124868393222e-01,2.264952978258191474e-01
1.964215040206908625e-01,2.157173829164805989e-01
2.367069572210312167e-01,2.141505847593648537e-01
1.872550845146179199e-01,2.198501180051216641e-01
1.886087059974670688e-01,2.160613912911591161e-01
1.932464987039566040e-01,2.147164514497372501e-01
2.095063477754592896e-01,2.077666944806516869e-01
4.529328942298888605e-01,2.279012130667658620e-01
4.101786911487578791e-01,2.865084053728123581e-01
2.743109166622161865e-01,3.197537165688514871e-01
3.030085861682891846e-01,3.311248335880667693e-01
2.769187986850738525e-01,3.242662958493661707e-01
3.595731556415557861e-01,3.050059393889304471e-01
3.149650990962982178e-01,3.313179243148726694e-01
2.099061757326126099e-01,3.146163454068437448e-01
2.169338017702102661e-01,2.826792871082474679e-01
2.144929021596908847e-01,2.485804460058914922e-01
2.086919993162155151e-01,2.330755245935399178e-01
1.932131946086883545e-01,2.289165134772520316e-01
1.841152161359787265e-01,2.153995680126076784e-01
1.946409046649932861e-01,2.038078043979016651e-01
1.737543940544128418e-01,2.019816748267548590e-01
2.000912129878997803e-01,1.908605028178255170e-01
1.927433013916016180e-01,2.016437140855426857e-01
2.095497995615005216e-01,2.056441866425056664e-01
1.882844567298888883e-01,2.135778279559130133e-01
1.948222815990447998e-01,2.069580611646612001e-01
1.811457574367523193e-01,2.069696135108268498e-01
2.015465050935744962e-01,2.029645650438366145e-01
2.141288071870804111e-01,2.079110212291357396e-01
2.533474564552307129e-01,2.244110834145369160e-01
3.017286956310272217e-01,2.648766682513703508e-01
3.397559225559234619e-01,3.108470071231954623e-01
2.594402134418487549e-01,3.436677747615002332e-01
1.857970058917999545e-01,3.031345550004486133e-01
2.045923024415969571e-01,2.512372254113380832e-01
2.008861005306243896e-01,2.134584571870226377e-01
2.171941995620727539e-01,2.109478134852952325e-01
2.023674994707107544e-01,2.181356977035829314e-01
1.969362944364548007e-01,2.140741644798524190e-01
2.066201269626617154e-01,2.083654315569871129e-01
2.307016998529434482e-01,2.179599601161520961e-01
2.136748582124710083e-01,2.210071588986922964e-01
2.210098206996917447e-01,2.352716809890083027e-01
2.026610970497131625e-01,2.271562527930352793e-01
1.918098330497741422e-01,2.250088699239888856e-01
1.860962957143784124e-01,2.163305019320657940e-01
2.998737990856171209e-01,2.085281141524957249e-01
2.435151785612106601e-01,2.293474048897332640e-01
1.675205081701278687e-01,2.260113829916164108e-01
1.851512044668197632e-01,2.119767114233375160e-01
1.983390152454375943e-01,2.008891037328258133e-01
2.147694528102874478e-01,2.011374668251829090e-01
2.744570672512054443e-01,2.163527521293339417e-01
2.071107774972915927e-01,2.353204986013898714e-01
1.965135931968688965e-01,2.273062523624110320e-01
2.025545984506606778e-01,2.198689380477933941e-01
1.973968744277953824e-01,2.164114922248737416e-01
2.371928393840789517e-01,2.216520228474665455e-01
2.096156179904937467e-01,2.426951488291567982e-01
2.188799381256103238e-01,2.296686928774137049e-01
2.991323173046112061e-01,2.325702245581639516e-01
3.703671991825103760e-01,2.948532137094875827e-01
2.537753880023956299e-01,3.419322780522040528e-01
2.583504617214202881e-01,3.120616909864055710e-01
1.964800357818603516e-01,2.738289483622329823e-01
2.233009040355682373e-01,2.263591322926564731e-01
2.084790617227554599e-01,2.241384328619899224e-01
2.063921540975570679e-01,2.230968978369176348e-01
1.907173544168472290e-01,2.235734932919162254e-01
2.108760029077530185e-01,2.067435853166356141e-01
1.988846510648727417e-01,2.041455611862435515e-01
2.070428282022476196e-01,2.032455465011548668e-01
4.495427012443543591e-01,2.054914147275953562e-01
3.919491171836853027e-01,3.222275940311938869e-01
2.748836874961853027e-01,3.412764056882446884e-01
2.935220301151276190e-01,3.274206689696651518e-01
3.063029944896697998e-01,2.860439528828493949e-01
2.236190885305404663e-01,2.800929751919389310e-01
1.970064640045165738e-01,2.486729746380547390e-01
2.222929000854491910e-01,2.237328717096670749e-01
2.129120975732803622e-01,2.215640777409164097e-01
2.111652940511703491e-01,2.251874539632036654e-01
1.949672847986221313e-01,2.210883035800160767e-01
2.242754995822906494e-01,2.111847557563110434e-01
1.880159825086593350e-01,2.169416327456964166e-01
1.927028000354766846e-01,2.059040913301233289e-01
2.494726628065109253e-01,2.050987032229652784e-01
1.843072175979614535e-01,2.205027054544433651e-01
1.958325058221817017e-01,2.117115127084788218e-01
1.885980367660522738e-01,2.097207553181581197e-01
1.893583983182907104e-01,2.030865695435042639e-01
1.822073012590408603e-01,2.035930485745265361e-01
1.796488463878631592e-01,1.959167333843397363e-01
2.041255980730056763e-01,1.899844934652027140e-01
1.950753927230834961e-01,1.987969660327710830e-01
1.940153539180755893e-01,1.998082459060072924e-01
2.428829520940780917e-01,2.030735455452943317e-01
2.461629658937454224e-01,2.189140164596485860e-01
2.234285175800323486e-01,2.385145966590038746e-01
2.169086933135986328e-01,2.387364064504809702e-01
1.911730021238327026e-01,2.332821865843782705e-01
1.682610064744949341e-01,2.109896822162274921e-01
1.789516657590866366e-01,1.875456899660964405e-01
2.044772058725357056e-01,1.783049134556138060e-01
2.032073587179183960e-01,1.902975573815613441e-01
2.234009951353073120e-01,2.004120279825431783e-01
2.588768005371093750e-01,2.081311711322759717e-01
2.280115038156508844e-01,2.216526762754519875e-01
1.634968966245651245e-01,2.215172493477667037e-01
1.859123855829238892e-01,1.958273012586410344e-01
1.785075962543487549e-01,1.887069774929329702e-01
2.542034089565277100e-01,1.847739459865569978e-01
2.264477610588073730e-01,2.232643897154530654e-01
2.390624135732651312e-01,2.219030871029259167e-01
2.384739071130753119e-01,2.360477623409613646e-01
2.205873429775238037e-01,2.402831329788014114e-01
2.239636480808258334e-01,2.380936434327403928e-01
1.944653987884521207e-01,2.356949008548812341e-01
1.634901016950607300e-01,2.132385643740898618e-01
1.773174256086349487e-01,1.905394261733582562e-01
1.831925064325332364e-01,1.871523031494363998e-01
1.608350872993469238e-01,1.830812683834691090e-01
1.789468824863433838e-01,1.771434703624760187e-01
1.762941032648086548e-01,1.803830310124774627e-01
1.918971985578536987e-01,1.781593700682873316e-01
2.467120736837387363e-01,1.945503238854566774e-01
2.420776039361953180e-01,2.374342590051722324e-01
1.608465462923049927e-01,2.540211000828496712e-01
1.673102676868438443e-01,2.191787897913825556e-01
1.848126053810119906e-01,1.892742405970757880e-01
1.993591934442519864e-01,1.849389726111203558e-01
1.895201951265335083e-01,1.973595686656375581e-01
2.444770485162734985e-01,1.965255541772710224e-01
2.282528877258301059e-01,2.014115002928469345e-01
2.107089906930923739e-01,2.032351421918664469e-01
1.978048980236053189e-01,2.194526504245448151e-01
2.733131051063537598e-01,2.196443334750587950e-01
2.398502230644225797e-01,2.703594314925780728e-01
1.646265089511871338e-01,2.580082756648273135e-01
1.715828478336334229e-01,2.265785540449114233e-01
2.350890487432480136e-01,1.915994815314309152e-01
2.251530140638351440e-01,2.060924315042163002e-01
2.331852018833160400e-01,2.174177597458128164e-01
2.020958065986633301e-01,2.321458318632088902e-01
1.881015300750732422e-01,2.242078418824617336e-01
2.234034091234207153e-01,2.131638733294000110e-01
2.418016940355300903e-01,2.262289451597241929e-01
2.017266303300857266e-01,2.243541585795584548e-01
1.667926013469696045e-01,2.234107043601124554e-01
1.766120344400405884e-01,1.944170870029282294e-01
2.151339054107666016e-01,1.936138743059235001e-01
2.899451851844788153e-01,2.027770196931575064e-01
2.927406132221221924e-01,2.736558262730139357e-01
2.598164081573486328e-01,2.845425773999325503e-01
2.179778963327408114e-01,2.904373774062120606e-01
2.050486057996749878e-01,2.415772556483075650e-01
2.061820030212402344e-01,2.224175589855572344e-01
1.988296955823898593e-01,2.168285925425088578e-01
2.033157944679260809e-01,2.194266238102029476e-01
2.031327337026596347e-01,2.178363144591786982e-01
2.340615987777710238e-01,2.228298116271330842e-01
2.308412343263625821e-01,2.396981397878472642e-01
1.903560012578963956e-01,2.348380078240556446e-01
2.246207594871520996e-01,2.200175251324428816e-01
1.986407041549682617e-01,2.273023793482874255e-01
1.930263042449951172e-01,2.161886060197864834e-01
1.897509992122649869e-01,2.125619684783667251e-01
1.858561486005783081e-01,2.048525806442990649e-01
1.667204946279525757e-01,2.011716791773475177e-01
1.936000734567642767e-01,1.872065974230302798e-01
2.083924710750580112e-01,1.953574286445718955e-01
1.796658039093017578e-01,2.089072104559666354e-01
2.010916024446487427e-01,2.026165751008794924e-01
1.947717964649200439e-01,2.067271452261709441e-01
1.828583031892776489e-01,2.062849009378992238e-01
1.527018994092941284e-01,2.035578706805213356e-01
1.696159988641738892e-01,1.823102132162589817e-01
1.580465734004974365e-01,1.743578948276099105e-01
1.731242984533310214e-01,1.686444143970040055e-01
2.204860746860503873e-01,1.764034124133961878e-01
2.816658914089202881e-01,2.167159480778656777e-01
3.555045723915100098e-01,2.608808504429052100e-01
3.495651185512542725e-01,3.564397254807344373e-01
2.400473654270172119e-01,3.440469675448263875e-01
1.843069046735763550e-01,2.950023542370872054e-01
1.679867953062057495e-01,2.260445904542014439e-01
2.073428332805633267e-01,1.918125603085637232e-01
3.016481101512908936e-01,2.085132734144647393e-01
2.592641115188598633e-01,2.356806739018250663e-01
2.050412595272063931e-01,2.464453383949544718e-01
2.621370851993560791e-01,2.325902726251468100e-01
2.543610632419586182e-01,2.335431408427934008e-01
2.424586564302444458e-01,2.452622319206226864e-01
2.463154047727585116e-01,2.617518997036025197e-01
2.683678865432739258e-01,2.600836262870040994e-01
2.536134123802185059e-01,2.837554993010906745e-01
2.511056959629058838e-01,2.782264318083070287e-01
2.355776131153106967e-01,2.715024426502692934e-01
2.014831006526947021e-01,2.512129199185896278e-01
1.968656927347183505e-01,2.291319588256331141e-01
1.675257831811904907e-01,2.111677370506489515e-01
2.163158357143402100e-01,1.903017962459235823e-01
1.841740161180495938e-01,2.063012511492963164e-01
2.706716060638427734e-01,1.933496607789618182e-01
3.321622908115386963e-01,2.284216453505598099e-01
3.424106836318969727e-01,3.058957402049318763e-01
3.334882259368896484e-01,3.628454388442233225e-01
2.241699099540710449e-01,3.598561315240006442e-01
2.127934992313385010e-01,2.921469599762497316e-01
2.643494009971619207e-01,2.452406228228437568e-01
2.339650541543960849e-01,2.497812556539352469e-01
2.242033332586288452e-01,2.531021952268723840e-01
1.966407001018524170e-01,2.477916890278713813e-01
2.213913053274154663e-01,2.190897542716557511e-01
1.992403119802474976e-01,2.175364210401424525e-01
1.901159286499023438e-01,2.032088345393740503e-01
2.000212967395782748e-01,2.006989935167151629e-01
1.881960034370422363e-01,1.994014476106078515e-01
2.257640063762665072e-01,1.959313836178093737e-01
1.905837059020996094e-01,2.120000960116133204e-01
2.126784026622772217e-01,2.041203573026772466e-01
1.995152980089188177e-01,2.038621550267585847e-01
2.036905288696289340e-01,1.994573792607400309e-01
1.914628148078918457e-01,2.062715270123278710e-01
2.602671086788176935e-01,2.039084300593166088e-01
2.410915046930313388e-01,2.398975516564305077e-01
2.060085982084274570e-01,2.375360794371938478e-01
1.719783544540405273e-01,2.264112173498285807e-01
1.694041937589645386e-01,1.916873204412373743e-01
1.943304240703582764e-01,1.753104956158269556e-01
2.030708640813827515e-01,1.914286722861768264e-01
2.182700932025909146e-01,2.032779384679920254e-01
2.044367194175719937e-01,2.217833600563484386e-01
2.417660057544708807e-01,2.145437778607499346e-01
2.201220840215682983e-01,2.439112649737912308e-01
2.470148950815201083e-01,2.346514058888400367e-01
2.453936934471130094e-01,2.561503013079668989e-01
2.149323076009750366e-01,2.537441088456567906e-01
1.983320713043212891e-01,2.394624976126086824e-01
2.150899022817611972e-01,2.193946478181802995e-01
1.953707039356231689e-01,2.170479599708549090e-01
2.273865938186644953e-01,2.092377680116783156e-01
1.765360683202743530e-01,2.183782375722212454e-01
3.349621891975402832e-01,2.000617993924277416e-01
3.057914972305297852e-01,2.622065388232059924e-01
2.043210864067077914e-01,2.683001345671219284e-01
2.639636099338531494e-01,2.562496100119160958e-01
2.840686142444610596e-01,2.343492206781605247e-01
2.565046846866608221e-01,2.413826908767877366e-01
1.598615348339080811e-01,2.462426502909281500e-01
1.780257374048233032e-01,2.146118349986320950e-01
1.990472823381423950e-01,1.962146891624516609e-01
1.883261650800704956e-01,1.940403028471271718e-01
1.916811913251876831e-01,2.021846241579819958e-01
2.216559946537017545e-01,2.062410579059433258e-01
2.184751033782958707e-01,2.121766913838901703e-01
2.504481077194213867e-01,2.285383027228367891e-01
2.391991466283798495e-01,2.563878079152747680e-01
2.403284162282944003e-01,2.640643404548415063e-01
2.023217231035232822e-01,2.566657713950744601e-01
2.085203975439071933e-01,2.312934893586502116e-01
1.989800930023193359e-01,2.249678607852473033e-01
1.943044960498809537e-01,2.089124707858232011e-01
2.246519029140472412e-01,2.063024620693660605e-01
1.838601976633071899e-01,2.156853059202270273e-01
1.995205432176589966e-01,2.022632103613265786e-01
1.920076012611389160e-01,2.021206410277981980e-01
1.980955004692077637e-01,1.941128874751057165e-01
1.925842463970184604e-01,1.977841563370466571e-01
1.921776980161666870e-01,1.983746903789199156e-01
1.978288739919662476e-01,1.963209708258771558e-01
1.929751932621002752e-01,2.038957499609189150e-01
1.773243993520736694e-01,2.026448229696701520e-01
1.786402463912963867e-01,1.953855508912778760e-01
1.924515962600708008e-01,1.867053904069488346e-01
2.029816657304764072e-01,1.878498618861204894e-01
1.996106952428817471e-01,1.971097994296580336e-01
3.492729067802428644e-01,2.043246657021844659e-01
3.246645033359528143e-01,2.857830458512624072e-01
2.013491839170455933e-01,3.087705235511855051e-01
2.082609981298446655e-01,2.892315719304573984e-01
1.967180371284484863e-01,2.447279511212934744e-01
1.683970987796783170e-01,2.154457431912301102e-01
1.571273952722549438e-01,1.945676392749254302e-01
2.034381031990051547e-01,1.771763635552818517e-01
1.713397651910782415e-01,1.907787875048898574e-01
1.448902040719985962e-01,1.852873615607011915e-01
1.324006021022796631e-01,1.702481724881831360e-01
1.390763670206069946e-01,1.474238329552976234e-01
1.872349977493286133e-01,1.469389714200573238e-01
1.901565045118331909e-01,1.750619174675108192e-01
2.105930447578430453e-01,1.975739767333572483e-01
1.981692165136337003e-01,2.165351987345005280e-01
2.313299924135208130e-01,2.168341331338147493e-01
2.672828137874603271e-01,2.506544285253907156e-01
2.939947843551635742e-01,2.639310344576439316e-01
2.432340085506438931e-01,2.904866200042761082e-01
2.186183035373688022e-01,2.632579869609329992e-01
1.907453685998916626e-01,2.469765961310586011e-01
2.226422727108001431e-01,2.180377895637442276e-01
2.214518934488296509e-01,2.318460036972169180e-01
2.097374200820922852e-01,2.373369351052710408e-01
2.342368513345718384e-01,2.381531229729237642e-01
2.170636057853698730e-01,2.313155603318975406e-01
2.086910158395767212e-01,2.347945813871945286e-01
2.222295254468917569e-01,2.251723001104888044e-01
2.129457294940948764e-01,2.218143956637244063e-01
1.835393011569976807e-01,2.216013260212473246e-01
1.875299960374831876e-01,2.101374703003761613e-01
1.938352584838866910e-01,2.039825425962734640e-01
1.942632943391799927e-01,2.051540123062515208e-01
1.873460412025452215e-01,2.047072140961734565e-01
1.905569285154342651e-01,1.971137880710329693e-01
1.832018047571182529e-01,1.947802395214269511e-01
1.902956068515777588e-01,1.944699550069793892e-01
1.891089975833892822e-01,1.929135434342314215e-01
1.819614022970199863e-01,1.974808831860752067e-01
2.226949036121368408e-01,1.962692586849141829e-01
2.009170949459075928e-01,2.187734077274532674e-01
1.943915784358978271e-01,2.188250558905558418e-01
1.960569024085998535e-01,2.163433720821279216e-01
2.074400931596755704e-01,2.091743598293336059e-01
2.000678032636642178e-01,2.132404749798678389e-01
1.849348992109298984e-01,2.092122582039332157e-01
1.914010494947433472e-01,2.052199661482368431e-01
2.055577039718627930e-01,2.027319786635336796e-01
2.256706357002258856e-01,2.154405775918446508e-01
1.874290108680725098e-01,2.199814529811645603e-01
1.931275576353073120e-01,2.149196861997619001e-01
1.810770928859710693e-01,2.118660524381889843e-01
4.604647159576415461e-01,1.975662082635032402e-01
4.378605186939240057e-01,2.642559939095370236e-01
2.273572981357574463e-01,3.041685531138236809e-01
1.984222531318664828e-01,2.866054094710311362e-01
1.805235445499419888e-01,2.349342107086420661e-01
2.088513970375060758e-01,1.926225426671607788e-01
2.000157982110976618e-01,1.960255051854129793e-01
1.736753731966018677e-01,2.008427070828104621e-01
1.996680051088333130e-01,1.954881682829968381e-01
1.754488945007324496e-01,1.980359156929513142e-01
2.094203978776932318e-01,1.879897569912716560e-01
1.724482625722885132e-01,2.026816211669353607e-01
1.713635921478271484e-01,1.919856973158000080e-01
1.702087521553039273e-01,1.864190741228567427e-01
1.938814073801040649e-01,1.783810727885695169e-01
1.973596364259720126e-01,1.876453071406594120e-01
1.518772840499877930e-01,1.990604729478755719e-01
1.766516566276550571e-01,1.802619338835605989e-01
2.368807047605514526e-01,1.715441349189827103e-01
2.842651307582855225e-01,2.059155529097069226e-01
3.393641114234924316e-01,2.560538349205539466e-01
2.359429746866226751e-01,2.984094494887462035e-01
1.933852136135101318e-01,2.681372339776402769e-01
2.076206952333450595e-01,2.379201475923999054e-01
2.094228416681289118e-01,2.162085101423830702e-01
2.029076218605041226e-01,2.152564725110937272e-01
1.853289008140564242e-01,2.126048700971575889e-01
1.824795007705688477e-01,2.055093480714842435e-01
1.910450011491775513e-01,1.968613801095515370e-01
1.942836940288543979e-01,1.954188263416798410e-01
1.863520592451096136e-01,1.984191644225902773e-01
2.061766982078551969e-01,1.995105955431313860e-01
2.036442905664443970e-01,2.038474949802196734e-01
2.072980999946594516e-01,2.114519195486749270e-01
2.047239691019058505e-01,2.156635165122440245e-01
1.948221027851104736e-01,2.226895513558327100e-01
2.063589692115784247e-01,2.139513965875799173e-01
1.980886012315750122e-01,2.176515870890194104e-01
1.967703551054000854e-01,2.165600280930492783e-01
1.704124957323074618e-01,2.124610707822124911e-01
1.620960831642150879e-01,1.962227274033901125e-01
2.152855992317200262e-01,1.817351686773241437e-01
2.017627954483031949e-01,1.932923145203296056e-01
1.994546651840210238e-01,2.017720315579193680e-01
1.885830014944076538e-01,2.136066715242014857e-01
1.777306050062179565e-01,2.098338474623505090e-01
1.696542352437973022e-01,2.002334334032078167e-01
1.783816069364547729e-01,1.897403220119780465e-01
1.979020982980727872e-01,1.858044034081821338e-01
1.862878054380416870e-01,1.952085962896783489e-01
1.901234537363052646e-01,1.953439062376436663e-01
1.885761320590972900e-01,2.013663982152181509e-01
1.887152642011642456e-01,2.033348824678552491e-01
2.029483020305633267e-01,2.015713700721224189e-01
1.938583850860596258e-01,1.996739665563296573e-01
1.934503465890884122e-01,2.045040379337897951e-01
1.718572974205017090e-01,2.076577616224795919e-01
1.934519559144973477e-01,1.967852917247920608e-01
1.987380981445312778e-01,1.983702931829391669e-01
1.829220354557037631e-01,1.956266025128579333e-01
1.987580806016921997e-01,1.949374488700480468e-01
1.991298943758010864e-01,2.036255243399405779e-01
1.960126012563705167e-01,2.094187782624784833e-01
1.811666339635848999e-01,2.179119078515578400e-01
2.228865027427673617e-01,2.117375840593034853e-01
1.650676876306533813e-01,2.171188739041027826e-01
1.952784955501556119e-01,1.990446980249840347e-01
1.826629936695098877e-01,2.010508010716251237e-01
2.735207974910736084e-01,1.935917754923774936e-01
2.687470018863677979e-01,2.182833426409169220e-01
2.585682272911071777e-01,2.392955273697605634e-01
2.237731963396072665e-01,2.629957673767913673e-01
1.998770385980606079e-01,2.395838026739647020e-01
2.061658948659896573e-01,2.276221410091970598e-01
1.658605039119720459e-01,2.178290377507730302e-01
1.866747587919235229e-01,1.998057687288551654e-01
1.450039297342300415e-01,2.031387266754925147e-01
1.404531002044677457e-01,1.736526603103879796e-01
1.512558013200759888e-01,1.620954350739235716e-01
1.624787002801895142e-01,1.525679692667691323e-01
1.815999448299407959e-01,1.609735035757385302e-01
1.884922981262207031e-01,1.812054018010732515e-01
2.261683344841003418e-01,1.905123717033850583e-01
1.973526030778884888e-01,2.139130152205210578e-01
