1.905867606399999914e-01,1.626290461614872673e-01
1.769561022520000082e-01,1.670576792267727539e-01
1.810430586339999981e-01,1.649587958937740462e-01
1.955727785830000398e-01,1.579254842586201024e-01
1.954265981910000005e-01,1.713288254394055021e-01
2.004670947789999880e-01,1.788232699223602784e-01
2.029463946819999587e-01,1.790847966879131337e-01
0.000000000000000000e+00,1.822049986319544401e-01
1.862521618600000151e-01,1.382255368463451428e-01
1.862153261900000301e-01,1.246107259947936141e-01
4.038094580169999670e-01,1.660696569689421587e-01
4.118085205549999461e-01,3.007856480383278575e-01
3.743042349819999948e-01,3.519210588396565753e-01
3.571429848669999685e-01,3.037597825417560626e-01
2.572054266930000055e-01,2.836061186433886383e-01
2.409307956699999753e-01,2.541669669621150485e-01
2.253161966800000249e-01,2.161980963851623250e-01
1.935185044999999937e-01,1.964828717294021809e-01
1.787700653079999924e-01,1.773810191857873864e-01
1.622045934200000150e-01,1.641178479212754837e-01
1.761920750140000269e-01,1.543467127443644005e-01
1.883655935530000325e-01,1.530533525331803646e-01
1.861467957499999548e-01,1.666213026737875247e-01
1.954913884399999968e-01,1.692454322321557403e-01
1.954011768099999935e-01,1.721366627251564585e-01
1.660518944260000185e-01,1.772219522739143238e-01
1.907722949980000249e-01,1.610766675516229207e-01
2.156041562559999625e-01,1.591432270741171273e-01
1.898660957809999716e-01,1.872103192250515191e-01
1.770474612709999895e-01,1.825990591094871496e-01
2.001174986360000074e-01,1.578201968345708806e-01
1.948629021640000125e-01,1.725684803500458220e-01
1.922753006219999894e-01,1.823182796445975418e-01
1.779100298880000042e-01,1.732701654221630028e-01
1.810636967419999854e-01,1.657163616686113672e-01
1.680064052340000114e-01,1.608288324426747073e-01
1.635809391740000174e-01,1.539625269967269394e-01
1.706920862200000111e-01,1.441504541047162469e-01
1.916799396280000345e-01,1.510468887395911841e-01
2.085516005749999957e-01,1.639095649052530468e-01
2.058236002919999752e-01,1.819540489629034863e-01
1.828240007160000513e-01,1.904903640734338655e-01
1.857409924269999846e-01,1.752703553485914223e-01
1.775099337099999841e-01,1.643789110171159640e-01
1.752161234619999952e-01,1.612909827523881512e-01
1.971126049759999999e-01,1.562755995164553935e-01
1.845117062330000057e-01,1.662071807638627607e-01
1.984785944219999987e-01,1.694990280362476121e-01
2.143009155989999692e-01,1.721857980747144856e-01
1.841159015890000139e-01,1.869844420323604761e-01
2.104043960570000094e-01,1.764623903741777411e-01
2.032361328599999739e-01,1.729846741421888767e-01
2.088565975429999833e-01,1.886016642012653677e-01
1.960448026660000231e-01,1.902429516559598632e-01
1.900728046889999523e-01,1.806836744863768440e-01
1.658952832220000062e-01,1.678300519212100328e-01
1.872539073229999851e-01,1.571616352183486387e-01
1.852532625200000171e-01,1.560511644790870400e-01
1.799222826959999966e-01,1.631664463569666712e-01
2.012764066460000223e-01,1.621397452139032858e-01
1.978618204589999985e-01,1.756844664906346276e-01
1.950792670250000027e-01,1.820653838408845260e-01
1.711323857310000085e-01,1.746353494347891444e-01
1.623787879939999901e-01,1.633198366771457244e-01
1.677809953689999856e-01,1.483890602492542732e-01
2.059821039440000168e-01,1.481108384037974346e-01
2.158481031659999771e-01,1.710747509313319814e-01
2.141157686710000174e-01,1.886896905586376016e-01
1.768843084569999835e-01,1.864906243675001907e-01
1.967563778159999444e-01,1.707617145285038052e-01
1.834106147289999988e-01,1.664453221720260667e-01
1.805770993230000065e-01,1.683457933438753940e-01
1.911945044990000231e-01,1.622148529534801209e-01
2.012096941470000178e-01,1.687411914568646143e-01
2.066745012999999798e-01,1.755176685228069799e-01
2.420079559090000110e-01,1.822740503209506757e-01
2.195876985790000124e-01,2.060909702686754552e-01
2.106474190949999825e-01,2.058977351137622203e-01
1.944769918919999896e-01,1.824154717277081117e-01
1.704634428020000148e-01,1.737779649182127628e-01
1.787724494929999741e-01,1.609159462491014381e-01
1.750701963900000158e-01,1.564087989102817822e-01
1.796004772190000487e-01,1.574991651028974649e-01
1.688816994429999940e-01,1.597989863406602817e-01
1.640222966669999949e-01,1.556300412514581011e-01
1.799237728120000324e-01,1.447036057239912132e-01
1.769366562369999729e-01,1.523824852301439714e-01
1.781685650350000039e-01,1.572514631603295354e-01
1.665234863759999795e-01,1.555757659320343433e-01
1.855484992270000077e-01,1.547912348351004885e-01
1.732649058100000083e-01,1.599581337797529590e-01
1.860052198169999949e-01,1.624257168451010702e-01
1.832000017169999884e-01,1.616901172509025153e-01
1.951216459270000425e-01,1.661866723922645894e-01
2.088083624839999763e-01,1.736596315919518851e-01
1.873752027749999993e-01,1.856573211055284611e-01
2.025922685860000183e-01,1.758481725580018085e-01
1.986005455260000108e-01,1.723525967338799258e-01
1.863885968919999914e-01,1.813636296632213374e-01
1.716178953649999950e-01,1.729132913391157600e-01
1.885485500099999823e-01,1.570014120560733750e-01
2.112170010809999998e-01,1.598530847868710192e-01
1.833238750700000030e-01,1.801461631046027412e-01
2.096922993660000067e-01,1.750408343072850370e-01
2.197588831190000203e-01,1.750406796416191513e-01
2.330529242750000174e-01,1.932693489275524035e-01
2.151579260829999951e-01,1.992383859105678612e-01
2.008593231439999849e-01,1.923199355443205028e-01
1.312076449390000010e-01,1.786138816692858233e-01
1.399971693750000079e-01,1.477310870903843498e-01
1.684847325090000070e-01,1.212520002007499292e-01
2.097207009790000298e-01,1.426491889538050450e-01
1.677834987640000053e-01,1.700897973914599626e-01
1.697814613580000132e-01,1.639388882410669213e-01
1.778024435040000129e-01,1.447007736302296788e-01
1.989280730490000093e-01,1.568275274799299235e-01
1.968562752010000194e-01,1.706559028058471927e-01
1.764101982119999634e-01,1.729650980696441909e-01
1.775619983670000124e-01,1.638904088705716022e-01
1.848997771739999962e-01,1.572074190479181566e-01
1.751745045190000183e-01,1.643785915459672342e-01
1.822087168690000036e-01,1.631413767741338450e-01
1.833387613300000163e-01,1.611655963156329308e-01
2.092746049170000067e-01,1.660285654362601560e-01
2.103900015349999819e-01,1.759285603464184333e-01
1.875178515910000121e-01,1.866836432982176275e-01
1.892182081940000093e-01,1.775456857465570193e-01
2.129119038579999901e-01,1.691925961936626976e-01
1.846891939640000202e-01,1.792457284387409810e-01
1.933595985170000198e-01,1.730245565957766463e-01
1.597519963980000013e-01,1.684944598885065314e-01
1.731968969110000145e-01,1.604229450619837349e-01
1.763989776370000484e-01,1.482459052148006884e-01
1.903230398890000119e-01,1.567987896149823923e-01
1.978137493129999980e-01,1.667883353349605968e-01
1.724811047320000124e-01,1.795489496799564100e-01
1.773964017630000056e-01,1.678640464073718197e-01
1.862247735259999759e-01,1.512745967584010476e-01
2.039294093849999823e-01,1.609320124174590250e-01
2.303259670730000153e-01,1.786305989048110887e-01
2.793866395949999859e-01,2.115775856356298668e-01
2.991397082810000052e-01,2.393758998176589159e-01
2.514718174930000161e-01,2.609494155483887967e-01
1.890812516209999794e-01,2.478827787360700086e-01
2.833725214000000214e-01,1.932163275970560090e-01
2.606627941129999737e-01,2.286380388184193480e-01
2.856159806249999877e-01,2.454447095094992037e-01
2.152941524979999910e-01,2.216139697293821875e-01
1.691618561740000082e-01,2.072518916849105941e-01
1.676646620040000146e-01,1.647128124655372339e-01
1.986771523950000007e-01,1.518405588662741501e-01
1.806469559670000058e-01,1.687492524021424745e-01
1.824937760829999922e-01,1.710945569175879866e-01
1.871567964549999963e-01,1.596033704081769866e-01
2.099210023880000164e-01,1.655401797655198792e-01
1.939254999159999993e-01,1.830986820437745521e-01
1.662387549880000037e-01,1.834860750571486454e-01
1.659430116420000101e-01,1.576753889353341431e-01
1.823978126049999871e-01,1.471724671780784977e-01
1.884365230800000013e-01,1.586516911830753163e-01
2.158337980510000031e-01,1.672967068856836270e-01
2.153968065980000068e-01,1.787395222185237387e-01
1.994820386169999793e-01,1.886782890396651591e-01
1.468160003419999859e-01,1.834479916668133037e-01
1.810178905730000509e-01,1.564759975313891049e-01
1.982497125860000209e-01,1.487498764614109681e-01
1.886273920540000038e-01,1.766823607252340500e-01
1.874347329140000074e-01,1.777949912781321140e-01
1.838997006419999802e-01,1.695639465546343039e-01
1.789868623020000049e-01,1.678157281323152672e-01
2.386641800400000069e-01,1.606415454981646729e-01
4.006521701810000224e-01,2.032275797490097624e-01
3.205133974549999598e-01,2.993320177385564995e-01
3.453539609910000197e-01,3.048541478604185895e-01
3.201048076149999866e-01,2.657843234119707798e-01
3.410750627520000022e-01,2.828478893326435983e-01
3.317869901659999954e-01,2.920977078757784340e-01
3.053638935090000062e-01,2.889693211370557013e-01
2.349332422019999866e-01,2.682328440027140770e-01
2.433501929039999789e-01,2.315912806359900489e-01
2.282197028400000105e-01,2.163146344267307120e-01
2.155468463900000187e-01,2.145043226768540978e-01
1.862514019010000077e-01,1.942305212553651073e-01
1.789111644029999504e-01,1.755298321739673373e-01
1.881189942359999534e-01,1.600281164759451147e-01
2.258600741620000185e-01,1.659631802475552420e-01
2.293289005759999999e-01,1.887800166935892365e-01
2.172957956789999534e-01,2.019662608002761595e-01
2.285813987260000013e-01,1.967726232769548833e-01
2.961176931860000083e-01,2.098095589069391698e-01
2.966041862959999942e-01,2.386323691896736765e-01
2.547382712360000134e-01,2.481498536358005824e-01
2.234010547399999935e-01,2.301415823805835481e-01
2.086469978090000066e-01,2.035360297079187863e-01
2.144542932510000166e-01,1.892612637120390517e-01
1.909040212630000177e-01,1.873220328828879011e-01
1.961078941820000032e-01,1.790750928837134825e-01
1.758218258620000141e-01,1.679753521919119807e-01
1.801499277349999928e-01,1.653510186447900987e-01
1.802266091110000246e-01,1.611427197608005513e-01
1.831340938809999930e-01,1.644441077663029993e-01
1.799343973400000241e-01,1.639353394844320910e-01
1.912952065469999963e-01,1.612398669653322680e-01
2.391949146990000052e-01,1.687520455276190767e-01
2.476447969680000138e-01,1.965202395403005953e-01
2.603625059129999753e-01,2.086139536879650924e-01
2.153915017839999890e-01,2.126205411985545024e-01
1.687171012159999761e-01,2.029780328980356485e-01
1.901023983960000163e-01,1.677547196679777530e-01
1.932636946439999781e-01,1.622748468632242425e-01
1.967433989050000331e-01,1.710055151605939516e-01
1.968259066340000141e-01,1.746626796773280976e-01
1.806160062550000167e-01,1.777774445259490965e-01
1.917202025649999975e-01,1.690912027668709239e-01
1.939498037100000072e-01,1.683007473093705575e-01
1.780927032229999429e-01,1.717669456501966230e-01
1.982128173110000169e-01,1.640611204757803643e-01
2.026619017119999921e-01,1.652096668771558252e-01
1.926424354309999587e-01,1.732143112412276309e-01
1.775846034290000375e-01,1.746685716327696647e-01
1.697379499670000069e-01,1.657590428068077271e-01
1.742126941680000041e-01,1.549861021288757024e-01
1.767573058610000247e-01,1.538994527104254328e-01
1.698893159629999983e-01,1.556936887335313435e-01
1.786662638189999985e-01,1.542832573301350096e-01
1.773128658529999901e-01,1.565984201963833977e-01
1.912915557620000206e-01,1.603941512679080417e-01
1.917339116329999926e-01,1.668316420695540314e-01
1.682408750059999902e-01,1.709433122797528459e-01
1.533582359550000052e-01,1.569780137612873938e-01
1.219834238290000011e-01,1.394415556291193070e-01
1.124273017049999962e-01,1.221808123513400124e-01
1.387385427950000027e-01,1.053898897730101980e-01
1.735682934519999776e-01,1.132769207725344285e-01
1.894755959509999699e-01,1.451295815278400292e-01
1.896263062950000189e-01,1.660401336854019638e-01
1.874510943890000114e-01,1.693542826965997727e-01
1.846003979439999887e-01,1.713308187597503973e-01
2.440665513279999810e-01,1.677969551750682631e-01
2.327407002449999873e-01,1.928810092336828708e-01
2.219963967800000215e-01,2.070421180701599861e-01
1.852974742650000117e-01,1.912453135813433625e-01
1.947617977860000016e-01,1.765952345577095350e-01
1.780637502669999983e-01,1.689669529669129699e-01
1.859644204379999610e-01,1.644636371015257559e-01
2.072025239469999502e-01,1.642000247409322322e-01
1.870556026700000152e-01,1.797566557036741342e-01
2.003259211780000215e-01,1.741186832090516057e-01
2.049419134859999936e-01,1.715810459183152448e-01
4.109843969350000514e-01,1.852650325533660713e-01
3.850685060019999884e-01,2.883245701126516125e-01
3.761990368370000670e-01,3.279357175762256382e-01
3.382981419560000536e-01,2.933164620793040078e-01
2.050670981410000482e-01,2.781288712623388726e-01
2.311079055070000277e-01,2.261961868579659973e-01
2.232432067389999997e-01,1.905649830081696805e-01
1.962449550630000206e-01,1.983244739731763739e-01
1.992976218459999727e-01,1.791189558525690118e-01
1.784480065109999847e-01,1.734867148051363606e-01
1.708953380579999737e-01,1.707426307820616163e-01
1.857410371300000085e-01,1.557222695513471866e-01
1.884250044819999748e-01,1.598412292445732241e-01
1.818749755619999964e-01,1.684955621763611078e-01
1.925081014630000142e-01,1.658102370231439859e-01
1.790819615130000153e-01,1.686137554287965024e-01
1.921849995850000159e-01,1.674939782571566449e-01
1.867637038229999769e-01,1.647580864416987034e-01
1.980000883339999851e-01,1.691484308301985373e-01
3.074838817119999734e-01,1.742487240227593714e-01
2.838982045650000341e-01,2.240619069215632475e-01
2.563236057759999964e-01,2.447395477077806414e-01
2.176708281040000137e-01,2.181019640952219507e-01
3.016590476040000302e-01,1.964729196473030126e-01
3.009566068650000314e-01,2.607867806198426730e-01
3.871228992939999558e-01,2.856721865295805407e-01
3.553330004220000005e-01,3.427442832659219896e-01
2.734268903729999978e-01,3.601155929105775977e-01
3.047637045380000020e-01,2.609243724764110373e-01
1.934034079309999710e-01,2.334456560405574199e-01
1.674667745829999943e-01,2.127730452071550649e-01
1.849085837600000226e-01,1.597282088291056001e-01
2.460200339559999727e-01,1.629679716405797729e-01
2.682054042820000150e-01,2.090796249977355248e-01
2.603135108949999887e-01,2.446324288859710872e-01
2.072546035049999680e-01,2.392428168732282090e-01
2.076155245300000118e-01,2.027689237758238394e-01
1.928880363700000156e-01,1.747248728736571222e-01
1.886100023979999929e-01,1.774296087231794772e-01
1.899161785839999783e-01,1.716535851880182373e-01
1.841135472060000111e-01,1.670250464859962258e-01
1.885657012459999726e-01,1.685545150573467543e-01
1.928238719700000325e-01,1.688093568695509528e-01
1.931996941570000015e-01,1.720010978999821083e-01
1.622868627309999867e-01,1.717456822498120705e-01
1.296745538709999923e-01,1.561102234984627357e-01
1.509044617410000011e-01,1.290668349440081408e-01
1.567745953799999925e-01,1.253240575459113326e-01
2.352031022309999941e-01,1.368093017672509792e-01
2.412368059159999689e-01,1.787538563861381935e-01
3.487674891950000022e-01,2.113211492389509838e-01
4.479171633719999934e-01,2.758441180713412377e-01
7.274934649469999570e-01,3.850794688180410597e-01
7.546014785770001065e-01,5.987978303990754148e-01
6.946486234659999814e-01,6.515508538087726453e-01
6.383669972420000782e-01,5.387785834557464737e-01
5.096258521080000436e-01,4.926770362062378172e-01
3.489852249620000735e-01,4.314071490908003570e-01
3.274166882039999948e-01,3.519680684325635633e-01
3.183498978609999863e-01,2.937952323267300492e-01
2.771280407910000076e-01,2.702616443170531846e-01
2.614668905739999660e-01,2.558925584180785084e-01
2.646197974680000176e-01,2.341610118483095082e-01
2.569813728329999880e-01,2.320750473488827348e-01
2.632848024370000317e-01,2.317892139510825122e-01
2.274889498949999866e-01,2.213784918522543055e-01
1.972997337579999733e-01,2.026090463491997118e-01
1.593737602229999828e-01,1.762450552845919172e-01
1.552143245940000027e-01,1.521828742981694016e-01
2.165970057250000136e-01,1.374006541188250718e-01
2.152127921579999881e-01,1.777711006977260588e-01
2.079710960389999919e-01,2.003170251649426525e-01
2.003736048939999681e-01,1.867996831521283041e-01
1.930765211580000029e-01,1.772681072975222927e-01
1.887691617009999989e-01,1.720537452575648107e-01
2.153376042839999782e-01,1.707404962986482644e-01
2.704129219060000255e-01,1.873235984256919895e-01
5.549836754800000493e-01,2.464885082368363511e-01
5.126557946209999717e-01,4.798031273286849085e-01
5.099799633029999946e-01,5.137299939812017824e-01
4.163484573359999552e-01,3.826615021824941731e-01
2.535916566849999998e-01,3.514321886556231456e-01
1.788074076179999861e-01,2.684679085125978859e-01
1.850019842389999947e-01,1.853020386650899576e-01
1.711802035570000047e-01,1.663747329329068603e-01
1.727939993140000241e-01,1.623066465579383055e-01
1.767069548369999965e-01,1.539535235360661170e-01
1.761609017850000181e-01,1.561425072060304287e-01
2.039509564639999939e-01,1.564841191679586518e-01
1.905422955750000480e-01,1.698990628285282911e-01
1.819348037240000049e-01,1.745530397610225160e-01
1.684180349109999919e-01,1.612862866946959961e-01
1.891849339009999964e-01,1.528105797776785901e-01
1.689333617690000067e-01,1.594191429525108894e-01
1.962249428029999576e-01,1.586961216371819416e-01
1.980420649049999537e-01,1.621801506846987095e-01
1.778897047040000068e-01,1.761040653655454313e-01
1.612316220999999994e-01,1.669081175579873177e-01
1.492553949359999854e-01,1.513589524994242708e-01
1.442013978960000053e-01,1.380203770764084903e-01
1.220441684129999899e-01,1.284104793836137737e-01
1.259213238949999925e-01,1.181489112842876027e-01
1.192706972360000062e-01,1.105088080133007217e-01
1.400409787890000146e-01,1.092366510678720037e-01
1.655126959090000016e-01,1.162530383616849627e-01
1.946723610159999951e-01,1.386441098028282082e-01
1.824015975000000123e-01,1.649106946754523573e-01
1.781254708769999806e-01,1.710641720416233857e-01
1.768455654380000075e-01,1.619071515784336057e-01
1.895092576740000090e-01,1.593135252788452916e-01
1.890345066789999584e-01,1.651739956006147703e-01
2.166133970019999688e-01,1.691841011074929901e-01
2.142671942709999944e-01,1.834402201346348182e-01
1.696722060440000179e-01,1.922052371820553718e-01
1.861636042589999707e-01,1.670202268418179981e-01
2.109026014799999793e-01,1.573851737622070368e-01
2.016181051729999951e-01,1.834358783322057873e-01
2.371999472380000307e-01,1.837197399451497015e-01
1.953185498709999746e-01,1.889133845490459096e-01
1.463003754620000041e-01,1.885630166579595757e-01
2.596421837810000133e-01,1.499677623906987278e-01
4.047906100750000014e-01,2.241079405161596205e-01
3.813273906710000216e-01,3.150889249150744531e-01
3.577617108820000391e-01,3.200060322868324980e-01
3.031907975670000144e-01,2.870848765759141386e-01
2.219824343919999943e-01,2.644959225872240971e-01
2.247738689180000249e-01,2.233892381787709880e-01
2.553716301919999876e-01,1.938300608122917601e-01
2.618205845359999895e-01,2.198682704301731239e-01
2.273367345329999900e-01,2.359727572712265742e-01
2.031441032889999831e-01,2.122040944589936862e-01
1.758806854490000404e-01,1.832941331839508803e-01
1.670619547370000013e-01,1.665674121644150074e-01
2.118712961670000117e-01,1.528576823492311665e-01
1.990658938880000006e-01,1.736363771181693993e-01
1.948491036890000194e-01,1.838821671047681239e-01
1.566408872600000002e-01,1.705026769996181302e-01
1.590297073130000072e-01,1.539808307658437625e-01
1.671897023919999836e-01,1.396987865865818301e-01
1.815824955700000298e-01,1.456532629729827277e-01
2.245292961599999748e-01,1.592086269315783897e-01
2.216224968430000053e-01,1.815526032056064554e-01
2.066582888360000148e-01,1.900796549757317322e-01
1.570345163350000128e-01,1.834916468175481763e-01
1.968932896850000003e-01,1.611162117534846172e-01
2.048864960669999902e-01,1.599963618243335217e-01
1.668177992110000118e-01,1.825400306831975461e-01
1.417246013879999988e-01,1.689964484292528768e-01
1.666631847619999829e-01,1.373509415556382063e-01
1.926406770939999569e-01,1.428579329006018084e-01
2.254680991169999982e-01,1.715590096943440390e-01
2.252101451159999879e-01,1.898113997012888243e-01
2.145293951029999535e-01,1.940120251117480044e-01
1.820016801359999881e-01,1.908517211779636735e-01
1.906076073649999592e-01,1.767333219987456960e-01
1.686857044700000030e-01,1.684544604624016451e-01
1.903967410330000276e-01,1.605729508197924205e-01
2.045876085759999741e-01,1.636327244709399609e-01
1.865548938510000199e-01,1.787391443297738913e-01
1.815108954909999961e-01,1.717264065943691909e-01
2.014583945270000120e-01,1.631892962788407397e-01
2.036586105820000214e-01,1.726709537817983642e-01
1.918114423750000019e-01,1.801735920254308732e-01
1.731049269440000093e-01,1.737090325149187320e-01
1.919497996569999865e-01,1.619885580027678462e-01
1.787570714950000028e-01,1.665175132157150628e-01
1.788225024940000296e-01,1.675606690130908016e-01
1.665375530719999941e-01,1.597093487452211913e-01
1.951155364510000489e-01,1.556430382163963289e-01
1.929849982259999874e-01,1.672928191479940430e-01
1.620820015670000058e-01,1.774109210877673759e-01
1.356869190929999858e-01,1.567909155715773717e-01
1.467041671279999959e-01,1.304859575135078886e-01
1.972582042220000220e-01,1.256449688107759699e-01
1.894697993989999940e-01,1.605171080772409276e-01
1.961945891380000029e-01,1.759881015194969534e-01
2.645494043830000086e-01,1.744836891531761081e-01
2.692976891989999899e-01,2.202590021193497338e-01
2.608369886879999822e-01,2.376247958716725395e-01
2.406771630049999999e-01,2.180063812265608247e-01
3.313829302790000098e-01,2.110413869079977855e-01
3.281686902050000021e-01,2.834943235086833102e-01
2.893257141109999986e-01,3.128537508570605752e-01
2.625965774060000091e-01,2.610694164370178649e-01
1.794345527890000014e-01,2.280023402817981104e-01
1.727855503559999895e-01,1.911039959073485284e-01
2.207822054619999752e-01,1.575199772407922250e-01
2.426082938910000264e-01,1.828668584932034991e-01
2.444625049829999841e-01,2.052086584352226240e-01
2.097309380769999676e-01,2.072205739524195234e-01
1.825350672010000175e-01,1.945964042929042570e-01
1.691226661210000204e-01,1.736021711847842985e-01
1.575669944289999902e-01,1.605529675893499486e-01
1.770704984660000092e-01,1.452287726461650164e-01
1.741859167810000109e-01,1.508633516719301293e-01
1.755136996510000269e-01,1.599732986252102585e-01
1.687776893379999976e-01,1.571081099425604422e-01
1.939594447609999939e-01,1.536304429202203781e-01
1.943469941619999919e-01,1.662696755773578616e-01
2.223779261109999905e-01,1.778565188885365411e-01
2.144328951839999942e-01,1.912301673285092818e-01
1.937792897219999533e-01,1.953688369468259967e-01
1.783622056249999921e-01,1.752313806957863374e-01
1.706998199219999790e-01,1.618753638586944432e-01
1.894924789669999998e-01,1.570039460832138578e-01
2.422726899390000022e-01,1.684326230108316169e-01
2.336400598289999908e-01,1.944662425181287180e-01
2.456458657979999904e-01,2.038266606793050495e-01
2.297928631310000025e-01,2.091241981186751087e-01
2.152034044269999780e-01,2.086784698606305999e-01
2.607180178169999918e-01,1.970635713991715776e-01
2.623189091679999918e-01,2.190399573498344188e-01
2.198584228750000147e-01,2.339316026495563694e-01
3.426670730110000229e-01,2.078575603191556154e-01
3.465315699580000519e-01,2.558836356893208763e-01
2.930460572240000117e-01,2.998595155782984301e-01
2.670845985409999734e-01,2.670248026464990265e-01
2.535850703720000099e-01,2.375876636509637596e-01
2.199364602570000049e-01,2.348188944546500678e-01
2.274277955290000264e-01,2.099202370344117607e-01
1.686184257270000042e-01,1.913710915463725792e-01
1.842167228460000195e-01,1.749061031395448551e-01
1.896838992830000015e-01,1.595695532326157628e-01
1.641370058060000192e-01,1.710398058072736538e-01
2.130100131029999677e-01,1.576004472761191599e-01
2.186074256900000234e-01,1.728364909913525094e-01
2.188677042720000021e-01,1.974914612507946143e-01
2.313981950280000199e-01,1.992900655256033549e-01
2.149903923270000128e-01,2.083478861240126434e-01
2.503419816490000116e-01,2.047347021042500437e-01
2.535111904139999983e-01,2.113900138629567493e-01
2.445873767139999932e-01,2.252890601250120417e-01
2.031902372839999860e-01,2.175566266921222514e-01
2.327843457459999599e-01,1.971298601759465252e-01
2.531769871709999564e-01,1.966071282230094641e-01
2.558321058749999932e-01,2.155447512544108324e-01
2.091450989249999948e-01,2.187304132809315127e-01
2.179704755539999816e-01,2.001621085423112012e-01
2.751700878139999862e-01,1.887433940217951023e-01
2.834362983699999505e-01,2.269925849960127417e-01
5.200669765470000705e-01,2.521456470204681555e-01
5.718095898630000118e-01,4.141492524115667484e-01
5.820317864419999321e-01,4.853317807464624933e-01
5.010549426079999868e-01,4.438722673037540090e-01
2.807539105419999959e-01,4.185008340934139870e-01
2.063424885269999898e-01,3.242886675381127515e-01
2.145204693079999780e-01,2.080149985394942336e-01
2.198818922040000068e-01,1.839786331987209311e-01
2.337387651210000028e-01,1.899985913462060583e-01
2.567627131940000140e-01,2.034495158081920108e-01
2.328460067509999509e-01,2.177810566269045844e-01
1.991674900050000030e-01,2.105758098070643625e-01
1.789865642790000044e-01,1.832364001283750266e-01
1.796395033599999802e-01,1.633776782497915470e-01
1.698227077719999811e-01,1.608091295219589989e-01
1.522479057309999995e-01,1.569192454863701791e-01
1.740261465309999867e-01,1.418156464443768583e-01
1.826220005749999709e-01,1.444434477169378728e-01
1.566141396759999915e-01,1.601552357669775162e-01
1.689846664669999721e-01,1.515228430211961186e-01
1.731435954569999769e-01,1.446770870324999014e-01
1.901344954969999834e-01,1.507314027746113894e-01
1.337733566760000159e-01,1.579191573236578827e-01
1.587713211769999910e-01,1.444494165408968522e-01
3.362798094749999689e-01,1.320941775295207954e-01
3.365317881109999854e-01,2.312609470588354588e-01
3.025190830230000127e-01,2.754469140120889836e-01
2.839955985550000062e-01,2.515203259840865235e-01
1.806526631120000115e-01,2.330333815476318682e-01
1.813106983900000246e-01,1.981890818257647513e-01
2.399948686360000027e-01,1.656500153922437213e-01
2.357428967949999898e-01,2.004612538680752287e-01
2.299271076919999768e-01,2.215496641309194215e-01
2.266699969770000211e-01,2.093075578228409395e-01
2.079305946829999863e-01,2.009413712229708715e-01
2.176461517809999968e-01,1.905387475280336529e-01
2.530807852749999975e-01,1.899368106347781582e-01
2.445257008080000127e-01,2.142467794921024404e-01
2.472106367350000167e-01,2.160396395219943977e-01
2.140260040760000038e-01,2.052164598970279419e-01
3.001447618010000262e-01,1.988016151467871528e-01
4.906117916109999921e-01,2.579754364249129961e-01
3.879201114179999799e-01,4.016090169233942908e-01
3.368788957599999634e-01,4.001576265498322793e-01
2.932540476320000256e-01,2.854105714523667015e-01
1.897923052309999914e-01,2.498989704906569020e-01
2.160292118790000104e-01,2.064277702228589084e-01
3.753999471659999476e-01,1.895283434116985799e-01
3.595648109909999612e-01,2.619056921044598529e-01
3.568296134470000380e-01,2.940290947766152074e-01
2.543200254440000085e-01,2.831440992421388470e-01
1.710169017309999817e-01,2.494282729350817407e-01
1.929912567139999979e-01,1.823012240050841948e-01
1.877582967279999848e-01,1.645739834990076755e-01
1.911910772320000174e-01,1.711451522829426364e-01
2.173696309329999909e-01,1.695048091291698478e-01
2.077021002769999791e-01,1.810417065107164936e-01
2.206149846319999941e-01,1.848397494459467216e-01
2.270559668539999798e-01,1.857898185396776591e-01
2.409625947480000252e-01,1.957303972000833669e-01
2.354097962379999853e-01,2.015845480793226896e-01
2.214455157519999995e-01,2.004869353697627254e-01
1.873570978640000106e-01,1.941033525740101795e-01
1.875694990160000075e-01,1.767437190390259150e-01
1.860239952800000485e-01,1.647358233018513529e-01
2.020407021049999696e-01,1.662183869094952526e-01
1.742038130759999970e-01,1.680813183120472565e-01
1.875655949120000054e-01,1.615169719773800749e-01
1.820583045479999829e-01,1.595351740379576944e-01
1.922361850739999767e-01,1.649988197703249615e-01
2.172528207300000180e-01,1.670577063074326907e-01
2.296049296860000200e-01,1.825914343481105928e-01
2.509359121320000052e-01,1.949860912578406658e-01
2.739968001839999667e-01,2.108911165589101577e-01
2.468370050189999942e-01,2.285585806341272619e-01
2.319672256710000047e-01,2.197647292815369802e-01
2.044411897660000088e-01,1.976774391635574002e-01
2.075911909340000250e-01,1.864053687414816973e-01
2.634023129940000207e-01,1.851195428898934070e-01
3.036424219609999975e-01,2.200651234139290868e-01
3.236212432380000115e-01,2.662217220808607565e-01
3.383783698080000124e-01,2.971655097516845978e-01
3.256455063820000162e-01,3.089839659108662984e-01
3.199611008170000215e-01,2.976286452564821383e-01
3.445942103859999661e-01,2.896852758454715460e-01
3.591096997259999868e-01,2.958279524887753031e-01
3.462464511389999888e-01,2.943643642366685631e-01
3.135047256949999861e-01,2.853059385624464039e-01
2.611905336379999887e-01,2.697113771636251434e-01
2.517339885229999963e-01,2.431893263235314628e-01
2.365340739490000288e-01,2.231412816322196901e-01
2.257324606179999804e-01,2.148609333454566395e-01
2.135377526280000104e-01,2.011993709720056034e-01
1.833177059890000182e-01,1.877197563007423076e-01
2.036423683169999999e-01,1.718273934216231480e-01
2.443349212410000082e-01,1.718194558349998846e-01
2.420464009050000143e-01,1.975275442606691523e-01
1.904003769159999526e-01,2.113758826919397982e-01
1.422279328109999907e-01,1.893016338269044863e-01
1.802364736799999811e-01,1.448296772934135890e-01
1.587783545260000040e-01,1.452894797535121962e-01
1.564234346149999955e-01,1.513500798010650739e-01
1.458736360070000126e-01,1.395024272853637448e-01
1.534039974209999990e-01,1.348445797915636124e-01
1.587697118520000061e-01,1.319737182359418115e-01
1.766731888060000533e-01,1.382425036374537175e-01
1.735716015100000065e-01,1.508615663625755554e-01
1.556300967930000223e-01,1.567808688480428203e-01
1.678923070430000108e-01,1.451723291615167333e-01
1.889611035589999766e-01,1.421020283741917800e-01
1.857852935790000048e-01,1.627056212398994284e-01
1.759144961829999798e-01,1.695561201934733531e-01
1.993034631010000002e-01,1.585896133141594666e-01
1.905056983229999890e-01,1.685252246736048121e-01
1.746108233929999920e-01,1.761651419925116535e-01
1.891844570640000001e-01,1.628272797158686336e-01
1.795153021809999805e-01,1.644159738886475652e-01
2.012605071070000251e-01,1.645986381786304908e-01
2.108775675299999763e-01,1.705569337065430680e-01
1.980962008239999794e-01,1.884995059166650333e-01
1.666497588159999987e-01,1.837452252242913198e-01
1.744651794429999958e-01,1.608528423343926761e-01
1.693953573699999993e-01,1.519984783280496354e-01
1.666028350590000040e-01,1.530745830128129314e-01
1.645158231259999937e-01,1.470557145521975695e-01
1.785626411439999728e-01,1.469529469837440594e-01
2.016437053679999980e-01,1.540908179700196667e-01
2.162254005669999868e-01,1.709741480075094300e-01
1.915986984970000084e-01,1.833940649856240501e-01
1.954402029510000083e-01,1.763656595271524685e-01
2.037038058040000210e-01,1.719774629782191422e-01
1.996463239190000016e-01,1.795150688853466014e-01
1.804761737589999915e-01,1.796198880466312320e-01
1.873520165680000182e-01,1.703285184352762438e-01
1.970120966429999843e-01,1.663423364371421909e-01
2.032908946279999851e-01,1.706187124040668968e-01
1.883477419610000425e-01,1.766229184876347003e-01
2.073840051889999925e-01,1.738485605682869028e-01
1.903086006639999883e-01,1.757273092463670083e-01
1.647335141900000133e-01,1.771520711811555571e-01
1.856785118579999949e-01,1.562117239482872788e-01
2.097074985500000099e-01,1.539843729318958743e-01
1.964578926559999994e-01,1.778708133805631253e-01
2.250059992069999848e-01,1.812879059763481404e-01
2.485178858039999994e-01,1.866796111563191474e-01
2.478968948129999794e-01,2.107789455515959032e-01
2.352291047569999849e-01,2.138467821786541601e-01
2.200151830909999606e-01,2.029671504307591079e-01
1.695966720579999976e-01,1.928023632196159409e-01
2.001868933439999443e-01,1.709271720614164158e-01
1.837853938339999993e-01,1.654353386177371266e-01
1.719795018430000100e-01,1.687860766296437331e-01
1.722060889009999762e-01,1.542413215439629726e-01
2.091183662410000255e-01,1.524057587845692452e-01
1.962699592110000169e-01,1.670740999915433511e-01
2.345576137300000308e-01,1.722249408247773506e-01
2.212668955329999965e-01,1.885615726932413916e-01
2.321032136680000191e-01,1.988836203970878180e-01
2.424474954610000288e-01,1.969194476498329904e-01
2.362180352210000167e-01,2.043951039075203313e-01
2.033241987229999492e-01,2.023980951960724362e-01
1.746149510150000472e-01,1.875849105873649003e-01
1.879347711800000154e-01,1.670038978771767602e-01
1.927646994589999885e-01,1.660719223927209776e-01
1.995158940549999760e-01,1.702942826788253206e-01
1.902115345000000013e-01,1.770728801747688819e-01
1.989603042599999982e-01,1.790246422041319174e-01
1.870438009499999499e-01,1.778865233099677090e-01
1.557538956400000008e-01,1.740309116537642475e-01
1.348650753500000021e-01,1.514570825972038903e-01
1.567980051039999934e-01,1.282129189290302229e-01
1.943633109329999942e-01,1.312188804996060054e-01
2.161478996279999898e-01,1.632482865559650720e-01
2.312179952860000387e-01,1.879944863034077318e-01
1.992108970879999941e-01,2.008211482750234256e-01
3.674222230910000331e-01,1.911263876554279151e-01
4.058226048949999942e-01,3.022631934771261575e-01
4.052526056769999996e-01,3.503355944138915601e-01
3.688966929910000303e-01,3.107545801975203914e-01
2.675450444220000001e-01,2.982887115866604821e-01
2.104666233059999947e-01,2.549706840394905250e-01
2.505743205550000074e-01,2.083406923100056818e-01
2.567990124230000171e-01,2.041765436541625733e-01
2.333147972819999694e-01,2.184428453909103007e-01
1.871584951879999847e-01,2.113355946049962908e-01
1.702336072920000165e-01,1.808620575743620229e-01
1.787967979910000116e-01,1.588407994018539160e-01
2.178041040900000058e-01,1.557610727231762693e-01
2.256611436609999854e-01,1.825120376017697332e-01
2.151906937359999994e-01,1.998591881386927172e-01
2.004701942210000143e-01,1.897955273045554836e-01
1.993511021139999784e-01,1.772150580036431500e-01
2.054219990969999576e-01,1.735449996260760852e-01
2.202302068469999818e-01,1.774889069767713323e-01
2.543391883370000328e-01,1.870305294381849059e-01
2.307367920879999923e-01,2.107728075783051880e-01
2.086869627239999747e-01,2.120309877623506589e-01
1.803357303139999923e-01,1.876083322364723305e-01
1.733369380239999924e-01,1.692008569231634452e-01
1.888285428290000234e-01,1.573304921880446794e-01
1.801446974280000168e-01,1.634730050601806151e-01
1.690454930070000028e-01,1.651144798338443354e-01
1.937783956529999796e-01,1.529491393691723433e-01
1.963465064759999934e-01,1.625180967213739336e-01
1.779485940929999843e-01,1.746997490238335338e-01
1.642222702499999964e-01,1.647472848988334460e-01
2.063633054490000007e-01,1.508929199020201117e-01
2.183381021019999979e-01,1.696893714916597184e-01
1.926020979879999873e-01,1.906556761803240019e-01
1.817457973960000250e-01,1.794461564816378363e-01
1.791574060919999822e-01,1.643134323862743551e-01
1.796555072069999648e-01,1.619129864635494020e-01
1.755983978510000099e-01,1.597492529641583170e-01
1.700639575719999907e-01,1.581088055999536890e-01
1.699959039689999951e-01,1.546115506764698388e-01
1.770231574769999816e-01,1.503162305317946312e-01
1.734361052510000056e-01,1.519713558337631165e-01
1.864347159860000047e-01,1.550154041978390185e-01
1.702874004839999844e-01,1.612684510570847607e-01
1.785273402929999920e-01,1.579492649688507000e-01
1.290820986030000173e-01,1.515480213821427113e-01
1.158849000929999956e-01,1.365484792876940634e-01
1.127520129079999933e-01,1.089425470079964237e-01
1.570463031529999998e-01,1.029358628807949261e-01
1.757429093120000119e-01,1.231211741014409528e-01
1.788239777089999927e-01,1.513039316183129035e-01
2.061250060799999784e-01,1.623405007599148797e-01
2.961472272869999922e-01,1.878056100242901649e-01
2.668476104740000188e-01,2.458189486436204163e-01
2.756402194500000014e-01,2.499972391705534147e-01
2.648843526840000129e-01,2.263977901200328879e-01
3.272587060930000069e-01,2.463646101348531126e-01
2.934317588809999822e-01,2.764812184185885258e-01
2.612319886680000147e-01,2.679234000421257811e-01
2.073775231839999900e-01,2.267360087517935607e-01
1.807138323779999833e-01,1.968337668764519877e-01
1.843436211349999965e-01,1.706267842286284808e-01
2.054681032900000093e-01,1.646628061819337685e-01
1.878930032250000215e-01,1.777421710597784921e-01
2.013643831010000218e-01,1.764613111889776764e-01
1.992990970609999912e-01,1.721361999000730891e-01
2.207290083170000417e-01,1.775562146537177088e-01
2.184396982190000003e-01,1.894357613797260920e-01
2.160932719709999783e-01,1.966942595562553020e-01
1.800702065230000148e-01,1.889292550573198337e-01
1.806241124869999992e-01,1.733014790846487130e-01
1.736052930359999746e-01,1.607728367182566787e-01
1.964215040210000318e-01,1.577322564875479616e-01
2.613951861859999948e-01,1.671383656882544921e-01
2.367069572210000195e-01,2.058876811082123170e-01
1.817331761120000166e-01,2.141000418314767950e-01
1.872550845150000032e-01,1.793574379199892876e-01
1.708921939130000067e-01,1.619149570872302213e-01
1.886087059969999979e-01,1.614977002094297731e-01
1.907265037299999966e-01,1.637842287510851980e-01
1.932464987040000415e-01,1.707628837096134833e-01
1.732929944990000137e-01,1.696513656554269056e-01
2.095063477749999625e-01,1.622430283278873397e-01
4.538556933399999771e-01,1.802922550115327871e-01
4.529328942299999938e-01,3.520794391143618474e-01
4.376089870929998904e-01,3.990196013262611863e-01
4.101786911490000742e-01,3.382793931909153784e-01
2.999480962750000201e-01,3.248946668975173924e-01
2.743109166620000261e-01,2.901080132815161972e-01
2.636764347549999665e-01,2.583205220625446330e-01
3.030085861679999715e-01,2.445556212015635444e-01
2.883977890009999934e-01,2.503421796920526354e-01
2.769187986850000227e-01,2.579345215467102603e-01
2.645944654940000085e-01,2.455648657265195323e-01
3.595731556419999864e-01,2.426966270504823664e-01
3.489974141120000262e-01,2.783678525842901430e-01
3.149650990960000119e-01,2.999691256770783410e-01
2.530409693719999908e-01,2.740485434709526991e-01
2.099061757329999944e-01,2.352465787245662521e-01
2.237384021280000024e-01,2.018202020533258478e-01
2.169338017699999344e-01,1.981018001910723747e-01
2.123453021049999945e-01,1.987106074055120797e-01
2.144929021599999985e-01,1.956681227092798570e-01
2.123427987100000303e-01,1.947846111172642503e-01
2.086919993160000208e-01,1.927292582774845775e-01
2.024399936200000361e-01,1.899038666772583928e-01
1.932131946090000219e-01,1.827188865365622084e-01
1.812405437229999972e-01,1.741671610412477977e-01
1.841152161359999873e-01,1.670828981907482580e-01
2.009199708700000198e-01,1.639815417409649367e-01
1.946409046650000030e-01,1.742328086000471954e-01
1.966055035590000000e-01,1.787827034615200039e-01
1.737543940540000054e-01,1.775637672529077893e-01
1.790176033969999858e-01,1.672985492425147214e-01
2.000912129879999779e-01,1.548287179904049016e-01
1.695824414490000043e-01,1.700340407948513766e-01
1.927433013919999938e-01,1.645069489112285233e-01
2.038794755939999925e-01,1.611381779296217343e-01
2.095497995620000109e-01,1.833590101533755790e-01
2.050999999049999967e-01,1.870017209283828807e-01
1.882844567299999938e-01,1.825168604172381082e-01
2.005678713319999917e-01,1.756383258987007090e-01
1.948222815989999746e-01,1.752370449796310237e-01
1.851616054770000019e-01,1.781361375076527809e-01
1.811457574369999823e-01,1.704600827712360600e-01
1.909579336640000180e-01,1.659722731796679507e-01
2.015465050940000169e-01,1.717149466163208626e-01
1.874635964629999818e-01,1.785205147749711063e-01
2.141287922859999859e-01,1.724013160189505622e-01
2.041694968939999910e-01,1.837695967349897430e-01
2.533474564550000085e-01,1.896131696283060997e-01
2.678037881850000024e-01,2.167407214409311778e-01
3.017286956309999657e-01,2.355681928077788534e-01
3.658618927000000243e-01,2.566613450803745256e-01
3.397559225559999563e-01,3.543765729439403711e-01
2.932764291759999975e-01,3.611886905960308702e-01
2.594402134420000228e-01,2.727360796610288074e-01
1.747480928900000119e-01,2.255247825140692108e-01
1.857970058920000167e-01,1.905251696446494947e-01
2.116256058219999903e-01,1.656370528260815156e-01
2.045923024419999958e-01,1.840132587897078398e-01
2.080095559360000124e-01,1.876341527214910321e-01
2.008861005310000059e-01,1.788887917987280474e-01
2.219119668010000324e-01,1.817390602934102206e-01
2.171941995620000065e-01,1.936156666031074169e-01
2.135767042640000224e-01,1.972634038990729033e-01
2.023674994709999952e-01,1.862246883030830025e-01
1.955586671829999956e-01,1.792783067680324138e-01
1.969362944360000256e-01,1.795235582851944789e-01
1.962438523770000387e-01,1.780781500982730192e-01
2.066201269630000281e-01,1.743333102965103354e-01
2.266834974290000138e-01,1.840950901012927410e-01
2.307016998529999863e-01,1.912193595662193824e-01
2.064162045719999949e-01,1.919047564665384842e-01
2.136748582119999684e-01,1.859593559722533540e-01
2.115589976309999731e-01,1.903208721324563535e-01
2.210098206999999981e-01,1.916112175945060281e-01
2.002004534010000114e-01,1.834712353286100384e-01
2.026610970500000164e-01,1.805287994499922555e-01
1.840810924770000245e-01,1.789750025124064170e-01
1.918098330499999893e-01,1.734408561591082865e-01
1.945068985220000102e-01,1.680084864534723554e-01
1.860962957140000207e-01,1.764013607158816943e-01
3.239021003249999975e-01,1.724362441767594012e-01
2.998737990859999814e-01,2.472148989678315811e-01
2.647733092310000091e-01,2.743039726240157350e-01
2.435151785609999953e-01,2.279825808322703540e-01
1.468971520659999863e-01,2.071456176805856753e-01
1.675205081699999987e-01,1.700111426806510118e-01
1.691907048229999710e-01,1.408075861102561777e-01
1.851512044669999801e-01,1.497344919367969429e-01
1.919896006579999981e-01,1.591094352603687756e-01
1.983390152450000277e-01,1.691894960270962089e-01
2.193651050329999963e-01,1.729074499747456917e-01
2.147694528099999833e-01,1.841881070456775071e-01
2.910268306730000032e-01,1.916607254168700147e-01
2.744570672509999976e-01,2.327067092617051969e-01
2.695364058020000009e-01,2.475348639511472104e-01
2.071107774970000204e-01,2.252784172917634553e-01
1.958816945549999577e-01,2.037882475728149123e-01
1.965135931969999861e-01,1.794553461004994854e-01
1.876440942289999969e-01,1.774258529408077600e-01
2.025545984510000175e-01,1.709788312834271684e-01
1.871117651460000031e-01,1.762735988323714253e-01
1.973968744280000243e-01,1.766951558759360941e-01
2.005362063649999971e-01,1.757980960375066237e-01
2.371928393840000149e-01,1.794685982583936745e-01
2.252300232649999678e-01,1.975099968531400241e-01
2.096156179900000305e-01,2.060051167139740902e-01
1.828726381060000183e-01,1.866491060631938759e-01
2.188799381260000398e-01,1.725241935373561519e-01
2.092117965219999765e-01,1.813634851754785393e-01
2.991323173050000062e-01,1.908875848886413262e-01
3.725849986079999843e-01,2.595432529970077007e-01
3.703671991829999843e-01,3.166987603801740270e-01
3.411498963830000286e-01,3.156587575726882977e-01
2.537753880020000019e-01,2.975158758000980286e-01
2.660570144650000191e-01,2.497967962979237011e-01
2.583504617210000132e-01,2.283967098172720311e-01
2.349327653649999903e-01,2.307450404627363616e-01
1.964800357820000176e-01,2.088604976266438262e-01
2.010751813650000219e-01,1.867757607282242993e-01
2.233009040360000030e-01,1.787789452010442592e-01
2.107799947259999807e-01,1.897159909423019875e-01
2.084790617230000143e-01,1.869058670923462173e-01
2.135446965689999921e-01,1.852063934331448225e-01
2.063921540979999636e-01,1.939001431653775698e-01
1.915937960150000119e-01,1.897691860160064248e-01
1.907173544170000234e-01,1.738669025947983671e-01
2.065229862929999771e-01,1.643832736501472103e-01
2.108760029080000431e-01,1.713256654328943751e-01
1.930121034380000433e-01,1.799196802703980913e-01
1.988846510650000288e-01,1.737658588485106459e-01
2.141418010000000205e-01,1.700913012677774117e-01
2.070428282019999844e-01,1.796728077828328995e-01
3.285667896269999777e-01,1.807629700504557735e-01
4.495427012439999759e-01,2.611329522009950832e-01
4.017376005650000748e-01,3.606453226803797985e-01
3.919491171839999399e-01,3.575733309818210359e-01
3.275258541109999921e-01,3.076245185705298590e-01
2.748836874960000065e-01,2.821648686747067480e-01
2.869270443920000080e-01,2.443206240024727582e-01
2.935220301149999989e-01,2.373834835689933587e-01
3.149933218959999892e-01,2.444988374792365082e-01
3.063029944900000356e-01,2.558591849756529646e-01
2.829472124579999748e-01,2.599838047580361189e-01
2.236190885309999876e-01,2.417555112687256036e-01
2.047974467280000155e-01,2.094213674643781720e-01
1.970064640049999927e-01,1.829394073365176454e-01
2.168944925069999918e-01,1.771375816477042398e-01
2.222929000849999948e-01,1.804148806796040672e-01
2.163385450839999946e-01,1.938385859603219130e-01
2.129120975730000032e-01,1.966116243411662468e-01
2.239284068350000101e-01,1.905957152961885726e-01
2.111652940509999854e-01,1.981019260140351179e-01
2.037166059019999975e-01,1.950773652612313724e-01
1.949672847989999958e-01,1.793992519000351116e-01
2.212041467430000130e-01,1.755188127769000128e-01
2.242754995819999930e-01,1.892115263772257694e-01
2.110134959219999995e-01,1.991841351165538621e-01
1.880159825090000070e-01,1.894114925371008784e-01
1.926469951869999864e-01,1.742203782232506493e-01
1.927028000349999826e-01,1.658716011710753835e-01
2.360453009609999875e-01,1.699692456775677984e-01
2.494726628070000063e-01,1.900373611236526872e-01
2.352280020710000030e-01,2.097776252666849195e-01
1.843072175980000060e-01,2.079928400446680037e-01
1.996876001359999819e-01,1.840474156893448510e-01
1.958325058219999859e-01,1.696927176671566839e-01
1.888218969110000145e-01,1.750015824145803589e-01
1.885980367660000101e-01,1.701488530543140421e-01
1.783643960949999885e-01,1.700421255068837179e-01
1.893583983179999986e-01,1.649021226524182149e-01
1.769174039359999728e-01,1.624324689068874505e-01
1.822073012590000041e-01,1.609684044229127697e-01
1.726381331679999742e-01,1.565340374213277375e-01
1.796488463879999664e-01,1.560984645563431028e-01
1.893453001979999994e-01,1.554181139093598896e-01
2.041255980730000141e-01,1.616433094888889699e-01
2.021193057299999762e-01,1.727444230079195620e-01
1.950753927230000073e-01,1.787699208081915403e-01
1.913484036919999853e-01,1.734255327222323506e-01
1.940153539180000386e-01,1.699273674803497003e-01
2.548274099830000194e-01,1.711229700410460686e-01
2.428829520939999875e-01,2.045989344387888764e-01
2.269057929519999739e-01,2.205100669088469467e-01
2.461629658940000243e-01,2.019128304949132924e-01
2.363652586939999911e-01,2.058435744500967668e-01
2.234285175800000134e-01,2.100416753110755930e-01
2.153740972279999943e-01,1.988549693259234197e-01
2.169086933140000062e-01,1.894371849917399486e-01
1.956495195630000294e-01,1.888638632313908716e-01
1.911730021240000132e-01,1.803220882132846037e-01
1.911281347270000208e-01,1.660492617555505701e-01
1.682610064739999967e-01,1.686813345630504835e-01
1.873182952399999879e-01,1.590281428109563133e-01
1.789516657589999837e-01,1.554940798819052505e-01
1.870546638969999842e-01,1.609080924944047974e-01
2.044772058730000008e-01,1.612411200041282688e-01
1.983377933500000412e-01,1.729737247018643675e-01
2.032073587180000251e-01,1.749919556166365797e-01
2.265556752679999952e-01,1.734431376283020465e-01
2.234009951350000023e-01,1.858950320418177315e-01
2.426621168849999732e-01,1.916505302934808364e-01
2.588768005370000180e-01,1.979366059345828432e-01
2.521358132360000393e-01,2.107352341533866857e-01
2.280115038159999941e-01,2.139059382728575043e-01
1.778044104579999951e-01,2.031437369068082310e-01
1.634968966249999989e-01,1.741873928396630855e-01
1.860933601860000064e-01,1.477198334895030718e-01
1.859123855829999672e-01,1.534740102110180304e-01
1.739067137240000172e-01,1.653801529856346597e-01
1.785075962540000061e-01,1.586483240942108686e-01
1.885641068220000049e-01,1.553927485970036659e-01
2.542034089569999988e-01,1.641821590837355960e-01
2.529518902300000316e-01,1.977182392855605653e-01
2.264477610590000245e-01,2.167784666770898594e-01
2.110380530360000118e-01,2.008128870977841651e-01
2.390624135729999822e-01,1.857892152836060351e-01
2.233908027409999830e-01,1.951437354644988131e-01
2.384739071129999832e-01,1.978448321787512898e-01
2.096938937900000022e-01,2.004068305410032225e-01
2.205873429780000061e-01,1.963632193058385544e-01
1.979559957979999951e-01,1.853425339026086860e-01
2.239636480809999997e-01,1.835756561465707315e-01
1.824693381790000180e-01,1.867173655606441385e-01
1.944653987880000379e-01,1.784882112897355211e-01
1.623506993060000181e-01,1.609324468450809287e-01
1.634901016950000008e-01,1.554456322087120757e-01
1.519308984280000052e-01,1.427450030848457785e-01
1.773174256089999623e-01,1.380139622299415558e-01
2.009179741139999753e-01,1.486154626893577690e-01
1.831925064329999742e-01,1.679536345972912625e-01
1.519723981620000053e-01,1.651671653272816509e-01
1.608350872990000069e-01,1.448918836271781418e-01
1.576898992060000171e-01,1.359963077988876612e-01
1.789468824859999918e-01,1.395800432878595287e-01
1.863833963870000221e-01,1.493377169563147033e-01
1.762941032649999740e-01,1.603304028257031277e-01
1.410365849730000065e-01,1.566088973059517608e-01
1.918971985579999984e-01,1.388328744306470963e-01
2.020718008279999978e-01,1.516942283735961405e-01
2.467120736839999995e-01,1.759319333185512535e-01
2.503778040410000183e-01,2.083847246218833160e-01
2.420776039360000020e-01,2.285267291763969644e-01
2.059547007079999548e-01,2.170306482782107804e-01
1.608465462920000144e-01,1.950166896837619290e-01
1.329861283299999808e-01,1.584225619897699777e-01
1.673102676869999972e-01,1.294413758512271972e-01
1.795337647199999609e-01,1.339205803508026760e-01
1.848126053810000002e-01,1.561352894016977688e-01
2.060592025519999981e-01,1.658794095779013711e-01
1.993591934439999935e-01,1.789736477723587460e-01
2.019896209239999962e-01,1.823835132203507348e-01
1.895201951269999963e-01,1.795956391483705950e-01
2.597720026969999596e-01,1.745588909061906169e-01
2.444770485159999951e-01,2.035111593605501423e-01
2.407727241519999617e-01,2.182752274136018356e-01
2.282528877259999978e-01,1.972796597873477109e-01
1.719890981910000005e-01,1.925072334286594966e-01
2.107089906930000034e-01,1.721253422808277089e-01
2.091155946250000119e-01,1.737010008899085578e-01
1.978048980240000032e-01,1.911038284251090069e-01
2.423519939180000249e-01,1.847907955218346387e-01
2.733131051059999872e-01,2.065883227731671601e-01
2.591018974779999984e-01,2.514994305947788611e-01
2.398502230640000010e-01,2.467873949553029966e-01
2.027270048860000118e-01,2.103427489809012174e-01
1.646265089510000057e-01,1.871885449191319772e-01
1.514579057690000063e-01,1.597894575774511661e-01
1.715828478339999907e-01,1.406528256715551539e-01
2.222049087290000058e-01,1.436881081611234012e-01
2.350890487429999898e-01,1.783540335486002437e-01
2.281305044889999634e-01,2.016289938205375054e-01
2.251530140639999844e-01,1.979676234212351393e-01
2.360830008979999950e-01,1.921049506750120150e-01
2.331852018829999873e-01,1.972151682996873823e-01
1.995675563809999886e-01,2.022792053909782672e-01
2.020958065989999775e-01,1.876220647158106103e-01
1.845946013929999907e-01,1.758300649667996485e-01
1.881015300749999952e-01,1.705874756324540498e-01
2.119678109879999939e-01,1.631187336805507426e-01
2.234034091230000241e-01,1.778841539480205680e-01
2.446219176049999888e-01,1.975058614047301431e-01
2.418016940359999645e-01,2.056242524535939475e-01
2.144879996780000020e-01,2.015386503812341135e-01
2.017266303299999897e-01,1.892702529382586096e-01
1.734066754580000091e-01,1.794302115886282079e-01
1.667926013469999968e-01,1.678434493567882158e-01
1.653245985510000127e-01,1.487944940339581967e-01
1.766120344399999820e-01,1.446042037748835052e-01
2.292105853560000295e-01,1.555977344642134053e-01
2.151339054109999982e-01,1.891108468733873893e-01
2.032367140049999854e-01,1.991676313757044237e-01
2.899451851839999761e-01,1.832406426606575656e-01
3.044671118260000031e-01,2.403283418632596868e-01
2.927406132220000123e-01,2.692610973428295473e-01
2.604539990429999841e-01,2.446311890321956339e-01
2.598164081569999673e-01,2.281501249971560064e-01
2.464921027420000077e-01,2.243514015376160409e-01
2.179778963329999930e-01,2.210039764574960042e-01
2.073534131049999674e-01,1.951477052407837587e-01
2.050486057999999778e-01,1.813605432009600948e-01
2.097736448049999924e-01,1.812562061319342721e-01
2.061820030209999821e-01,1.839888342157808554e-01
1.972219944000000447e-01,1.879700604887787896e-01
1.988296955820000045e-01,1.813109602488224281e-01
2.057753950360000361e-01,1.768536270426702417e-01
2.033157944680000218e-01,1.803056325914254576e-01
1.759992837910000218e-01,1.805783906852714837e-01
2.031327337029999736e-01,1.679021166401664100e-01
2.274394929410000210e-01,1.732210245066046761e-01
2.340615987779999796e-01,1.973026063013909037e-01
2.466137260199999792e-01,2.084913318954315087e-01
2.308412343259999833e-01,2.134076633701446624e-01
2.145392149689999972e-01,2.045660242087778413e-01
1.903560012579999794e-01,1.918889335934658158e-01
2.080181986090000046e-01,1.799291271312523088e-01
2.246207594869999991e-01,1.803518611664136628e-01
2.103735655550000305e-01,1.976843293788344280e-01
1.986407041550000141e-01,1.947917226672686575e-01
1.817755550150000066e-01,1.784519911807729009e-01
1.930263042450000022e-01,1.694447904615334621e-01
1.930966228249999805e-01,1.692036247157497619e-01
1.897509992120000044e-01,1.726220401651863967e-01
1.693823039529999963e-01,1.726757027490517515e-01
1.858561486009999986e-01,1.607246109920424937e-01
1.774827986960000048e-01,1.567289683126598943e-01
1.667204946280000100e-01,1.602027612461727479e-01
1.615741997959999898e-01,1.507534276228126024e-01
1.936000734570000048e-01,1.447105836945712931e-01
2.084788978100000079e-01,1.607970324616949664e-01
2.083924710750000298e-01,1.831061680586453522e-01
1.912561953069999710e-01,1.886875445316137379e-01
1.796658039089999992e-01,1.773667008097296882e-01
1.821167021990000301e-01,1.612324173475360722e-01
2.010916024449999895e-01,1.619228817035273382e-01
1.848223060370000059e-01,1.743073825331007964e-01
1.947717964649999800e-01,1.711490874573595444e-01
1.730353981260000229e-01,1.685767855238230195e-01
1.828583031890000099e-01,1.635307350398252924e-01
1.498861461880000023e-01,1.557925733759238096e-01
1.527018994090000026e-01,1.477919296779096892e-01
1.779081076379999959e-01,1.333558483957819896e-01
1.696159988640000005e-01,1.492136504414346421e-01
1.754582375290000273e-01,1.556988239687260023e-01
1.580465734000000011e-01,1.529906998310707200e-01
1.843986064199999997e-01,1.490588746918352359e-01
1.731242984530000084e-01,1.520352914786319287e-01
1.698645055290000094e-01,1.583829473655462006e-01
2.204860746860000387e-01,1.510784084563917828e-01
2.881226837640000205e-01,1.861792004996197791e-01
2.816658914090000021e-01,2.536245739029229784e-01
2.804358899590000398e-01,2.680077859111189564e-01
3.555045723920000067e-01,2.525286566387243692e-01
3.446882963180000203e-01,3.216490512691430603e-01
3.495651185509999759e-01,3.281270298017050502e-01
3.308182954789999908e-01,2.720545686106480843e-01
2.400473654270000312e-01,2.679881749582684325e-01
1.951503008599999867e-01,2.337125497107949701e-01
1.843069046739999883e-01,1.863044245478006344e-01
1.784625351430000062e-01,1.658447679787617146e-01
1.679867953059999974e-01,1.608776648223463057e-01
1.683609932660000141e-01,1.542699982118365121e-01
2.073428332810000052e-01,1.474508300834681263e-01
3.081569075580000150e-01,1.745499814887105094e-01
3.016481101509999596e-01,2.303808921341034266e-01
3.267253041270000158e-01,2.500542969203639609e-01
2.592641115190000289e-01,2.543358914011557004e-01
2.114182710650000241e-01,2.426377153824344213e-01
2.050412595270000027e-01,2.031841139809105745e-01
2.347255051140000048e-01,1.852177658169561758e-01
2.621370851990000306e-01,1.987658918578122935e-01
2.531891763210000201e-01,2.171549956155732486e-01
2.543610632420000295e-01,2.134770138093970981e-01
2.207816988229999999e-01,2.160533399786075115e-01
2.424586564300000302e-01,2.068700104987769572e-01
2.450377047060000035e-01,2.055928632971923131e-01
2.463154047729999852e-01,2.143222204095218963e-01
2.298433184620000125e-01,2.106967049406392178e-01
2.683678865429999782e-01,2.130282066448857536e-01
2.317014038559999656e-01,2.366918681496641697e-01
2.536134123800000140e-01,2.300105754348120979e-01
2.278259247540000143e-01,2.087738719640624685e-01
2.511056959629999752e-01,2.142141957485348969e-01
2.406570017340000089e-01,2.122507068501039706e-01
2.355776131150000285e-01,2.113998345969774206e-01
2.084955275060000057e-01,2.044489234808063438e-01
2.014831006530000135e-01,1.963184038032463330e-01
2.134985029700000314e-01,1.819169382928841061e-01
1.968656927350000141e-01,1.872742425239211361e-01
1.748276948930000407e-01,1.852989510331298217e-01
1.675257831810000042e-01,1.621182618862110347e-01
1.819289028640000139e-01,1.499708241979828272e-01
2.163158357140000099e-01,1.589659085238492309e-01
1.956270039080000300e-01,1.820811716903495137e-01
1.841740161179999946e-01,1.806836428348103929e-01
2.603065371509999948e-01,1.612422257462409747e-01
2.706716060640000365e-01,2.071736388425861053e-01
2.765875160690000056e-01,2.375363981959833781e-01
3.321622908119999940e-01,2.391135189447964604e-01
3.372164070610000342e-01,2.935844996184820976e-01
3.424106836320000014e-01,3.205386224532810191e-01
3.502804040910000305e-01,3.133227614579495168e-01
3.334882259370000046e-01,3.136723140560513934e-01
3.048415184020000224e-01,2.950071591687793426e-01
2.241699099539999906e-01,2.687706523652318436e-01
2.231916040179999783e-01,2.280614617206841999e-01
2.127934992309999940e-01,1.975860295144180323e-01
2.555466890340000186e-01,1.943459330419602948e-01
2.643494009969999947e-01,2.110815180537469749e-01
2.531680464739999858e-01,2.352311494844428474e-01
2.339650541540000128e-01,2.289539723005974137e-01
2.333215028050000250e-01,2.139166433197395023e-01
2.242033332589999928e-01,2.079934518488726902e-01
2.012783437970000200e-01,2.021162086029586469e-01
1.966407001020000211e-01,1.856661920502909735e-01
2.178835868840000300e-01,1.727076449551565029e-01
2.213913053269999931e-01,1.827432526514656541e-01
1.959984004500000265e-01,1.934784974464594520e-01
1.992403119800000288e-01,1.800000952863582415e-01
1.625297963619999897e-01,1.671588490558110485e-01
1.901159286500000156e-01,1.554233614717017431e-01
1.898488998409999795e-01,1.541379775649474870e-01
2.000212967400000208e-01,1.646330274576117969e-01
1.874057054520000265e-01,1.689179953786908439e-01
1.881960034370000201e-01,1.726034893138268800e-01
2.220781892539999691e-01,1.662872631803361256e-01
2.257640063759999982e-01,1.839938181782495019e-01
2.163868844509999889e-01,1.997870694707552519e-01
1.905837059019999669e-01,1.943018317321860700e-01
2.389943003649999953e-01,1.790996906951551615e-01
2.126784026619999990e-01,1.887557060105283790e-01
2.203326970339999913e-01,1.946926824920501842e-01
1.995152980090000028e-01,1.843278804136849192e-01
1.767843067650000100e-01,1.826113548959630850e-01
2.036905288699999983e-01,1.629759485256226936e-01
1.890024542810000152e-01,1.651531681267479068e-01
1.914628148079999814e-01,1.731237938323578751e-01
2.303853929040000081e-01,1.678688379211477899e-01
2.602671086789999921e-01,1.871397087100818979e-01
2.651697993279999999e-01,2.203936152940724758e-01
2.410915046930000583e-01,2.319402448439396580e-01
2.030028998850000044e-01,2.146909241347327302e-01
2.060085982080000211e-01,1.886173292893146003e-01
1.778325885530000205e-01,1.760489127940002008e-01
1.719783544540000042e-01,1.643121479404077989e-01
1.757052987809999689e-01,1.494366923571850692e-01
1.694041937590000102e-01,1.514153730622104232e-01
1.635388135910000040e-01,1.507289066207509187e-01
1.943304240699999796e-01,1.440656533589738664e-01
2.042852044110000098e-01,1.627844443349257819e-01
2.030708640810000021e-01,1.784871083591582919e-01
1.812596023079999785e-01,1.769542086367002498e-01
2.182700932030000041e-01,1.684452341302767608e-01
2.186232060190000104e-01,1.780323398946512814e-01
2.044367194179999569e-01,1.935867779895622531e-01
1.787614673380000241e-01,1.844788696370661674e-01
2.417660057539999519e-01,1.678578722061590811e-01
2.367322593929999941e-01,1.974751268149239902e-01
2.201220840219999808e-01,2.165415456134463235e-01
2.190245538950000292e-01,1.963440382489977376e-01
2.470148950820000300e-01,1.919572123530272900e-01
2.227835953240000222e-01,2.116201102393420186e-01
2.453936934469999886e-01,2.086635296098760806e-01
2.456143051390000109e-01,2.023056454251163649e-01
2.149323076009999889e-01,2.137675063854751756e-01
1.782320737840000502e-01,1.984182676026855496e-01
1.983320713039999628e-01,1.710637965245122849e-01
1.837121993299999645e-01,1.664717628143497219e-01
2.150899022819999784e-01,1.678245672212227979e-01
2.187249064449999780e-01,1.760605593727129492e-01
1.953707039359999786e-01,1.931665083947694261e-01
2.260476946829999834e-01,1.835204510619250773e-01
2.273865938190000047e-01,1.861606320148652405e-01
2.131565511230000265e-01,1.987437649242587145e-01
1.765360683200000169e-01,1.901003718470657133e-01
2.150828540329999816e-01,1.694504529061786058e-01
3.349621891979999710e-01,1.809547267285796512e-01
3.160460889339999913e-01,2.501792129863342207e-01
3.057914972309999646e-01,2.700935596339342215e-01
2.454170137640000193e-01,2.475557671478223754e-01
2.043210864070000021e-01,2.242856794039708446e-01
2.795807123180000242e-01,1.904594166106085840e-01
2.639636099339999764e-01,2.294547109641784655e-01
2.800608277320000283e-01,2.442011378492001950e-01
2.840686142440000395e-01,2.259218252095312462e-01
2.698352336879999980e-01,2.353387770632985043e-01
2.565046846869999952e-01,2.274885675011524000e-01
1.737418919799999795e-01,2.166146982961316692e-01
1.598615348340000075e-01,1.852573431549296989e-01
1.806169450279999644e-01,1.461616987750767871e-01
1.780257374049999952e-01,1.517092768312495454e-01
1.924792230129999948e-01,1.599868801037089838e-01
1.990472823380000089e-01,1.650740172258421679e-01
1.957502663139999710e-01,1.734900268547816815e-01
1.883261650800000242e-01,1.788565753770741673e-01
1.797540038819999686e-01,1.759768548546408462e-01
1.916811913249999999e-01,1.636940871722918356e-01
2.141620814799999883e-01,1.649693814597460173e-01
2.216559946539999881e-01,1.818023857818154287e-01
2.209348082539999703e-01,1.905492500100605391e-01
2.184751033780000240e-01,1.924430191366792997e-01
2.180604040619999739e-01,1.982836061892371549e-01
2.504481077190000016e-01,2.004386378920883505e-01
2.412912994619999807e-01,2.157401349668666979e-01
2.391991466279999590e-01,2.193883236682861171e-01
2.296963632110000098e-01,2.114503451159568115e-01
2.403284162280000247e-01,2.063890161409618895e-01
2.240518331529999796e-01,2.009261268621073127e-01
2.023217231040000119e-01,2.002822733600456706e-01
2.082566022870000200e-01,1.858064581203583698e-01
2.085203975440000079e-01,1.820168251727004860e-01
1.949775964020000196e-01,1.873393425824626812e-01
1.989800930020000080e-01,1.779201419196565770e-01
1.869141757489999889e-01,1.681063639823795752e-01
1.943044960499999974e-01,1.668442814832703791e-01
2.154057025910000034e-01,1.678785013238732193e-01
2.246519029140000012e-01,1.826589452888159326e-01
1.886185854669999717e-01,1.947621765754713186e-01
1.838601976629999635e-01,1.801388696733806083e-01
1.893669962880000224e-01,1.584832049354041872e-01
1.995205432180000016e-01,1.627137699200965903e-01
1.813428401949999658e-01,1.712651041655115780e-01
1.920076012609999994e-01,1.675734897909971766e-01
2.081632465119999942e-01,1.639410812639550685e-01
1.980955004690000132e-01,1.799293410573845342e-01
2.022272646429999765e-01,1.818498990421675288e-01
1.925842463970000029e-01,1.744113640412785771e-01
2.055149674419999850e-01,1.742142975475901856e-01
1.921776980160000148e-01,1.780940586502940959e-01
1.974076032640000034e-01,1.762637688646911116e-01
1.978288739919999983e-01,1.710794849326417455e-01
1.947185993189999853e-01,1.773640815817378591e-01
1.929751932619999943e-01,1.741218372700931716e-01
1.787372082470000123e-01,1.694432984438923873e-01
1.773243993519999784e-01,1.632399300652669083e-01
1.954015046359999785e-01,1.561815711569811416e-01
1.786402463910000127e-01,1.665295814707463684e-01
1.929298043250000094e-01,1.667052720001844235e-01
1.924515962599999963e-01,1.626340221199582547e-01
1.982013732189999711e-01,1.680971914835429348e-01
2.029816657299999549e-01,1.732730246701733312e-01
2.076473981139999869e-01,1.783009587692338804e-01
1.996106952430000137e-01,1.783237031458244082e-01
1.837998628619999797e-01,1.777938506491996140e-01
3.492729067800000586e-01,1.722221751789309863e-01
3.385715782639999727e-01,2.584647418907495831e-01
3.246645033359999988e-01,3.013204401496972218e-01
2.590272426610000234e-01,2.754303286593557387e-01
2.013491839169999909e-01,2.453946948753282509e-01
2.125197052959999777e-01,2.045289353489203044e-01
2.082609981300000135e-01,1.894771941824549555e-01
2.026299685240000037e-01,1.877194588183502544e-01
1.967180371280000117e-01,1.817615076389376694e-01
1.891978979110000014e-01,1.760579198545390023e-01
1.683970987799999763e-01,1.698102258324077907e-01
1.529303938150000097e-01,1.568472932700858691e-01
1.571273952720000089e-01,1.407512965287126272e-01
1.925273537640000143e-01,1.360018575437260957e-01
2.034381031989999922e-01,1.617115698722292605e-01
1.979987621310000112e-01,1.818211271139800189e-01
1.713397651909999986e-01,1.783564406374413547e-01
1.605434864760000024e-01,1.619572138848552056e-01
1.448902040719999840e-01,1.457925283765071911e-01
1.455924957989999935e-01,1.348896476472609962e-01
1.324006021019999979e-01,1.265555739658523471e-01
1.147388964889999863e-01,1.219163515165864603e-01
1.390763670209999858e-01,1.100306328376968734e-01
1.773481071000000131e-01,1.149908020457870855e-01
1.872349977490000150e-01,1.423089605701994553e-01
1.716542839999999903e-01,1.646902652561089420e-01
1.901565045120000019e-01,1.613587462040677045e-01
2.085365056989999799e-01,1.625334303751044818e-01
2.105930447580000031e-01,1.793833831816875335e-01
2.011387944220000001e-01,1.861697436933840988e-01
1.981692165139999906e-01,1.829828591303506724e-01
1.862777769570000130e-01,1.782134073109204742e-01
2.313299924139999852e-01,1.759038968017059001e-01
2.665236890320000218e-01,2.065790587102498965e-01
2.672828137869999732e-01,2.323898353634862857e-01
2.530894875529999810e-01,2.295400204403082178e-01
2.939947843549999829e-01,2.271024393165157473e-01
2.766048014160000235e-01,2.426947095412266553e-01
2.432340085509999972e-01,2.477047355479463919e-01
2.223459333180000108e-01,2.196177506071609886e-01
2.186183035370000138e-01,1.997234831075977157e-01
2.029476463789999796e-01,1.956911342747485738e-01
1.907453686000000204e-01,1.859979503551764946e-01
1.951031982900000294e-01,1.738992361388483066e-01
2.226422727109999833e-01,1.742578820592473876e-01
2.252217978240000085e-01,1.933618822560825290e-01
2.214518934490000146e-01,2.043636337249891410e-01
2.066775113340000025e-01,2.011079104795670813e-01
2.097374200819999979e-01,1.921127792941143830e-01
2.612883150579999869e-01,1.858329864656446950e-01
2.342368513349999681e-01,2.186712080013767101e-01
2.237651944159999851e-01,2.230954276602979403e-01
2.170636057850000022e-01,1.956114475914179363e-01
2.301114946599999433e-01,1.963809552825985794e-01
2.086910158400000215e-01,2.039522862765035804e-01
2.047397941349999584e-01,1.943785657891113072e-01
2.222295254470000037e-01,1.831788141586372376e-01
2.279004752640000075e-01,1.887088314969248004e-01
2.129457294940000078e-01,1.968087209457921594e-01
1.926552951340000375e-01,1.967267339812738269e-01
1.835393011569999844e-01,1.806945797679618548e-01
1.722192019220000203e-01,1.656843782337115711e-01
1.875299960370000463e-01,1.586237107450232942e-01
1.739563494920000064e-01,1.621727165688987005e-01
1.938352584840000170e-01,1.611297029094505007e-01
1.973450034860000091e-01,1.659213027714244448e-01
1.942632943389999978e-01,1.754528390781461000e-01
2.034828513860000021e-01,1.716603444360306208e-01
1.873460412029999966e-01,1.778044858907528725e-01
2.008862048390000210e-01,1.743129962445713887e-01
1.905569285150000014e-01,1.690987031795521955e-01
1.927679926160000001e-01,1.719875613869486786e-01
1.832018047569999863e-01,1.709176724468082220e-01
2.027056962250000094e-01,1.688367732609259153e-01
1.902956068519999766e-01,1.705366032119160213e-01
1.815531253809999912e-01,1.706934517945569441e-01
1.891089975829999548e-01,1.636684365051445378e-01
1.840091049670000145e-01,1.674450758730819389e-01
1.819614022970000022e-01,1.682507144692228229e-01
1.854998767380000024e-01,1.635393975393598653e-01
2.226949036120000058e-01,1.660093281674189514e-01
2.071253955359999843e-01,1.871326138206439449e-01
2.009170949460000188e-01,1.918873719979346248e-01
1.885115951299999870e-01,1.797541895730759565e-01
1.943915784359999954e-01,1.722999988709368047e-01
1.774574071170000045e-01,1.687491446596439959e-01
1.960569024089999779e-01,1.628537336576896255e-01
1.895107030869999931e-01,1.645404905843103893e-01
2.074400931600000053e-01,1.717521240276502215e-01
2.042641043660000100e-01,1.761564407484737249e-01
2.000678032640000048e-01,1.807885510586808020e-01
1.733694821599999769e-01,1.751398844141263400e-01
1.849348992109999812e-01,1.638936671458774419e-01
1.688267737630000098e-01,1.603932469797132443e-01
1.914010494949999752e-01,1.588966472394753027e-01
1.822085529569999751e-01,1.609425796837979927e-01
2.055577039720000165e-01,1.651643348521967258e-01
2.419840693470000081e-01,1.753872806275433294e-01
2.256706357000000107e-01,1.998449617947541945e-01
2.096177935600000153e-01,2.007224436183787097e-01
1.874290108680000400e-01,1.861358952965782854e-01
1.834661066530000328e-01,1.750417908213969531e-01
1.931275576349999745e-01,1.667585275236322939e-01
1.979932039979999947e-01,1.697260643750528042e-01
1.810770928860000184e-01,1.760451851738073503e-01
4.031366109849999768e-01,1.672163776770690391e-01
4.604647159579999816e-01,2.913744454636717496e-01
5.008617043499999921e-01,3.596893113568018774e-01
4.378605186940000005e-01,3.632484091766954859e-01
2.561259269710000064e-01,3.563583622914594518e-01
2.273572981360000023e-01,2.832828853142416170e-01
2.201671004300000123e-01,2.055083498414011778e-01
1.984222531320000149e-01,1.875639687674178491e-01
1.943005025389999973e-01,1.767135126174926296e-01
1.805235445499999702e-01,1.721182967019785626e-01
1.998776346449999686e-01,1.663411530987541354e-01
2.088513970380000140e-01,1.693123935787941570e-01
2.052325755359999948e-01,1.807168857046388966e-01
2.000157982109999899e-01,1.801872070755096422e-01
1.864733994009999674e-01,1.778276459883724459e-01
1.736753731969999937e-01,1.687309188977156038e-01
1.885808259249999730e-01,1.575337309763611970e-01
1.996680051089999852e-01,1.629164544645421708e-01
2.059511989359999740e-01,1.739187410436147108e-01
1.754488945010000134e-01,1.800104436889765902e-01
2.038332223890000072e-01,1.696943229146955501e-01
2.094203978779999864e-01,1.705767723867264440e-01
1.958734989169999829e-01,1.856095666443595416e-01
1.724482625719999940e-01,1.791901864164456293e-01
1.776420623059999926e-01,1.628997730261823595e-01
1.713635921480000102e-01,1.561728912877145825e-01
1.787484437230000278e-01,1.551130672255664200e-01
1.702087521550000038e-01,1.546483898058775563e-01
1.913181245330000113e-01,1.554816248938190593e-01
1.938814073799999815e-01,1.620814212537418086e-01
2.021497935060000140e-01,1.712960465582877567e-01
1.973596364259999902e-01,1.759732665199650603e-01
1.818598955869999978e-01,1.789095850903222873e-01
1.518772840500000054e-01,1.671180674703118818e-01
1.797889769079999700e-01,1.452402981081161448e-01
1.766516566280000311e-01,1.460979811157737396e-01
2.190984636549999920e-01,1.551113761943048452e-01
2.368807047610000382e-01,1.787826188379544046e-01
2.723162174219999621e-01,2.092378359918268538e-01
2.842651307580000286e-01,2.478820540989200294e-01
3.610217571259999314e-01,2.629493384600006256e-01
3.393641114230000477e-01,2.992220029343442556e-01
2.713941931720000311e-01,3.124958437430909175e-01
2.359429746869999844e-01,2.519269928305675754e-01
1.764906942839999937e-01,2.071724619890757957e-01
1.933852136140000177e-01,1.770911205451410342e-01
2.070471495389999417e-01,1.649752213373688603e-01
2.076206952330000022e-01,1.820388532687319816e-01
2.084009945389999896e-01,1.867700595193473034e-01
2.094228416680000149e-01,1.827678993762862081e-01
1.959958970549999790e-01,1.825508154233526081e-01
2.029076218609999760e-01,1.755861726075967355e-01
1.715861856940000263e-01,1.719081021392076802e-01
1.853289008139999972e-01,1.646826513626805932e-01
1.865625381469999955e-01,1.586013163730957964e-01
1.824795007709999750e-01,1.659348586310107621e-01
1.865475177760000103e-01,1.631489279568492379e-01
1.910450011489999711e-01,1.650967580736680818e-01
1.947984993460000203e-01,1.688879529709106098e-01
1.942836940290000036e-01,1.716970065325066352e-01
1.823579072949999824e-01,1.735711583499516819e-01
1.863520592450000068e-01,1.648068410673643736e-01
2.122309356929999724e-01,1.616505490304462056e-01
2.061766982079999977e-01,1.758762236902593201e-01
2.002694308759999930e-01,1.821507253884670496e-01
2.036442905660000025e-01,1.782373508598712186e-01
2.041575908660000216e-01,1.806079784392312093e-01
2.072980999949999847e-01,1.813964485157876227e-01
1.624802798030000051e-01,1.805731818936124611e-01
2.047239691019999974e-01,1.633046416648358534e-01
1.887350976469999997e-01,1.670599071258176971e-01
1.948221027850000064e-01,1.758005218607937015e-01
1.866550594570000055e-01,1.659674859175829520e-01
2.063589692120000041e-01,1.690443614993769605e-01
1.990336924790000184e-01,1.768319916098759215e-01
1.980886012320000056e-01,1.808584931447994315e-01
2.041638940570000005e-01,1.778751193404890796e-01
1.967703551049999888e-01,1.837317516428578212e-01
1.815092116589999971e-01,1.798604203702693360e-01
1.704124957319999856e-01,1.656729456574251858e-01
1.662842035290000020e-01,1.549304092095928065e-01
1.620960831640000099e-01,1.494620283194051658e-01
2.050786018369999963e-01,1.453995893554599905e-01
2.152855992319999967e-01,1.715033979248015150e-01
2.119203954940000467e-01,1.903171113998358976e-01
2.017627954479999930e-01,1.829196960112786652e-01
1.966343224050000060e-01,1.784382583379466314e-01
1.994546651839999851e-01,1.780022425429117483e-01
1.848202943799999998e-01,1.795710523248091606e-01
1.885830014939999799e-01,1.708932725536877750e-01
1.749152988199999814e-01,1.658172060431805095e-01
1.777306050059999920e-01,1.630840198713756350e-01
1.724444031720000214e-01,1.563029235097768421e-01
1.696542352440000012e-01,1.548911358283115991e-01
1.860917955640000176e-01,1.518258557935743547e-01
1.783816069359999701e-01,1.599703291658919335e-01
1.954015940430000042e-01,1.626420566938182044e-01
1.979020982979999843e-01,1.697012518009974047e-01
1.943283975120000118e-01,1.783737162386987984e-01
1.862878054379999981e-01,1.752774316082768569e-01
1.807115972040000129e-01,1.689374818214761376e-01
1.901234537359999810e-01,1.611936034890502911e-01
1.879478991030000268e-01,1.656324037510886193e-01
1.885761320589999790e-01,1.692859956861619553e-01
1.930653005840000103e-01,1.693802853074575510e-01
1.887152642009999881e-01,1.707686875516891967e-01
2.012016028170000026e-01,1.677654468311337577e-01
2.029483020310000330e-01,1.732647009015697848e-01
1.880519986150000211e-01,1.771990443642634805e-01
1.938583850860000068e-01,1.677455554696354600e-01
1.818363368510000078e-01,1.688870763192565905e-01
1.934503465890000384e-01,1.676422674624153952e-01
1.825065016750000157e-01,1.657666052320860284e-01
1.718572974210000048e-01,1.668071978394582711e-01
1.888858973980000189e-01,1.561336773159433811e-01
1.934519559140000233e-01,1.611858166150035576e-01
2.148046046500000361e-01,1.715488972530666290e-01
1.987380981450000417e-01,1.824460490143100522e-01
2.087343037130000023e-01,1.813982992358601776e-01
1.829220354560000261e-01,1.785377686949335685e-01
1.861628442999999911e-01,1.743231037963436092e-01
1.987580806019999813e-01,1.618911465752745915e-01
2.008325010539999955e-01,1.719108969765936468e-01
1.991298943760000106e-01,1.782362992106715505e-01
1.789479851720000014e-01,1.773065758590918473e-01
1.960126012559999797e-01,1.689846671038099657e-01
1.769941002129999941e-01,1.706328704621082604e-01
1.811666339639999845e-01,1.690360513550598909e-01
2.170765548939999900e-01,1.606850990145520797e-01
2.228865027430000090e-01,1.775474033816764607e-01
1.981754004959999926e-01,1.901474817302634956e-01
1.650676876309999930e-01,1.829741832756968112e-01
1.990987807510000429e-01,1.606124900574974479e-01
1.952784955500000141e-01,1.649274863423698112e-01
1.885309964419999984e-01,1.764293661498144983e-01
1.826629936699999956e-01,1.720030238910593423e-01
2.290190458300000176e-01,1.670437529156466872e-01
2.735207974910000006e-01,1.906806022981561155e-01
2.842034697529999820e-01,2.185093359118744083e-01
2.687470018859999810e-01,2.276813242689660066e-01
2.419617027039999979e-01,2.297695443432334339e-01
2.585682272909999857e-01,2.148486384703574836e-01
2.487231940029999977e-01,2.157634256304132581e-01
2.237731963400000357e-01,2.186621475045155139e-01
2.095130234959999838e-01,1.972099574444415582e-01
1.998770385979999897e-01,1.825908003931512313e-01
2.012569010259999958e-01,1.815944042685454229e-01
2.061658948660000101e-01,1.811162150670767579e-01
1.921332776550000176e-01,1.812100636645191387e-01
1.658605039119999958e-01,1.770360770479237067e-01
1.724504977459999921e-01,1.585266809164747603e-01
1.866747587920000173e-01,1.510517419367062297e-01
1.559437066319999954e-01,1.658308765664093520e-01
1.450039297340000033e-01,1.568640766232004824e-01
1.372807174919999929e-01,1.302087002823923700e-01
1.404531002040000087e-01,1.230204290167452585e-01
1.343677937979999848e-01,1.224703721476102097e-01
1.512558013200000218e-01,1.214352739983806245e-01
1.571162044999999952e-01,1.258372226910807190e-01
1.624787002799999991e-01,1.375675284708581525e-01
1.773491054770000019e-01,1.421957625964681005e-01
1.815999448299999985e-01,1.520684691761808038e-01
1.852913051839999992e-01,1.639686529595416331e-01
1.884922981259999908e-01,1.659981597265914599e-01
1.918683052059999838e-01,1.651709528439491703e-01
2.261683344839999776e-01,1.703682973225090214e-01
2.014196962120000101e-01,1.878082938819191916e-01
1.973526030779999829e-01,1.868497024885818480e-01
1.941564679150000194e-01,1.729960049920079290e-01
2.078395932910000188e-01,1.735502832886048619e-01
1.838871985670000042e-01,1.807013049390831516e-01
2.030725032089999993e-01,1.734512764312280686e-01
1.920516937969999893e-01,1.722546627850632672e-01
1.887007951740000411e-01,1.775184361792936649e-01
1.887437999249999832e-01,1.675088561027619771e-01
1.873788982629999988e-01,1.708646968866849025e-01
1.891151070590000038e-01,1.708378665711850208e-01
1.895716041330000323e-01,1.686747213703133352e-01
1.892361938949999878e-01,1.714360482703415622e-01
1.986678987739999847e-01,1.718437562148212860e-01
2.600212097169999903e-01,1.763875990196208388e-01
2.536996603009999962e-01,2.129371036480390833e-01
2.486595213409999727e-01,2.263025157998624359e-01
2.238901853559999988e-01,2.077952973667285819e-01
1.916601955889999931e-01,1.985052183012711302e-01
1.912304460999999789e-01,1.817713848877657579e-01
2.217618972060000082e-01,1.721354294724959377e-01
2.349424958230000027e-01,1.915994486586410639e-01
2.342955172060000035e-01,2.081581835018963544e-01
2.245461940769999942e-01,2.113514213728013291e-01
2.107733041050000034e-01,2.103478723391982719e-01
2.195045053959999715e-01,1.940135910456385060e-01
1.867112517360000057e-01,1.895826830084194337e-01
1.782344579700000098e-01,1.821719791365098984e-01
1.810989975930000218e-01,1.627756837984131455e-01
1.992904990909999952e-01,1.594906676202055562e-01
2.188781946900000275e-01,1.705147039371242290e-01
3.330821096900000167e-01,1.918303185068909733e-01
2.986789345740000212e-01,2.818317453607260270e-01
3.000943064689999829e-01,2.971428995255415151e-01
2.386572659019999820e-01,2.454283057860525141e-01
2.014694958929999502e-01,2.259684915690205187e-01
2.121156007049999903e-01,1.916632817862468918e-01
2.050123065709999748e-01,1.880028118093165501e-01
1.987702995540000239e-01,1.869016171737403198e-01
1.788948029280000296e-01,1.773314226789526604e-01
2.083670347930000055e-01,1.643866907981982317e-01
2.080235034229999946e-01,1.745451087651049837e-01
1.859974563120000146e-01,1.901846840677968720e-01
2.174742072819999816e-01,1.758622516967269234e-01
2.246447950599999854e-01,1.848329041931034422e-01
2.117234021429999780e-01,2.013910155343727193e-01
2.041544467209999714e-01,1.890247850605750735e-01
2.146971523759999834e-01,1.828919024204868626e-01
2.150782048699999838e-01,1.940652483167624731e-01
2.338068932289999735e-01,1.964561714496396716e-01
3.202091157440000169e-01,2.062725155338769323e-01
3.246116042139999824e-01,2.746061615230570574e-01
3.107064068320000150e-01,3.018597001627051357e-01
3.095698356630000037e-01,2.712031445974521504e-01
2.792485058309999713e-01,2.669625074659515707e-01
2.426900416609999722e-01,2.700197389176705598e-01
2.526278495789999745e-01,2.406826746432913777e-01
2.839281857009999799e-01,2.238394131601267045e-01
2.947731912139999744e-01,2.490193611716580158e-01
2.706804275510000246e-01,2.709400043168376238e-01
2.213104963300000227e-01,2.565737359752096047e-01
2.309004068370000273e-01,2.126261194997105530e-01
2.387782931329999747e-01,1.994954533204830183e-01
2.419604510069999770e-01,2.157922533507362073e-01
2.565485239029999809e-01,2.265930461805178153e-01
2.649432718749999971e-01,2.257126870431458432e-01
2.552419006819999781e-01,2.315796498842119522e-01
2.503576874729999679e-01,2.321629752866447849e-01
2.851879894730000031e-01,2.175856464887153952e-01
3.117785453800000495e-01,2.498951822980810811e-01
2.945955097679999746e-01,2.912458479346508033e-01
3.066652119159999912e-01,2.761790521495428030e-01
2.395841330290000293e-01,2.559296492208211760e-01
1.883951872589999799e-01,2.360254614573258358e-01
1.851434856649999960e-01,1.843904707326107228e-01
2.226487994190000097e-01,1.699738990964148877e-01
2.192545831199999851e-01,1.898599878622986292e-01
2.097330987449999851e-01,1.974908445679273705e-01
1.943479031319999828e-01,1.833519110735571112e-01
1.941306889060000207e-01,1.743051945731136920e-01
2.030006051060000150e-01,1.712939369537381518e-01
1.910956948999999738e-01,1.756377881487512782e-01
1.403214633459999860e-01,1.729200184805496365e-01
1.376174986360000074e-01,1.475321799728637195e-01
1.550265699630000160e-01,1.224026053817606208e-01
2.001304924489999970e-01,1.312065251290255863e-01
1.929156184199999624e-01,1.631405314446833232e-01
1.806230992080000430e-01,1.768350350436795060e-01
1.619705408809999914e-01,1.640904590481974401e-01
1.889210045340000144e-01,1.512625081947749084e-01
1.788192987439999881e-01,1.581761768322962614e-01
1.769654452799999944e-01,1.650833626949983202e-01
1.813704073430000008e-01,1.568815029536613503e-01
2.045527994630000068e-01,1.578385945972736182e-01
2.115447074170000163e-01,1.742317001632750495e-01
2.114014774559999921e-01,1.835165261968194073e-01
1.859614849089999966e-01,1.815113423850570895e-01
1.966694146390000064e-01,1.738059160036173056e-01
1.941680759189999828e-01,1.716598188994854779e-01
