1.769561022520000082e-01,1.975378084968250347e-01
1.810430586339999981e-01,1.919668090198337618e-01
1.955727785830000398e-01,1.937570670702596642e-01
1.954265981910000005e-01,2.003929799703813852e-01
2.004670947789999880e-01,2.015103893236058763e-01
2.029463946819999587e-01,2.045938085756127123e-01
0.000000000000000000e+00,2.061613836693843294e-01
1.862521618600000151e-01,1.237986420911160873e-01
1.862153261900000301e-01,1.846144451315291923e-01
4.038094580169999670e-01,1.887501886043322918e-01
4.118085205549999461e-01,3.228022825862131295e-01
3.743042349819999948e-01,3.468083298506083323e-01
3.571429848669999685e-01,3.333477085218059521e-01
2.572054266930000055e-01,3.192350200895339163e-01
2.409307956699999753e-01,2.545309639007271030e-01
2.253161966800000249e-01,2.372960571975925859e-01
1.935185044999999937e-01,2.231691606570199993e-01
1.787700653079999924e-01,2.052539580869919555e-01
1.622045934200000150e-01,1.952885801049824843e-01
1.761920750140000269e-01,1.852769943911153905e-01
1.883655935530000325e-01,1.899838647142543802e-01
1.861467957499999548e-01,1.959627559182509637e-01
1.954913884399999968e-01,1.963426593921684671e-01
1.954011768099999935e-01,2.012037773936567742e-01
1.660518944260000185e-01,2.017140008870981216e-01
1.907722949980000249e-01,1.882290921151124896e-01
2.156041562559999625e-01,1.978382309618292589e-01
1.898660957809999716e-01,2.104750403476804976e-01
1.770474612709999895e-01,2.006291900860908695e-01
2.001174986360000074e-01,1.938153108171885852e-01
1.948629021640000125e-01,2.028855805411744206e-01
1.922753006219999894e-01,2.013796126954782995e-01
1.779100298880000042e-01,2.007610579623760882e-01
1.810636967419999854e-01,1.935073556733488132e-01
1.680064052340000114e-01,1.939036119663097579e-01
1.635809391740000174e-01,1.874364808471789823e-01
1.706920862200000111e-01,1.846727414597986172e-01
1.916799396280000345e-01,1.870847616743875341e-01
2.085516005749999957e-01,1.972239990185519487e-01
2.058236002919999752e-01,2.072248051719738637e-01
1.828240007160000513e-01,2.079899817067540901e-01
1.857409924269999846e-01,1.973409980494684191e-01
1.775099337099999841e-01,1.970365168382924581e-01
1.752161234619999952e-01,1.923665559823866666e-01
1.971126049759999999e-01,1.908595258818749640e-01
1.845117062330000057e-01,2.007569948921503478e-01
1.984785944219999987e-01,1.961236892054623870e-01
2.143009155989999692e-01,2.029239219443451092e-01
1.841159015890000139e-01,2.111942157684743582e-01
2.104043960570000094e-01,1.981083965594961638e-01
2.032361328599999739e-01,2.095457701867050049e-01
2.088565975429999833e-01,2.065056470227468466e-01
1.960448026660000231e-01,2.099548635183893786e-01
1.900728046889999523e-01,2.037017046185163605e-01
1.658952832220000062e-01,2.001567714585279767e-01
1.872539073229999851e-01,1.878234006002102718e-01
1.852532625200000171e-01,1.959182333239064544e-01
1.799222826959999966e-01,1.954018492994212541e-01
2.012764066460000223e-01,1.936537753511570759e-01
1.978618204589999985e-01,2.034519434972662244e-01
1.950792670250000027e-01,2.030441898406301626e-01
1.711323857310000085e-01,2.023798578284976279e-01
1.623787879939999901e-01,1.906553703531866928e-01
1.677809953689999856e-01,1.849122684491747159e-01
2.059821039440000168e-01,1.858002422180804192e-01
2.158481031659999771e-01,2.039023302117634051e-01
2.141157686710000174e-01,2.117605599098296154e-01
1.768843084569999835e-01,2.132991742305356819e-01
1.967563778159999444e-01,1.953982182606291973e-01
1.834106147289999988e-01,2.022928313740957884e-01
1.805770993230000065e-01,1.956476222689016164e-01
1.911945044990000231e-01,1.942398759992942647e-01
2.012096941470000178e-01,1.985290613584127783e-01
2.066745012999999798e-01,2.040048243129676808e-01
2.420079559090000110e-01,2.078729349652815306e-01
2.195876985790000124e-01,2.268664356906018309e-01
2.106474190949999825e-01,2.179888132641354115e-01
1.944769918919999896e-01,2.134227277743324935e-01
1.704634428020000148e-01,2.037726930296086536e-01
1.787724494929999741e-01,1.908393961792675952e-01
1.750701963900000158e-01,1.924117641610732787e-01
1.796004772190000487e-01,1.902351368826619427e-01
1.688816994429999940e-01,1.924495300591621549e-01
1.640222966669999949e-01,1.876224925146031397e-01
1.799237728120000324e-01,1.848713428621616972e-01
1.769366562369999729e-01,1.914306035445095255e-01
1.781685650350000039e-01,1.909112160427130223e-01
1.665234863759999795e-01,1.919542166218692336e-01
1.855484992270000077e-01,1.865223156718719411e-01
1.732649058100000083e-01,1.946430509266633135e-01
1.860052198169999949e-01,1.896897159726192716e-01
1.832000017169999884e-01,1.956377803308554930e-01
1.951216459270000425e-01,1.946577588428118621e-01
2.088083624839999763e-01,2.007171275868075144e-01
1.873752027749999993e-01,2.081495716531351070e-01
2.025922685860000183e-01,1.991481996492479589e-01
1.986005455260000108e-01,2.056546384360850854e-01
1.863885968919999914e-01,2.038221619948002994e-01
1.716178953649999950e-01,1.982929087793953160e-01
1.885485500099999823e-01,1.903257512713164290e-01
2.112170010809999998e-01,1.967715010443641943e-01
1.833238750700000030e-01,2.083695178453578989e-01
2.096922993660000067e-01,1.970945334968469409e-01
2.197588831190000203e-01,2.089967187908776391e-01
2.330529242750000174e-01,2.147044334334849147e-01
2.151579260829999951e-01,2.234976346298527816e-01
2.008593231439999849e-01,2.156731901129703699e-01
1.312076449390000010e-01,2.078161763367156467e-01
1.399971693750000079e-01,1.738477726066306184e-01
1.684847325090000070e-01,1.726146829363776336e-01
2.097207009790000298e-01,1.829728239673148737e-01
1.677834987640000053e-01,2.048059273656733792e-01
1.697814613580000132e-01,1.888630810161322782e-01
1.778024435040000129e-01,1.886870029225376777e-01
1.989280730490000093e-01,1.907851383957160363e-01
1.968562752010000194e-01,2.014825499378533058e-01
1.764101982119999634e-01,2.022980479552992095e-01
1.775619983670000124e-01,1.932858054234377621e-01
1.848997771739999962e-01,1.923494029854956877e-01
1.751745045190000183e-01,1.950180511871053846e-01
1.822087168690000036e-01,1.909966377898819623e-01
1.833387613300000163e-01,1.939435134888387868e-01
2.092746049170000067e-01,1.945448266103169399e-01
2.103900015349999819e-01,2.075031490222841446e-01
1.875178515910000121e-01,2.099477300796509238e-01
1.892182081940000093e-01,1.999344678224297955e-01
2.129119038579999901e-01,1.992217575170094346e-01
1.846891939640000202e-01,2.099714169882170578e-01
1.933595985170000198e-01,1.978907400911898151e-01
1.597519963980000013e-01,2.011339229423300679e-01
1.731968969110000145e-01,1.847685747399666900e-01
1.763989776370000484e-01,1.890406417722609311e-01
1.903230398890000119e-01,1.900254543664890439e-01
1.978137493129999980e-01,1.973827974710105071e-01
1.724811047320000124e-01,2.021028423099488491e-01
1.773964017630000056e-01,1.911511898721166003e-01
1.862247735259999759e-01,1.920452327357834998e-01
2.039294093849999823e-01,1.954674735918024708e-01
2.303259670730000153e-01,2.048518481009047321e-01
2.793866395949999859e-01,2.198476802205065750e-01
2.991397082810000052e-01,2.493062611387939498e-01
2.514718174930000161e-01,2.658713453921245362e-01
1.890812516209999794e-01,2.425015936704711106e-01
2.833725214000000214e-01,2.074257857189798493e-01
2.606627941129999737e-01,2.507374865048677681e-01
2.856159806249999877e-01,2.421105735814726712e-01
2.152941524979999910e-01,2.591275344986609941e-01
1.691618561740000082e-01,2.213365394582416101e-01
1.676646620040000146e-01,1.947846125003898088e-01
1.986771523950000007e-01,1.880360208321685822e-01
1.806469559670000058e-01,2.006257793596998573e-01
1.824937760829999922e-01,1.940799463518644297e-01
1.871567964549999963e-01,1.950386561329131019e-01
2.099210023880000164e-01,1.966106499710228162e-01
1.939254999159999993e-01,2.081078144112374906e-01
1.662387549880000037e-01,2.020445126370510602e-01
1.659430116420000101e-01,1.888162359759879283e-01
1.823978126049999871e-01,1.861629604083469836e-01
1.884365230800000013e-01,1.926095266654615501e-01
2.158337980510000031e-01,1.965841029755482361e-01
2.153968065980000068e-01,2.111545359273215849e-01
1.994820386169999793e-01,2.131604678337128689e-01
1.468160003419999859e-01,2.063961278218268414e-01
1.810178905730000509e-01,1.806101805153621787e-01
1.982497125860000209e-01,1.920650481614663563e-01
1.886273920540000038e-01,2.003788366741033888e-01
1.874347329140000074e-01,1.984150023444396505e-01
1.838997006419999802e-01,1.979205611604621662e-01
1.789868623020000049e-01,1.957417899061190403e-01
2.386641800400000069e-01,1.931291959463502517e-01
4.006521701810000224e-01,2.222632996151542029e-01
3.205133974549999598e-01,3.247177409607435727e-01
3.453539609910000197e-01,2.887332856306951134e-01
3.201048076149999866e-01,3.066075342976399276e-01
3.410750627520000022e-01,2.883460624928130822e-01
3.317869901659999954e-01,3.008961120243903165e-01
3.053638935090000062e-01,2.953204981750792157e-01
2.349332422019999866e-01,2.792647293015137477e-01
2.433501929039999789e-01,2.363903475210752392e-01
2.282197028400000105e-01,2.345373350223979858e-01
2.155468463900000187e-01,2.238420982280342197e-01
1.862514019010000077e-01,2.165864263880081797e-01
1.789111644029999504e-01,2.004952326697315990e-01
1.881189942359999534e-01,1.944450046152779443e-01
2.258600741620000185e-01,1.970632548165082709e-01
2.293289005759999999e-01,2.160666104611824734e-01
2.172957956789999534e-01,2.210097138499543534e-01
2.285813987260000013e-01,2.167718301840116657e-01
2.961176931860000083e-01,2.218840184196154974e-01
2.966041862959999942e-01,2.594783614512058412e-01
2.547382712360000134e-01,2.655837795934151702e-01
2.234010547399999935e-01,2.449161562895469380e-01
2.086469978090000066e-01,2.249651073925484912e-01
2.144542932510000166e-01,2.132513871140195028e-01
1.909040212630000177e-01,2.137369748230507072e-01
1.961078941820000032e-01,2.018239585837753869e-01
1.758218258620000141e-01,2.029695384492216648e-01
1.801499277349999928e-01,1.926204102449130817e-01
1.802266091110000246e-01,1.934931796809539195e-01
1.831340938809999930e-01,1.929646775729358388e-01
1.799343973400000241e-01,1.945241479012714547e-01
1.912952065469999963e-01,1.932172581526849509e-01
2.391949146990000052e-01,1.985210393166291498e-01
2.476447969680000138e-01,2.232625564899555215e-01
2.603625059129999753e-01,2.318179657734042998e-01
2.153915017839999890e-01,2.416580494403622603e-01
1.687171012159999761e-01,2.189969024426087763e-01
1.901023983960000163e-01,1.935200964934924717e-01
1.932636946439999781e-01,1.985624186233676536e-01
1.967433989050000331e-01,1.995503342071417163e-01
1.968259066340000141e-01,2.023834630599800621e-01
1.806160062550000167e-01,2.028039424305078942e-01
1.917202025649999975e-01,1.951736410059763671e-01
1.939498037100000072e-01,1.993633419893185710e-01
1.780927032229999429e-01,2.005086271919108987e-01
1.982128173110000169e-01,1.935742126939231644e-01
2.026619017119999921e-01,2.022078465703510686e-01
1.926424354309999587e-01,2.051014143880707519e-01
1.775846034290000375e-01,2.013973264544011432e-01
1.697379499670000069e-01,1.937092480695749852e-01
1.742126941680000041e-01,1.886135120606076410e-01
1.767573058610000247e-01,1.895248703680213198e-01
1.698893159629999983e-01,1.906809385861156780e-01
1.786662638189999985e-01,1.878594446066484680e-01
1.773128658529999901e-01,1.915742736361733256e-01
1.912915557620000206e-01,1.912484893536111896e-01
1.917339116329999926e-01,1.981453806759861658e-01
1.682408750059999902e-01,1.992670028820742456e-01
1.533582359550000052e-01,1.888170160379066265e-01
1.219834238290000011e-01,1.805215393230856225e-01
1.124273017049999962e-01,1.651087068768533617e-01
1.387385427950000027e-01,1.586767281015329656e-01
1.735682934519999776e-01,1.677697263924157745e-01
1.894755959509999699e-01,1.844208499434358273e-01
1.896263062950000189e-01,1.953051605555767012e-01
1.874510943890000114e-01,1.979681239153883443e-01
1.846003979439999887e-01,1.976206478118573973e-01
2.440665513279999810e-01,1.961184228980677735e-01
2.327407002449999873e-01,2.256874345067628740e-01
2.219963967800000215e-01,2.239520339591374032e-01
1.852974742650000117e-01,2.202563292453207922e-01
1.947617977860000016e-01,2.006741636223114689e-01
1.780637502669999983e-01,2.022514171017824047e-01
1.859644204379999610e-01,1.933441367403850586e-01
2.072025239469999502e-01,1.963421932118498414e-01
1.870556026700000152e-01,2.064779927201656762e-01
2.003259211780000215e-01,1.984910126215483350e-01
2.049419134859999936e-01,2.044471801008941048e-01
4.109843969350000514e-01,2.067690389082384728e-01
3.850685060019999884e-01,3.301841097415474935e-01
3.761990368370000670e-01,3.298537483567544615e-01
3.382981419560000536e-01,3.328860640665752824e-01
2.050670981410000482e-01,3.056423312685512816e-01
2.311079055070000277e-01,2.249797413082935960e-01
2.232432067389999997e-01,2.273301455571698770e-01
1.962449550630000206e-01,2.190120691566359301e-01
1.992976218459999727e-01,2.060194178866375236e-01
1.784480065109999847e-01,2.052886074352714696e-01
1.708953380579999737e-01,1.942970961844647237e-01
1.857410371300000085e-01,1.894845863998263769e-01
1.884250044819999748e-01,1.950463216408752920e-01
1.818749755619999964e-01,1.970212763609005546e-01
1.925081014630000142e-01,1.947274136974020409e-01
1.790819615130000153e-01,1.994673177040364453e-01
1.921849995850000159e-01,1.935246999673403689e-01
1.867637038229999769e-01,1.992944427564393162e-01
1.980000883339999851e-01,1.970229069312206260e-01
3.074838817119999734e-01,2.026329022358226706e-01
2.838982045650000341e-01,2.622245341353589554e-01
2.563236057759999964e-01,2.575161211310978415e-01
2.176708281040000137e-01,2.453926837597073529e-01
3.016590476040000302e-01,2.215197397013523584e-01
3.009566068650000314e-01,2.638453923471856810e-01
3.871228992939999558e-01,2.680489238742773672e-01
3.553330004220000005e-01,3.275135196140316340e-01
2.734268903729999978e-01,3.131727789505187043e-01
3.047637045380000020e-01,2.643360091268946443e-01
1.934034079309999710e-01,2.750782418152719622e-01
1.674667745829999943e-01,2.121450729130823221e-01
1.849085837600000226e-01,1.933170463382158644e-01
2.460200339559999727e-01,1.950546704749110127e-01
2.682054042820000150e-01,2.258135689903064958e-01
2.603135108949999887e-01,2.432860918342990841e-01
2.072546035049999680e-01,2.435008346920293498e-01
2.076155245300000118e-01,2.157625323225099423e-01
1.928880363700000156e-01,2.118356112273359626e-01
1.886100023979999929e-01,2.022521796763409874e-01
1.899161785839999783e-01,1.991807639219402293e-01
1.841135472060000111e-01,1.988787877351141653e-01
1.885657012459999726e-01,1.960127312341303496e-01
1.928238719700000325e-01,1.977928386075065714e-01
1.931996941570000015e-01,1.998971570292494837e-01
1.622868627309999867e-01,2.005666978492714747e-01
1.296745538709999923e-01,1.862464018856465064e-01
1.509044617410000011e-01,1.698748424168429472e-01
1.567745953799999925e-01,1.757230818066976286e-01
2.352031022309999941e-01,1.783853330675065074e-01
2.412368059159999689e-01,2.173163004384552899e-01
3.487674891950000022e-01,2.264932919597276995e-01
4.479171633719999934e-01,2.936201631893215480e-01
7.274934649469999570e-01,3.714995853360303912e-01
7.546014785770001065e-01,6.325808536568220397e-01
6.946486234659999814e-01,6.850098761531633329e-01
6.383669972420000782e-01,6.429378114654916709e-01
5.096258521080000436e-01,5.878747949120348704e-01
3.489852249620000735e-01,4.686693602484077181e-01
3.274166882039999948e-01,3.361865964706085563e-01
3.183498978609999863e-01,3.029966404184344930e-01
2.771280407910000076e-01,2.873096394587115188e-01
2.614668905739999660e-01,2.607751987465908305e-01
2.646197974680000176e-01,2.482829391577414391e-01
2.569813728329999880e-01,2.468917349034115694e-01
2.632848024370000317e-01,2.421227682031912576e-01
2.274889498949999866e-01,2.452044991086667625e-01
1.972997337579999733e-01,2.259136952663577391e-01
1.593737602229999828e-01,2.082456149415246038e-01
1.552143245940000027e-01,1.866198194930104859e-01
2.165970057250000136e-01,1.809938782119513145e-01
2.152127921579999881e-01,2.081355315455535315e-01
2.079710960389999919e-01,2.116358798681804154e-01
2.003736048939999681e-01,2.106348988970810077e-01
1.930765211580000029e-01,2.062880999488033995e-01
1.887691617009999989e-01,2.018718988622654753e-01
2.153376042839999782e-01,1.989585344231180608e-01
2.704129219060000255e-01,2.114061939619031327e-01
5.549836754800000493e-01,2.423740967354385267e-01
5.126557946209999717e-01,4.481556898005931155e-01
5.099799633029999946e-01,4.407241542249889510e-01
4.163484573359999552e-01,4.516623383144135473e-01
2.535916566849999998e-01,3.767039922548291453e-01
1.788074076179999861e-01,2.633122757244754641e-01
1.850019842389999947e-01,2.076084294455813051e-01
1.711802035570000047e-01,1.984549949165781424e-01
1.727939993140000241e-01,1.892013577113214329e-01
1.767069548369999965e-01,1.892755853406778987e-01
1.761609017850000181e-01,1.906219834966803028e-01
2.039509564639999939e-01,1.907007509320253202e-01
1.905422955750000480e-01,2.041243463815705372e-01
1.819348037240000049e-01,1.995195203111479743e-01
1.684180349109999919e-01,1.956755326331703626e-01
1.891849339009999964e-01,1.882097148664839958e-01
1.689333617690000067e-01,1.966634158081085326e-01
1.962249428029999576e-01,1.880126196190712029e-01
1.980420649049999537e-01,2.003962769347502337e-01
1.778897047040000068e-01,2.023007461175111710e-01
1.612316220999999994e-01,1.939477617644765617e-01
1.492553949359999854e-01,1.849624109478699430e-01
1.442013978960000053e-01,1.776828901534815708e-01
1.220441684129999899e-01,1.740260523873365384e-01
1.259213238949999925e-01,1.638340513625267669e-01
1.192706972360000062e-01,1.638628651342075304e-01
1.400409787890000146e-01,1.605203970125269886e-01
1.655126959090000016e-01,1.689138870957494765e-01
1.946723610159999951e-01,1.811441666904960723e-01
1.824015975000000123e-01,1.972840437720765894e-01
1.781254708769999806e-01,1.945433369473689444e-01
1.768455654380000075e-01,1.929288265421565673e-01
1.895092576740000090e-01,1.915208338778276731e-01
1.890345066789999584e-01,1.972362431577540653e-01
2.166133970019999688e-01,1.978278908145407466e-01
2.142671942709999944e-01,2.119085859245038728e-01
1.696722060440000179e-01,2.126720192529651388e-01
1.861636042589999707e-01,1.920547569889383410e-01
2.109026014799999793e-01,1.966950608592456518e-01
2.016181051729999951e-01,2.079573173986298540e-01
2.371999472380000307e-01,2.058324460608347284e-01
1.953185498709999746e-01,2.244039417785820278e-01
1.463003754620000041e-01,2.052504894390529688e-01
2.596421837810000133e-01,1.809896994838962603e-01
4.047906100750000014e-01,2.315408356225952258e-01
3.813273906710000216e-01,3.275179549351354136e-01
3.577617108820000391e-01,3.297751058996553630e-01
3.031907975670000144e-01,3.198321435717761951e-01
2.219824343919999943e-01,2.819821073751921925e-01
2.247738689180000249e-01,2.305049251744863137e-01
2.553716301919999876e-01,2.236167125945491552e-01
2.618205845359999895e-01,2.363795675499152926e-01
2.273367345329999900e-01,2.423566032868031683e-01
2.031441032889999831e-01,2.256539764936436598e-01
1.758806854490000404e-01,2.110793103981754570e-01
1.670619547370000013e-01,1.946649532741915323e-01
2.118712961670000117e-01,1.877039584902449876e-01
1.990658938880000006e-01,2.073587668133785034e-01
1.948491036890000194e-01,2.038114219510092917e-01
1.566408872600000002e-01,2.028122597830735452e-01
1.590297073130000072e-01,1.840481026230570138e-01
1.671897023919999836e-01,1.824257753333451137e-01
1.815824955700000298e-01,1.847067116349480342e-01
2.245292961599999748e-01,1.920064541408701975e-01
2.216224968430000053e-01,2.143831670384641341e-01
2.066582888360000148e-01,2.166426818630046991e-01
1.570345163350000128e-01,2.107829452580837759e-01
1.968932896850000003e-01,1.859333347247989765e-01
2.048864960669999902e-01,2.006498574240831723e-01
1.668177992110000118e-01,2.051786275007047855e-01
1.417246013879999988e-01,1.892758815439997411e-01
1.666631847619999829e-01,1.758214333163498622e-01
1.926406770939999569e-01,1.837320887246941259e-01
2.254680991169999982e-01,1.964643612866150135e-01
2.252101451159999879e-01,2.156371837876432940e-01
2.145293951029999535e-01,2.190551268252304007e-01
1.820016801359999881e-01,2.150498960609576182e-01
1.906076073649999592e-01,1.982569121514236865e-01
1.686857044700000030e-01,1.996876385976026902e-01
1.903967410330000276e-01,1.885595745148689883e-01
2.045876085759999741e-01,1.976340299489889873e-01
1.865548938510000199e-01,2.050864787237467457e-01
1.815108954909999961e-01,1.982613841364270491e-01
2.014583945270000120e-01,1.952290154386225329e-01
2.036586105820000214e-01,2.037094391875504396e-01
1.918114423750000019e-01,2.059706583957382486e-01
1.731049269440000093e-01,2.012044674467899918e-01
1.919497996569999865e-01,1.915962910483826886e-01
1.787570714950000028e-01,1.987370252094393941e-01
1.788225024940000296e-01,1.929629285599009092e-01
1.665375530719999941e-01,1.928929267273852832e-01
1.951155364510000489e-01,1.866479596864175083e-01
1.929849982259999874e-01,1.992442148428814896e-01
1.620820015670000058e-01,1.996693541391844073e-01
1.356869190929999858e-01,1.862332202510185719e-01
1.467041671279999959e-01,1.724263749949248026e-01
1.972582042220000220e-01,1.742704153530693634e-01
1.894697993989999940e-01,1.970292379385043258e-01
1.961945891380000029e-01,1.972762065979739021e-01
2.645494043830000086e-01,2.021632601450101263e-01
2.692976891989999899e-01,2.377086579458954352e-01
2.608369886879999822e-01,2.458447137728846377e-01
2.406771630049999999e-01,2.447612206047972416e-01
3.313829302790000098e-01,2.333164389457338672e-01
3.281686902050000021e-01,2.839608606144459202e-01
2.893257141109999986e-01,2.881549169564769364e-01
2.625965774060000091e-01,2.688700617865661946e-01
1.794345527890000014e-01,2.503066384122575316e-01
1.727855503559999895e-01,2.030611677900312773e-01
2.207822054619999752e-01,1.930900955321896428e-01
2.426082938910000264e-01,2.123985383298294394e-01
2.444625049829999841e-01,2.269023837043009639e-01
2.097309380769999676e-01,2.317412684746841811e-01
1.825350672010000175e-01,2.147524494354713376e-01
1.691226661210000204e-01,1.990068472407221234e-01
1.575669944289999902e-01,1.893753234166924426e-01
1.770704984660000092e-01,1.820895932822722274e-01
1.741859167810000109e-01,1.896722339754263742e-01
1.755136996510000269e-01,1.891690414529351716e-01
1.687776893379999976e-01,1.904084932627490290e-01
1.939594447609999939e-01,1.872637399915219325e-01
1.943469941619999919e-01,1.986997823297611820e-01
2.223779261109999905e-01,2.003435457016519150e-01
2.144328951839999942e-01,2.154164744470794812e-01
1.937792897219999533e-01,2.134043771877776607e-01
1.783622056249999921e-01,2.038168268046650355e-01
1.706998199219999790e-01,1.946517289168022691e-01
1.894924789669999998e-01,1.891576628456494158e-01
2.422726899390000022e-01,1.968142859097896658e-01
2.336400598289999908e-01,2.243214303034329338e-01
2.456458657979999904e-01,2.245179533563058383e-01
2.297928631310000025e-01,2.327215771862998495e-01
2.152034044269999780e-01,2.247732986656875154e-01
2.607180178169999918e-01,2.166267845355290822e-01
2.623189091679999918e-01,2.389649274639279730e-01
2.198584228750000147e-01,2.425767767776301764e-01
3.426670730110000229e-01,2.220323714433205531e-01
3.465315699580000519e-01,2.894378195558723887e-01
2.930460572240000117e-01,2.995972573060542987e-01
2.670845985409999734e-01,2.730529637607005400e-01
2.535850703720000099e-01,2.540182124735692604e-01
2.199364602570000049e-01,2.419330416286085139e-01
2.274277955290000264e-01,2.217343448725248578e-01
1.686184257270000042e-01,2.225844451803095370e-01
1.842167228460000195e-01,1.925887805058952296e-01
1.896838992830000015e-01,1.962585630377247370e-01
1.641370058060000192e-01,1.974200133299523485e-01
2.130100131029999677e-01,1.865014391516137959e-01
2.186074256900000234e-01,2.083317237795683230e-01
2.188677042720000021e-01,2.134943538780066097e-01
2.313981950280000199e-01,2.162275233708860489e-01
2.149903923270000128e-01,2.229764871461724085e-01
2.503419816490000116e-01,2.154297897761308922e-01
2.535111904139999983e-01,2.333615548514476612e-01
2.445873767139999932e-01,2.369418943235899189e-01
2.031902372839999860e-01,2.339977427427895884e-01
2.327843457459999599e-01,2.119498914117594612e-01
2.531769871709999564e-01,2.237538491239903227e-01
2.558321058749999932e-01,2.348924097921743226e-01
2.091450989249999948e-01,2.392685223113256432e-01
2.179704755539999816e-01,2.157337978643745213e-01
2.751700878139999862e-01,2.170219058522211975e-01
2.834362983699999505e-01,2.462290938881504243e-01
5.200669765470000705e-01,2.557543236216389682e-01
5.718095898630000118e-01,4.240551241778174330e-01
5.820317864419999321e-01,4.882595622604071206e-01
5.010549426079999868e-01,5.152789842008829169e-01
2.807539105419999959e-01,4.507042590112904645e-01
2.063424885269999898e-01,2.890646652924085402e-01
2.145204693079999780e-01,2.271893151023397506e-01
2.198818922040000068e-01,2.161812458910122581e-01
2.337387651210000028e-01,2.161515685335503034e-01
2.567627131940000140e-01,2.240884073035034896e-01
2.328460067509999509e-01,2.377115313125081619e-01
1.991674900050000030e-01,2.271936043984439657e-01
1.789865642790000044e-01,2.092606441921183169e-01
1.796395033599999802e-01,1.960965815339479890e-01
1.698227077719999811e-01,1.935984043344812222e-01
1.522479057309999995e-01,1.882213412678041820e-01
1.740261465309999867e-01,1.796404164149892346e-01
1.826220005749999709e-01,1.879322857961897852e-01
1.566141396759999915e-01,1.926735599439768076e-01
1.689846664669999721e-01,1.822051438320867744e-01
1.731435954569999769e-01,1.864415196152391097e-01
1.901344954969999834e-01,1.881019199946682707e-01
1.337733566760000159e-01,1.968868382752136659e-01
1.587713211769999910e-01,1.726148685463636812e-01
3.362798094749999689e-01,1.806046801815185954e-01
3.365317881109999854e-01,2.736909248160586117e-01
3.025190830230000127e-01,2.895272063250310390e-01
2.839955985550000062e-01,2.776632438129275071e-01
1.806526631120000115e-01,2.640211985228000380e-01
1.813106983900000246e-01,2.056864507073940807e-01
2.399948686360000027e-01,1.981183971924128373e-01
2.357428967949999898e-01,2.229818109297110329e-01
2.299271076919999768e-01,2.250800141911757923e-01
2.266699969770000211e-01,2.244158414768919196e-01
2.079305946829999863e-01,2.220980306662109216e-01
2.176461517809999968e-01,2.120179000349899090e-01
2.530807852749999975e-01,2.154543589443171092e-01
2.445257008080000127e-01,2.339349162372430513e-01
2.472106367350000167e-01,2.324016496385372943e-01
2.140260040760000038e-01,2.348806412529239884e-01
3.001447618010000262e-01,2.172186537502707182e-01
4.906117916109999921e-01,2.622056424066271929e-01
3.879201114179999799e-01,3.982592641437178727e-01
3.368788957599999634e-01,3.433992262362732251e-01
2.932540476320000256e-01,3.111477850117866373e-01
1.897923052309999914e-01,2.746948294719183670e-01
2.160292118790000104e-01,2.123226660789408193e-01
3.753999471659999476e-01,2.163296420299515299e-01
3.595648109909999612e-01,3.063818690162317671e-01
3.568296134470000380e-01,3.104923260479657277e-01
2.543200254440000085e-01,3.159123878358099935e-01
1.710169017309999817e-01,2.521737641844115640e-01
1.929912567139999979e-01,2.013256879581961645e-01
1.877582967279999848e-01,2.018015211926043884e-01
1.911910772320000174e-01,1.972075149709538178e-01
2.173696309329999909e-01,1.994375926896049533e-01
2.077021002769999791e-01,2.123662429473132107e-01
2.206149846319999941e-01,2.095263045029071847e-01
2.270559668539999798e-01,2.165345350575338945e-01
2.409625947480000252e-01,2.203443007588786751e-01
2.354097962379999853e-01,2.287151983227147800e-01
2.214455157519999995e-01,2.270871865320174265e-01
1.873570978640000106e-01,2.200230136781022028e-01
1.875694990160000075e-01,2.017457612780150789e-01
1.860239952800000485e-01,1.988943341211495131e-01
2.020407021049999696e-01,1.967071307088688048e-01
1.742038130759999970e-01,2.043560925567170505e-01
1.875655949120000054e-01,1.920598476280847289e-01
1.820583045479999829e-01,1.971519858258415914e-01
1.922361850739999767e-01,1.942648888913268979e-01
2.172528207300000180e-01,1.993118966838589856e-01
2.296049296860000200e-01,2.121263737309163899e-01
2.509359121320000052e-01,2.207164593550653975e-01
2.739968001839999667e-01,2.341036811588060040e-01
2.468370050189999942e-01,2.490779459432725107e-01
2.319672256710000047e-01,2.367581308913328797e-01
2.044411897660000088e-01,2.278622933895663449e-01
2.075911909340000250e-01,2.113917855651244737e-01
2.634023129940000207e-01,2.103644853536492387e-01
3.036424219609999975e-01,2.386561254111290442e-01
3.236212432380000115e-01,2.661507419402265873e-01
3.383783698080000124e-01,2.843003291767172702e-01
3.256455063820000162e-01,2.972611596576339998e-01
3.199611008170000215e-01,2.914191893858226190e-01
3.445942103859999661e-01,2.876270747805833583e-01
3.591096997259999868e-01,3.021106067890891311e-01
3.462464511389999888e-01,3.132570341950753900e-01
3.135047256949999861e-01,3.073081967538141002e-01
2.611905336379999887e-01,2.862976431506101815e-01
2.517339885229999963e-01,2.521929421487805190e-01
2.365340739490000288e-01,2.414447714452546134e-01
2.257324606179999804e-01,2.300527404331666748e-01
2.135377526280000104e-01,2.228183176590391446e-01
1.833177059890000182e-01,2.150795638108815022e-01
2.036423683169999999e-01,1.988408400011629773e-01
2.443349212410000082e-01,2.060952754640385520e-01
2.420464009050000143e-01,2.270445919196045215e-01
1.904003769159999526e-01,2.297746585795582275e-01
1.422279328109999907e-01,2.050373435769637098e-01
1.802364736799999811e-01,1.790576338894672992e-01
1.587783545260000040e-01,1.910019554828354116e-01
1.564234346149999955e-01,1.817217156228746744e-01
1.458736360070000126e-01,1.808007605031102250e-01
1.534039974209999990e-01,1.751203090608302593e-01
1.587697118520000061e-01,1.776453694169839448e-01
1.766731888060000533e-01,1.800956126591947148e-01
1.735716015100000065e-01,1.889092196495321396e-01
1.556300967930000223e-01,1.889082551056878168e-01
1.678923070430000108e-01,1.812752182731569295e-01
1.889611035589999766e-01,1.855004111677449052e-01
1.857852935790000048e-01,1.953928956430089070e-01
1.759144961829999798e-01,1.958568754252484334e-01
1.993034631010000002e-01,1.918817803116965315e-01
1.905056983229999890e-01,2.022309457663500620e-01
1.746108233929999920e-01,1.991700287355258614e-01
1.891844570640000001e-01,1.920279161612840346e-01
1.795153021809999805e-01,1.974586135785355301e-01
2.012605071070000251e-01,1.931946135743399795e-01
2.108775675299999763e-01,2.035877032179936597e-01
1.980962008239999794e-01,2.094530681342310630e-01
1.666497588159999987e-01,2.047606405025848286e-01
1.744651794429999958e-01,1.893253085316853046e-01
1.693953573699999993e-01,1.902940379987868857e-01
1.666028350590000040e-01,1.871636692141563918e-01
1.645158231259999937e-01,1.858695024620947434e-01
1.785626411439999728e-01,1.845228433966376869e-01
2.016437053679999980e-01,1.907322927285733105e-01
2.162254005669999868e-01,2.026290822672006386e-01
1.915986984970000084e-01,2.121236097411627886e-01
1.954402029510000083e-01,2.019804246630590994e-01
2.037038058040000210e-01,2.027695871240385306e-01
1.996463239190000016e-01,2.060133055150426828e-01
1.804761737589999915e-01,2.047648886151592629e-01
1.873520165680000182e-01,1.955959838578922028e-01
1.970120966429999843e-01,1.973793650945157852e-01
2.032908946279999851e-01,2.016831781319532446e-01
1.883477419610000425e-01,2.057334584007891320e-01
2.073840051889999925e-01,1.993163053703849996e-01
1.903086006639999883e-01,2.078514779895034859e-01
1.647335141900000133e-01,2.001698041678653395e-01
1.856785118579999949e-01,1.877761352157248653e-01
2.097074985500000099e-01,1.950999993431649371e-01
1.964578926559999994e-01,2.071100059725854425e-01
2.250059992069999848e-01,2.031980188867739956e-01
2.485178858039999994e-01,2.176294694930733242e-01
2.478968948129999794e-01,2.314777744332742748e-01
2.352291047569999849e-01,2.342278428550781944e-01
2.200151830909999606e-01,2.284909224533130945e-01
1.695966720579999976e-01,2.195863622015451488e-01
2.001868933439999443e-01,1.931880533904545838e-01
1.837853938339999993e-01,2.037162243890689173e-01
1.719795018430000100e-01,1.957497441517562498e-01
1.722060889009999762e-01,1.903845232998951642e-01
2.091183662410000255e-01,1.890064933828397020e-01
1.962699592110000169e-01,2.061846745441260065e-01
2.345576137300000308e-01,2.024792409183089337e-01
2.212668955329999965e-01,2.225436246796543005e-01
2.321032136680000191e-01,2.178453195377195450e-01
2.424474954610000288e-01,2.242535584775097735e-01
2.362180352210000167e-01,2.299094139845143936e-01
2.033241987229999492e-01,2.278572072426535700e-01
1.746149510150000472e-01,2.109380915053446492e-01
1.879347711800000154e-01,1.944563578724718966e-01
1.927646994589999885e-01,1.974118393385653758e-01
1.995158940549999760e-01,1.994143998988884003e-01
1.902115345000000013e-01,2.036071979559380685e-01
1.989603042599999982e-01,1.997694757011417299e-01
1.870438009499999499e-01,2.036628050397267520e-01
1.557538956400000008e-01,1.981001458565440632e-01
1.348650753500000021e-01,1.831280102023039869e-01
1.567980051039999934e-01,1.714347158191417142e-01
1.943633109329999942e-01,1.783986910867654541e-01
2.161478996279999898e-01,1.963090037143626621e-01
2.312179952860000387e-01,2.105910070884198515e-01
1.992108970879999941e-01,2.215723678785237183e-01
3.674222230910000331e-01,2.073839877069899029e-01
4.058226048949999942e-01,3.019930497584816798e-01
4.052526056769999996e-01,3.402958706945170553e-01
3.688966929910000303e-01,3.524083917291149226e-01
2.675450444220000001e-01,3.292603647121991606e-01
2.104666233059999947e-01,2.628185231480287820e-01
2.505743205550000074e-01,2.224341932667656674e-01
2.567990124230000171e-01,2.348569360618954494e-01
2.333147972819999694e-01,2.385438692989629850e-01
1.871584951879999847e-01,2.282208858836246301e-01
1.702336072920000165e-01,2.033925975741830705e-01
1.787967979910000116e-01,1.911888959171754165e-01
2.178041040900000058e-01,1.920981369579873865e-01
2.256611436609999854e-01,2.109126992238103682e-01
2.151906937359999994e-01,2.181048294803597520e-01
2.004701942210000143e-01,2.150743039715194427e-01
1.993511021139999784e-01,2.073009285726254147e-01
2.054219990969999576e-01,2.052581089541805071e-01
2.202302068469999818e-01,2.075297916124227149e-01
2.543391883370000328e-01,2.153604704022898386e-01
2.307367920879999923e-01,2.346923957105136460e-01
2.086869627239999747e-01,2.252847103918335370e-01
1.803357303139999923e-01,2.137740071857004154e-01
1.733369380239999924e-01,1.972982695201344616e-01
1.888285428290000234e-01,1.911396972077467893e-01
1.801446974280000168e-01,1.967639374434800303e-01
1.690454930070000028e-01,1.934123985349846808e-01
1.937783956529999796e-01,1.883072238872820492e-01
1.963465064759999934e-01,1.988313926791288322e-01
1.779485940929999843e-01,2.013109220074396633e-01
1.642222702499999964e-01,1.937565725632551805e-01
2.063633054490000007e-01,1.862590211298403853e-01
2.183381021019999979e-01,2.045239188990161106e-01
1.926020979879999873e-01,2.128858773418256245e-01
1.817457973960000250e-01,2.028188836126103289e-01
1.791574060919999822e-01,1.963399123612686037e-01
1.796555072069999648e-01,1.932814373477840242e-01
1.755983978510000099e-01,1.928795660116615351e-01
1.700639575719999907e-01,1.909060987030119783e-01
1.699959039689999951e-01,1.880887804868966451e-01
1.770231574769999816e-01,1.875165056171164413e-01
1.734361052510000056e-01,1.905325538138920305e-01
1.864347159860000047e-01,1.893390430079815168e-01
1.702874004839999844e-01,1.954891669160327139e-01
1.785273402929999920e-01,1.886610187025435370e-01
1.290820986030000173e-01,1.919450178997743339e-01
1.158849000929999956e-01,1.697588518569868588e-01
1.127520129079999933e-01,1.614714276401925386e-01
1.570463031529999998e-01,1.575237871624885766e-01
1.757429093120000119e-01,1.754452215539969162e-01
1.788239777089999927e-01,1.866622276116447487e-01
2.061250060799999784e-01,1.912141289973754155e-01
2.961472272869999922e-01,2.053393195223765788e-01
2.668476104740000188e-01,2.558181389478259016e-01
2.756402194500000014e-01,2.473363281917592693e-01
2.648843526840000129e-01,2.544714670809376522e-01
3.272587060930000069e-01,2.476131257206637959e-01
2.934317588809999822e-01,2.841066497118568956e-01
2.612319886680000147e-01,2.679252637078209931e-01
2.073775231839999900e-01,2.498014022647034593e-01
1.807138323779999833e-01,2.170157317739316583e-01
1.843436211349999965e-01,1.986912093123042455e-01
2.054681032900000093e-01,1.962923257917642550e-01
1.878930032250000215e-01,2.056233901199444325e-01
2.013643831010000218e-01,1.987033921280350335e-01
1.992990970609999912e-01,2.049399303759325830e-01
2.207290083170000417e-01,2.041008768848867061e-01
2.184396982190000003e-01,2.152657475007441201e-01
2.160932719709999783e-01,2.155434149374275132e-01
1.800702065230000148e-01,2.151486526391968024e-01
1.806241124869999992e-01,1.971540179811346882e-01
1.736052930359999746e-01,1.948555487763240779e-01
1.964215040210000318e-01,1.900828292745184722e-01
2.613951861859999948e-01,2.004451948760362090e-01
2.367069572210000195e-01,2.352380102268767370e-01
1.817331761120000166e-01,2.278513127828908080e-01
1.872550845150000032e-01,2.011982181925036361e-01
1.708921939130000067e-01,1.990118948160743140e-01
1.886087059969999979e-01,1.893420881949788026e-01
1.907265037299999966e-01,1.967873595382065854e-01
1.932464987040000415e-01,1.983205648089175488e-01
1.732929944990000137e-01,2.004456312596862300e-01
2.095063477749999625e-01,1.912377256406756210e-01
4.538556933399999771e-01,2.073955491326795741e-01
4.529328942299999938e-01,3.598037487389493805e-01
4.376089870929998904e-01,3.822611136665940990e-01
4.101786911490000742e-01,3.845936893175360138e-01
2.999480962750000201e-01,3.632226332102103106e-01
2.743109166620000261e-01,2.868423620448037892e-01
2.636764347549999665e-01,2.617965395358033964e-01
3.030085861679999715e-01,2.484281398313349654e-01
2.883977890009999934e-01,2.691614991903472642e-01
2.769187986850000227e-01,2.630333613152948113e-01
2.645944654940000085e-01,2.571828667801712709e-01
3.595731556419999864e-01,2.485846053085406515e-01
3.489974141120000262e-01,3.047449186512616870e-01
3.149650990960000119e-01,3.049071311959150599e-01
2.530409693719999908e-01,2.874394966037630561e-01
2.099061757329999944e-01,2.478518664185549447e-01
2.237384021280000024e-01,2.186893449152431945e-01
2.169338017699999344e-01,2.199178666889449463e-01
2.123453021049999945e-01,2.154689572217678706e-01
2.144929021599999985e-01,2.132756865745011610e-01
2.123427987100000303e-01,2.137306516068950835e-01
2.086919993160000208e-01,2.125916464616166568e-01
2.024399936200000361e-01,2.106993036595141700e-01
1.932131946090000219e-01,2.072333912995430460e-01
1.812405437229999972e-01,2.021130516827054913e-01
1.841152161359999873e-01,1.954647828386069652e-01
2.009199708700000198e-01,1.956150765328528995e-01
1.946409046650000030e-01,2.033958276073209448e-01
1.966055035590000000e-01,2.016343293077808019e-01
1.737543940540000054e-01,2.028833035951242425e-01
1.790176033969999858e-01,1.918445749558506941e-01
2.000912129879999779e-01,1.928409282413977299e-01
1.695824414490000043e-01,2.023069974714974961e-01
1.927433013919999938e-01,1.894863718714021594e-01
2.038794755939999925e-01,1.992323614708743085e-01
2.095497995620000109e-01,2.049424259302412010e-01
2.050999999049999967e-01,2.095628254519245892e-01
1.882844567299999938e-01,2.082396721728387301e-01
2.005678713319999917e-01,1.999504521817925540e-01
1.948222815989999746e-01,2.045599711601629733e-01
1.851616054770000019e-01,2.018788534998376127e-01
1.811457574369999823e-01,1.973597246174823294e-01
1.909579336640000180e-01,1.945458000046467462e-01
2.015465050940000169e-01,1.985302462602767937e-01
1.874635964629999818e-01,2.041782739101673239e-01
2.141287922859999859e-01,1.985113907060424288e-01
2.041694968939999910e-01,2.110833317996687886e-01
2.533474564550000085e-01,2.073766280105886206e-01
2.678037881850000024e-01,2.333662761347188030e-01
3.017286956309999657e-01,2.445451939987621781e-01
3.658618927000000243e-01,2.676631909388962893e-01
3.397559225559999563e-01,3.114296131329867823e-01
2.932764291759999975e-01,3.014051523242954889e-01
2.594402134420000228e-01,2.738279607561545093e-01
1.747480928900000119e-01,2.493812783352475637e-01
1.857970058920000167e-01,2.007570141202755509e-01
2.116256058219999903e-01,1.988078480853804619e-01
2.045923024419999958e-01,2.085169168660894468e-01
2.080095559360000124e-01,2.073363990401892731e-01
2.008861005310000059e-01,2.096817336913013030e-01
2.219119668010000324e-01,2.060774306393673150e-01
2.171941995620000065e-01,2.162846015787037168e-01
2.135767042640000224e-01,2.150652659658333077e-01
2.023674994709999952e-01,2.138354687911687146e-01
1.955586671829999956e-01,2.077544210833270621e-01
1.969362944360000256e-01,2.034624512811569752e-01
1.962438523770000387e-01,2.031717643750920455e-01
2.066201269630000281e-01,2.026336647367298072e-01
2.266834974290000138e-01,2.077490011121531921e-01
2.307016998529999863e-01,2.186163216219614291e-01
2.064162045719999949e-01,2.226313604967711246e-01
2.136748582119999684e-01,2.113988825638147273e-01
2.115589976309999731e-01,2.135102314468377838e-01
2.210098206999999981e-01,2.118739729458369581e-01
2.002004534010000114e-01,2.168470045459798268e-01
2.026610970500000164e-01,2.069563905585070085e-01
1.840810924770000245e-01,2.071272241672923731e-01
1.918098330499999893e-01,1.973666747601108551e-01
1.945068985220000102e-01,1.998987239173713182e-01
1.860962957140000207e-01,2.009346145090153135e-01
3.239021003249999975e-01,1.974092316941849223e-01
2.998737990859999814e-01,2.715149075980562432e-01
2.647733092310000091e-01,2.675504181210791033e-01
2.435151785609999953e-01,2.521242944761611371e-01
1.468971520659999863e-01,2.365710762145989687e-01
1.675205081699999987e-01,1.855299663816131761e-01
1.691907048229999710e-01,1.876500308523924021e-01
1.851512044669999801e-01,1.857839645815169138e-01
1.919896006579999981e-01,1.941840285200210903e-01
1.983390152450000277e-01,1.986145590139092032e-01
2.193651050329999963e-01,2.028565306670230273e-01
2.147694528099999833e-01,2.140798162936389804e-01
2.910268306730000032e-01,2.135385400302937664e-01
2.744570672509999976e-01,2.555428864131089606e-01
2.695364058020000009e-01,2.516675132066336640e-01
2.071107774970000204e-01,2.513190592843890792e-01
1.958816945549999577e-01,2.166209645829905439e-01
1.965135931969999861e-01,2.063946947441378243e-01
1.876440942289999969e-01,2.031947034674564945e-01
2.025545984510000175e-01,1.984625944355961902e-01
1.871117651460000031e-01,2.051148674589366172e-01
1.973968744280000243e-01,1.982699898305083919e-01
2.005362063649999971e-01,2.028150841433793705e-01
2.371928393840000149e-01,2.043953240800271409e-01
2.252300232649999678e-01,2.236966491010967673e-01
2.096156179900000305e-01,2.202712463284708655e-01
1.828726381060000183e-01,2.130877197696874614e-01
2.188799381260000398e-01,1.983372304332184644e-01
2.092117965219999765e-01,2.135171253629865318e-01
2.991323173050000062e-01,2.100184931252105647e-01
3.725849986079999843e-01,2.598083906018403000e-01
3.703671991829999843e-01,3.124963770759092152e-01
3.411498963830000286e-01,3.218915365796429229e-01
2.537753880020000019e-01,3.063702612305246320e-01
2.660570144650000191e-01,2.512215818153166191e-01
2.583504617210000132e-01,2.502119195609697755e-01
2.349327653649999903e-01,2.426213122345863560e-01
1.964800357820000176e-01,2.299091919732959011e-01
2.010751813650000219e-01,2.081439683321744394e-01
2.233009040360000030e-01,2.066940946140248536e-01
2.107799947259999807e-01,2.164874790347187106e-01
2.084790617230000143e-01,2.119277956633909277e-01
2.135446965689999921e-01,2.108732207158600380e-01
2.063921540979999636e-01,2.126999571535139744e-01
1.915937960150000119e-01,2.093680902441771019e-01
1.907173544170000234e-01,2.018116869411059333e-01
2.065229862929999771e-01,2.000532684534046257e-01
2.108760029080000431e-01,2.070745034368583204e-01
1.930121034380000433e-01,2.103238261810763121e-01
1.988846510650000288e-01,2.025071400522673315e-01
2.141418010000000205e-01,2.043182548643106833e-01
2.070428282019999844e-01,2.115228521127155981e-01
3.285667896269999777e-01,2.093100005000865238e-01
4.495427012439999759e-01,2.770732307195070687e-01
4.017376005650000748e-01,3.689923203156984521e-01
3.919491171839999399e-01,3.513214054231010297e-01
3.275258541109999921e-01,3.472159847567332647e-01
2.748836874960000065e-01,3.008420664697964431e-01
2.869270443920000080e-01,2.633236858678023595e-01
2.935220301149999989e-01,2.631741348433495609e-01
3.149933218959999892e-01,2.653639456380442185e-01
3.063029944900000356e-01,2.793954284903414353e-01
2.829472124579999748e-01,2.761225404196118727e-01
2.236190885309999876e-01,2.626342302030116871e-01
2.047974467280000155e-01,2.275573733629584761e-01
1.970064640049999927e-01,2.125827523548150522e-01
2.168944925069999918e-01,2.047783131071407858e-01
2.222929000849999948e-01,2.133066824786238880e-01
2.163385450839999946e-01,2.171344155662577047e-01
2.129120975730000032e-01,2.153766648898957636e-01
2.239284068350000101e-01,2.134552078944616793e-01
2.111652940509999854e-01,2.185644806847449884e-01
2.037166059019999975e-01,2.126940485789264867e-01
1.949672847989999958e-01,2.085511225759041076e-01
2.212041467430000130e-01,2.031629392708460824e-01
2.242754995819999930e-01,2.153028562098492082e-01
2.110134959219999995e-01,2.183712871773508812e-01
1.880159825090000070e-01,2.130120891755196699e-01
1.926469951869999864e-01,2.008638444075442064e-01
1.927028000349999826e-01,2.009375615825723660e-01
2.360453009609999875e-01,2.002904930890654633e-01
2.494726628070000063e-01,2.223019852557294174e-01
2.352280020710000030e-01,2.326350903785586732e-01
1.843072175980000060e-01,2.280285414541876610e-01
1.996876001359999819e-01,2.018265147739508047e-01
1.958325058219999859e-01,2.051690000627658939e-01
1.888218969110000145e-01,2.021357785257868744e-01
1.885980367660000101e-01,1.991446060234756121e-01
1.783643960949999885e-01,1.983874213661204755e-01
1.893583983179999986e-01,1.932151830856460584e-01
1.769174039359999728e-01,1.977189621235550532e-01
1.822073012590000041e-01,1.921465867152798435e-01
1.726381331679999742e-01,1.942515324142313204e-01
1.796488463879999664e-01,1.896089476970831689e-01
1.893453001979999994e-01,1.924519036291968133e-01
2.041255980730000141e-01,1.971156242356579824e-01
2.021193057299999762e-01,2.052669308630115097e-01
1.950753927230000073e-01,2.057433902537896819e-01
1.913484036919999853e-01,2.027982165047815255e-01
1.940153539180000386e-01,2.004143714992216163e-01
2.548274099830000194e-01,2.011410755860718602e-01
2.428829520939999875e-01,2.323305599480417483e-01
2.269057929519999739e-01,2.305456113917275229e-01
2.461629658940000243e-01,2.240318060325398042e-01
2.363652586939999911e-01,2.325303207072687006e-01
2.234285175800000134e-01,2.279665436505683429e-01
2.153740972279999943e-01,2.213543793114387814e-01
2.169086933140000062e-01,2.158418074792220753e-01
1.956495195630000294e-01,2.154658168529541007e-01
1.911730021240000132e-01,2.045986253994910298e-01
1.911281347270000208e-01,2.010088058790570065e-01
1.682610064739999967e-01,1.997583968917066854e-01
1.873182952399999879e-01,1.887806997620013194e-01
1.789516657589999837e-01,1.961569210502804306e-01
1.870546638969999842e-01,1.925343849610364200e-01
2.044772058730000008e-01,1.966039729412795145e-01
1.983377933500000412e-01,2.052482725437611011e-01
2.032073587180000251e-01,2.038113443550325088e-01
2.265556752679999952e-01,2.065386223677651845e-01
2.234009951350000023e-01,2.183986736718461219e-01
2.426621168849999732e-01,2.186808721523670895e-01
2.588768005370000180e-01,2.296291508150249960e-01
2.521358132360000393e-01,2.397092587498397542e-01
2.280115038159999941e-01,2.381359231427929712e-01
1.778044104579999951e-01,2.254671267413452251e-01
1.634968966249999989e-01,1.983238059213749405e-01
1.860933601860000064e-01,1.872284199073790956e-01
1.859123855829999672e-01,1.946778046831380837e-01
1.739067137240000172e-01,1.955326357561728845e-01
1.785075962540000061e-01,1.908331545040854449e-01
1.885641068220000049e-01,1.921598838896068362e-01
2.542034089569999988e-01,1.967183793973748540e-01
2.529518902300000316e-01,2.309787518770282932e-01
2.264477610590000245e-01,2.356749820891445857e-01
2.110380530360000118e-01,2.244925941589616669e-01
2.390624135729999822e-01,2.145971605763615786e-01
2.233908027409999830e-01,2.267989983768630147e-01
2.384739071129999832e-01,2.199325698058515188e-01
2.096938937900000022e-01,2.279798646652698990e-01
2.205873429780000061e-01,2.134515945941774240e-01
1.979559957979999951e-01,2.176181122320846872e-01
2.239636480809999997e-01,2.057390598490622113e-01
1.824693381790000180e-01,2.176958160703627299e-01
1.944653987880000379e-01,1.979620060026167916e-01
1.623506993060000181e-01,2.019959056085192939e-01
1.634901016950000008e-01,1.859324499925310570e-01
1.519308984280000052e-01,1.848074191620570350e-01
1.773174256089999623e-01,1.783861212619047287e-01
2.009179741139999753e-01,1.891680974521001146e-01
1.831925064329999742e-01,2.016384660528799111e-01
1.519723981620000053e-01,1.958475452811717088e-01
1.608350872990000069e-01,1.812573093916366451e-01
1.576898992060000171e-01,1.824521906687564810e-01
1.789468824859999918e-01,1.803516463921456259e-01
1.863833963870000221e-01,1.902045507264285285e-01
1.762941032649999740e-01,1.950175257504952464e-01
1.410365849730000065e-01,1.916778441906265007e-01
1.918971985579999984e-01,1.753959728979331278e-01
2.020718008279999978e-01,1.958234465136611535e-01
2.467120736839999995e-01,2.027462134652249504e-01
2.503778040410000183e-01,2.285952364053627506e-01
2.420776039360000020e-01,2.343576799451257131e-01
2.059547007079999548e-01,2.322452835676817318e-01
1.608465462920000144e-01,2.130226536193137732e-01
1.329861283299999808e-01,1.884732276391540562e-01
1.673102676869999972e-01,1.716973316367397528e-01
1.795337647199999609e-01,1.831956231586550909e-01
1.848126053810000002e-01,1.899582112748175178e-01
2.060592025519999981e-01,1.947239676705928846e-01
1.993591934439999935e-01,2.058962581138994441e-01
2.019896209239999962e-01,2.043240793630320129e-01
1.895201951269999963e-01,2.060787957577858986e-01
2.597720026969999596e-01,1.998917530291288158e-01
2.444770485159999951e-01,2.351852874936584681e-01
2.407727241519999617e-01,2.315542124541760671e-01
2.282528877259999978e-01,2.317202090928265901e-01
1.719890981910000005e-01,2.241096683339873219e-01
2.107089906930000034e-01,1.951014219114153847e-01
2.091155946250000119e-01,2.094572643797396883e-01
1.978048980240000032e-01,2.089092611420763634e-01
2.423519939180000249e-01,2.049075226691680351e-01
2.733131051059999872e-01,2.267628229993847444e-01
2.591018974779999984e-01,2.464925360385503972e-01
2.398502230640000010e-01,2.430357841256456375e-01
2.027270048860000118e-01,2.329316057587786926e-01
1.646265089510000057e-01,2.116315840260877268e-01
1.514579057690000063e-01,1.899072799873868789e-01
1.715828478339999907e-01,1.798834469715721307e-01
2.222049087290000058e-01,1.865380396707749244e-01
2.350890487429999898e-01,2.117725648162751551e-01
2.281305044889999634e-01,2.229888784359707887e-01
2.251530140639999844e-01,2.226140243157878618e-01
2.360830008979999950e-01,2.211499574353107955e-01
2.331852018829999873e-01,2.263361507726495692e-01
1.995675563809999886e-01,2.254693870551341683e-01
2.020958065989999775e-01,2.085737027916625130e-01
1.845946013929999907e-01,2.073389518614132121e-01
1.881015300749999952e-01,1.975458443710087775e-01
2.119678109879999939e-01,1.981270574921074057e-01
2.234034091230000241e-01,2.092893050611553674e-01
2.446219176049999888e-01,2.169457450123074005e-01
2.418016940359999645e-01,2.299957385301235058e-01
2.144879996780000020e-01,2.305859631663744469e-01
2.017266303299999897e-01,2.170730422632317080e-01
1.734066754580000091e-01,2.085844644188554198e-01
1.667926013469999968e-01,1.928637410779416306e-01
1.653245985510000127e-01,1.873555403563339772e-01
1.766120344399999820e-01,1.850689338794350713e-01
2.292105853560000295e-01,1.898870399877089776e-01
2.151339054109999982e-01,2.163340890820353302e-01
2.032367140049999854e-01,2.134523806984661431e-01
2.899451851839999761e-01,2.088251158128066332e-01
3.044671118260000031e-01,2.538112353790068498e-01
2.927406132220000123e-01,2.685001965575632976e-01
2.604539990429999841e-01,2.670081377305643655e-01
2.598164081569999673e-01,2.482181150990478147e-01
2.464921027420000077e-01,2.448794474763238416e-01
2.179778963329999930e-01,2.359696164810938523e-01
2.073534131049999674e-01,2.198840500341693871e-01
2.050486057999999778e-01,2.118488294727441101e-01
2.097736448049999924e-01,2.086819920214009194e-01
2.061820030209999821e-01,2.104067947373754743e-01
1.972219944000000447e-01,2.088452821796015768e-01
1.988296955820000045e-01,2.043760186410001622e-01
2.057753950360000361e-01,2.043806063237195714e-01
2.033157944680000218e-01,2.075249075655800912e-01
1.759992837910000218e-01,2.068668479206257904e-01
2.031327337029999736e-01,1.938206532353832778e-01
2.274394929410000210e-01,2.048795232083867046e-01
2.340615987779999796e-01,2.178320157281924130e-01
2.466137260199999792e-01,2.242850883483316349e-01
2.308412343259999833e-01,2.325783957299362992e-01
2.145392149689999972e-01,2.254134243316662511e-01
1.903560012579999794e-01,2.164062647483789015e-01
2.080181986090000046e-01,2.025245631759232390e-01
2.246207594869999991e-01,2.088074246943072143e-01
2.103735655550000305e-01,2.173878630275901391e-01
1.986407041550000141e-01,2.121262688375504524e-01
1.817755550150000066e-01,2.060149846013790420e-01
1.930263042450000022e-01,1.964277876288927915e-01
1.930966228249999805e-01,2.001521923376836931e-01
1.897509992120000044e-01,2.002371079390264097e-01
1.693823039529999963e-01,1.991154006003207910e-01
1.858561486009999986e-01,1.892862366723443712e-01
1.774827986960000048e-01,1.954798231283098875e-01
1.667204946280000100e-01,1.917945378779350452e-01
1.615741997959999898e-01,1.869365529647463997e-01
1.936000734570000048e-01,1.835300932701987020e-01
2.084788978100000079e-01,1.976477573397545928e-01
2.083924710750000298e-01,2.069213843429239530e-01
1.912561953069999710e-01,2.093486735769602702e-01
1.796658039089999992e-01,2.015674114121535632e-01
1.821167021990000301e-01,1.948390536175379217e-01
2.010916024449999895e-01,1.944773657330484962e-01
1.848223060370000059e-01,2.032708581994845387e-01
1.947717964649999800e-01,1.968391897639008015e-01
1.730353981260000229e-01,2.013150455958531149e-01
1.828583031890000099e-01,1.909729809601994621e-01
1.498861461880000023e-01,1.945238944995763275e-01
1.527018994090000026e-01,1.791778962956326604e-01
1.779081076379999959e-01,1.786657251875594099e-01
1.696159988640000005e-01,1.889227783385288018e-01
1.754582375290000273e-01,1.869160783146369131e-01
1.580465734000000011e-01,1.901084811131111274e-01
1.843986064199999997e-01,1.821958709024373568e-01
1.731242984530000084e-01,1.934029270618251861e-01
1.698645055290000094e-01,1.891921756085118700e-01
2.204860746860000387e-01,1.880282837717448252e-01
2.881226837640000205e-01,2.117549771366791234e-01
2.816658914090000021e-01,2.518591567271045162e-01
2.804358899590000398e-01,2.558508935734418732e-01
3.555045723920000067e-01,2.579694957663450916e-01
3.446882963180000203e-01,3.036425402401667362e-01
3.495651185509999759e-01,3.026331446803073311e-01
3.308182954789999908e-01,3.088935542674605128e-01
2.400473654270000312e-01,2.966553304950311776e-01
1.951503008599999867e-01,2.418597744566436669e-01
1.843069046739999883e-01,2.110222017117889537e-01
1.784625351430000062e-01,1.986651170998635363e-01
1.679867953059999974e-01,1.932370319401604808e-01
1.683609932660000141e-01,1.875189766929523383e-01
2.073428332810000052e-01,1.867455240244551284e-01
3.081569075580000150e-01,2.048595691916852979e-01
3.016481101509999596e-01,2.624293612036093792e-01
3.267253041270000158e-01,2.684474952722595842e-01
2.592641115190000289e-01,2.883892993212680556e-01
2.114182710650000241e-01,2.499543107446191570e-01
2.050412595270000027e-01,2.204366359815624343e-01
2.347255051140000048e-01,2.107925004110333400e-01
2.621370851990000306e-01,2.233788028674616177e-01
2.531891763210000201e-01,2.400334054130734140e-01
2.543610632420000295e-01,2.385793864397060815e-01
2.207816988229999999e-01,2.398557655291226609e-01
2.424586564300000302e-01,2.215975639600001323e-01
2.450377047060000035e-01,2.306253070400838823e-01
2.463154047729999852e-01,2.320392675986241715e-01
2.298433184620000125e-01,2.339349715488547310e-01
2.683678865429999782e-01,2.253716451502907336e-01
2.317014038559999656e-01,2.451148444679575600e-01
2.536134123800000140e-01,2.272544610560700007e-01
2.278259247540000143e-01,2.381373603672039263e-01
2.511056959629999752e-01,2.242320243529082324e-01
2.406570017340000089e-01,2.357803805615235337e-01
2.355776131150000285e-01,2.306568209498735811e-01
2.084955275060000057e-01,2.282662308065111223e-01
2.014831006530000135e-01,2.134108161328533981e-01
2.134985029700000314e-01,2.077683636442496928e-01
1.968656927350000141e-01,2.120759410418747992e-01
1.748276948930000407e-01,2.043504413577631740e-01
1.675257831810000042e-01,1.931587613857503327e-01
1.819289028640000139e-01,1.875855384985079810e-01
2.163158357140000099e-01,1.928614949164193515e-01
1.956270039080000300e-01,2.102670211501012909e-01
1.841740161179999946e-01,2.030899899877993409e-01
2.603065371509999948e-01,1.976175925702284841e-01
2.706716060640000365e-01,2.347710627806444683e-01
2.765875160690000056e-01,2.457127221607689482e-01
3.321622908119999940e-01,2.535536739579402066e-01
3.372164070610000342e-01,2.878444490308040837e-01
3.424106836320000014e-01,2.957865192435654156e-01
3.502804040910000305e-01,3.024275700255616428e-01
3.334882259370000046e-01,3.082088755814571535e-01
3.048415184020000224e-01,2.982896393529073098e-01
2.241699099539999906e-01,2.795442338388401393e-01
2.231916040179999783e-01,2.306712557077732761e-01
2.127934992309999940e-01,2.230248106316675694e-01
2.555466890340000186e-01,2.139672643090444193e-01
2.643494009969999947e-01,2.356358989804137050e-01
2.531680464739999858e-01,2.432000561069202482e-01
2.339650541540000128e-01,2.397194428553208190e-01
2.333215028050000250e-01,2.289373015557577273e-01
2.242033332589999928e-01,2.266784820485790719e-01
2.012783437970000200e-01,2.209812843050747988e-01
1.966407001020000211e-01,2.086709793722699158e-01
2.178835868840000300e-01,2.043788607924701406e-01
2.213913053269999931e-01,2.136237764670160244e-01
1.959984004500000265e-01,2.167270683759371097e-01
1.992403119800000288e-01,2.051915997165959793e-01
1.625297963619999897e-01,2.051620537268042388e-01
1.901159286500000156e-01,1.868909170316933599e-01
1.898488998409999795e-01,1.974455420884025370e-01
2.000212967400000208e-01,1.976444542076904454e-01
1.874057054520000265e-01,2.037457946625761962e-01
1.881960034370000201e-01,1.983309568120960320e-01
2.220781892539999691e-01,1.982770579189217508e-01
2.257640063759999982e-01,2.145245476221124548e-01
2.163868844509999889e-01,2.188938827276937504e-01
1.905837059019999669e-01,2.158825825103614926e-01
2.389943003649999953e-01,2.025433044398401716e-01
2.126784026619999990e-01,2.247927910370681737e-01
2.203326970339999913e-01,2.135321892711105896e-01
1.995152980090000028e-01,2.177256089665162431e-01
1.767843067650000100e-01,2.066198783501451142e-01
2.036905288699999983e-01,1.945478030600604757e-01
1.890024542810000152e-01,2.050422370794890425e-01
1.914628148079999814e-01,1.987882204517440465e-01
2.303853929040000081e-01,2.001167897705954379e-01
2.602671086789999921e-01,2.190990702546952995e-01
2.651697993279999999e-01,2.380285139565871122e-01
2.410915046930000583e-01,2.448589430682553691e-01
2.030028998850000044e-01,2.334363948506494313e-01
2.060085982080000211e-01,2.121258158861610565e-01
1.778325885530000205e-01,2.098761756314851956e-01
1.719783544540000042e-01,1.947500415870925261e-01
1.757052987809999689e-01,1.902262140196973039e-01
1.694041937590000102e-01,1.903801707408393773e-01
1.635388135910000040e-01,1.874726210393073966e-01
1.943304240699999796e-01,1.845257953561128539e-01
2.042852044110000098e-01,1.982505644348083185e-01
2.030708640810000021e-01,2.049881776221186558e-01
1.812596023079999785e-01,2.064430500934665291e-01
2.182700932030000041e-01,1.962263116699239918e-01
2.186232060190000104e-01,2.127979520753822407e-01
2.044367194179999569e-01,2.146487841646204930e-01
1.787614673380000241e-01,2.091849850464361227e-01
2.417660057539999519e-01,1.957448437323327239e-01
2.367322593929999941e-01,2.248300534706270948e-01
2.201220840219999808e-01,2.256129205996271758e-01
2.190245538950000292e-01,2.194718077711193815e-01
2.470148950820000300e-01,2.174871125731458743e-01
2.227835953240000222e-01,2.313367862726168622e-01
2.453936934469999886e-01,2.205543452698998930e-01
2.456143051390000109e-01,2.320048025900463273e-01
2.149323076009999889e-01,2.326602039848068293e-01
1.782320737840000502e-01,2.176070454075123839e-01
1.983320713039999628e-01,1.973573656502091156e-01
1.837121993299999645e-01,2.031912063976030469e-01
2.150899022819999784e-01,1.959561420674200416e-01
2.187249064449999780e-01,2.111555327559658524e-01
1.953707039359999786e-01,2.145829700048841326e-01
2.260476946829999834e-01,2.045762988382958669e-01
2.273865938190000047e-01,2.184974878578267998e-01
2.131565511230000265e-01,2.203466708766663451e-01
1.765360683200000169e-01,2.145341112656092286e-01
2.150828540329999816e-01,1.956574030807080034e-01
3.349621891979999710e-01,2.113027935290894554e-01
3.160460889339999913e-01,2.797071341442052828e-01
3.057914972309999646e-01,2.796276583207591426e-01
2.454170137640000193e-01,2.779921664002862891e-01
2.043210864070000021e-01,2.413928273651493872e-01
2.795807123180000242e-01,2.148974820398037444e-01
2.639636099339999764e-01,2.494520351801728653e-01
2.800608277320000283e-01,2.443887171154174309e-01
2.840686142440000395e-01,2.559793552120163684e-01
2.698352336879999980e-01,2.587611257420476818e-01
2.565046846869999952e-01,2.516841780835550879e-01
1.737418919799999795e-01,2.433262143094599705e-01
1.598615348340000075e-01,1.990786857260593845e-01
1.806169450279999644e-01,1.864729824583737372e-01
1.780257374049999952e-01,1.916770687969449050e-01
1.924792230129999948e-01,1.912911289826028371e-01
1.990472823380000089e-01,1.988494106748976697e-01
1.957502663139999710e-01,2.029255612362363126e-01
1.883261650800000242e-01,2.024064503944839888e-01
1.797540038819999686e-01,1.988732481363630344e-01
1.916811913249999999e-01,1.941442759379732319e-01
2.141620814799999883e-01,1.989179811925161911e-01
2.216559946539999881e-01,2.104275761526321342e-01
2.209348082539999703e-01,2.163706928468879798e-01
2.184751033780000240e-01,2.175566807935811753e-01
2.180604040619999739e-01,2.165836948441172971e-01
2.504481077190000016e-01,2.161629915029578131e-01
2.412912994619999807e-01,2.330381907125867458e-01
2.391991466279999590e-01,2.304927608251435833e-01
2.296963632110000098e-01,2.302097067029224009e-01
2.403284162280000247e-01,2.246055210376163569e-01
2.240518331529999796e-01,2.294365645164007095e-01
2.023217231040000119e-01,2.212141984915713400e-01
2.082566022870000200e-01,2.094879771782793554e-01
2.085203975440000079e-01,2.101959447486047017e-01
1.949775964020000196e-01,2.097836429739008690e-01
1.989800930020000080e-01,2.033758773812179566e-01
1.869141757489999889e-01,2.043995589706294469e-01
1.943044960499999974e-01,1.982439682322282848e-01
2.154057025910000034e-01,2.011423255019973710e-01
2.246519029140000012e-01,2.115599942581148918e-01
1.886185854669999717e-01,2.181164466546310077e-01
1.838601976629999635e-01,2.017144233262306574e-01
1.893669962880000224e-01,1.973433019262777199e-01
1.995205432180000016e-01,1.981033834304768981e-01
1.813428401949999658e-01,2.031937633043400804e-01
1.920076012609999994e-01,1.953881264442846322e-01
2.081632465119999942e-01,1.996686019154051972e-01
1.980955004690000132e-01,2.075263382139667934e-01
2.022272646429999765e-01,2.041665012660045520e-01
1.925842463970000029e-01,2.061997206724628107e-01
2.055149674419999850e-01,2.013338973484647410e-01
1.921776980160000148e-01,2.071761205136501138e-01
1.974076032640000034e-01,2.011264682513923263e-01
1.978288739919999983e-01,2.033031059586963007e-01
1.947185993189999853e-01,2.032923446029483439e-01
1.929751932619999943e-01,2.020341059598714240e-01
1.787372082470000123e-01,2.009906438132950390e-01
1.773243993519999784e-01,1.939381663964569735e-01
1.954015046359999785e-01,1.922323524446806486e-01
1.786402463910000127e-01,2.001286881239839055e-01
1.929298043250000094e-01,1.933213518689840260e-01
1.924515962599999963e-01,1.997479027860735168e-01
1.982013732189999711e-01,1.997835643676185990e-01
2.029816657299999549e-01,2.031609052199425669e-01
2.076473981139999869e-01,2.058887363035405982e-01
1.996106952430000137e-01,2.087921223103300916e-01
1.837998628619999797e-01,2.053536176715823891e-01
3.492729067800000586e-01,1.973416516006602506e-01
3.385715782639999727e-01,2.873301936726226358e-01
3.246645033359999988e-01,2.931600680897306077e-01
2.590272426610000234e-01,2.921437340324265497e-01
2.013491839169999909e-01,2.514355685511527883e-01
2.125197052959999777e-01,2.151930948673873301e-01
2.082609981300000135e-01,2.138326270353480552e-01
2.026299685240000037e-01,2.099126603432421023e-01
1.967180371280000117e-01,2.073049050234488655e-01
1.891978979110000014e-01,2.038154878611553866e-01
1.683970987799999763e-01,1.995132969442162951e-01
1.529303938150000097e-01,1.889449728880193136e-01
1.571273952720000089e-01,1.802380852519220866e-01
1.925273537640000143e-01,1.802480066979756379e-01
2.034381031989999922e-01,1.962325441858926156e-01
1.979987621310000112e-01,2.041637564095713231e-01
1.713397651909999986e-01,2.038117911250297842e-01
1.605434864760000024e-01,1.911824041482804437e-01
1.448902040719999840e-01,1.842132377982433900e-01
1.455924957989999935e-01,1.754594638449586963e-01
1.324006021019999979e-01,1.743212344237295708e-01
1.147388964889999863e-01,1.680889896855386478e-01
1.390763670209999858e-01,1.599630803083467168e-01
1.773481071000000131e-01,1.684682438860338194e-01
1.872349977490000150e-01,1.862697481428274571e-01
1.716542839999999903e-01,1.945167835819074376e-01
1.901565045120000019e-01,1.895101809246164670e-01
2.085365056989999799e-01,1.975790338272188917e-01
2.105930447580000031e-01,2.071521124859015128e-01
2.011387944220000001e-01,2.103000556894392414e-01
1.981692165139999906e-01,2.065564595326745689e-01
1.862777769570000130e-01,2.045235822069164933e-01
2.313299924139999852e-01,1.981478160348182083e-01
2.665236890320000218e-01,2.196305110419672357e-01
2.672828137869999732e-01,2.413046235950874474e-01
2.530894875529999810e-01,2.465598260715975154e-01
2.939947843549999829e-01,2.404153565585739338e-01
2.766048014160000235e-01,2.626402029574362862e-01
2.432340085509999972e-01,2.549875780225426269e-01
2.223459333180000108e-01,2.370145104296438598e-01
2.186183035370000138e-01,2.226730692769929854e-01
2.029476463789999796e-01,2.177321145553451631e-01
1.907453686000000204e-01,2.086238648710919130e-01
1.951031982900000294e-01,2.013814260451986526e-01
2.226422727109999833e-01,2.019687549853184660e-01
2.252217978240000085e-01,2.154606193426052141e-01
2.214518934490000146e-01,2.189689647207392897e-01
2.066775113340000025e-01,2.184626580178040955e-01
2.097374200819999979e-01,2.108112207974903174e-01
2.612883150579999869e-01,2.111313043333569450e-01
2.342368513349999681e-01,2.377619856067634541e-01
2.237651944159999851e-01,2.271515538260464595e-01
2.170636057850000022e-01,2.220643263697698044e-01
2.301114946599999433e-01,2.166321607003554306e-01
2.086910158400000215e-01,2.224098551150876513e-01
2.047397941349999584e-01,2.120718988562223517e-01
2.222295254470000037e-01,2.091589322509983528e-01
2.279004752640000075e-01,2.167555793159801347e-01
2.129457294940000078e-01,2.207640244482415859e-01
1.926552951340000375e-01,2.142929048165510553e-01
1.835393011569999844e-01,2.034051948207942495e-01
1.722192019220000203e-01,1.969667576333249404e-01
1.875299960370000463e-01,1.901636249776166299e-01
1.739563494920000064e-01,1.962051726773149374e-01
1.938352584840000170e-01,1.903832532412973455e-01
1.973450034860000091e-01,1.995190806000818051e-01
1.942632943389999978e-01,2.020134472165110995e-01
2.034828513860000021e-01,2.016242930011759305e-01
1.873460412029999966e-01,2.060742417241874513e-01
2.008862048390000210e-01,1.987303965081072543e-01
1.905569285150000014e-01,2.045795945663121673e-01
1.927679926160000001e-01,1.997969397128632196e-01
1.832018047569999863e-01,2.007339333720995211e-01
2.027056962250000094e-01,1.958582349425145863e-01
1.902956068519999766e-01,2.047126065024491570e-01
1.815531253809999912e-01,1.996181818175809253e-01
1.891089975829999548e-01,1.954247128591397320e-01
1.840091049670000145e-01,1.978926218545825344e-01
1.819614022970000022e-01,1.956067147925810712e-01
1.854998767380000024e-01,1.946096185064187523e-01
2.226949036120000058e-01,1.959292071182628103e-01
2.071253955359999843e-01,2.143986530010789093e-01
2.009170949460000188e-01,2.093629446216929424e-01
1.885115951299999870e-01,2.068255584836652117e-01
1.943915784359999954e-01,1.996666387983316027e-01
1.774574071170000045e-01,2.013796558264349112e-01
1.960569024089999779e-01,1.931700037338597020e-01
1.895107030869999931e-01,2.011347482464836134e-01
2.074400931600000053e-01,1.985342537248050154e-01
2.042641043660000100e-01,2.076415331616546234e-01
2.000678032640000048e-01,2.070428197930840875e-01
1.733694821599999769e-01,2.055367644456508047e-01
1.849348992109999812e-01,1.923037341865482253e-01
1.688267737630000098e-01,1.957569128270085224e-01
1.914010494949999752e-01,1.878844232893218391e-01
1.822085529569999751e-01,1.978808172851715397e-01
2.055577039720000165e-01,1.943694356187463945e-01
2.419840693470000081e-01,2.059879601916997649e-01
2.256706357000000107e-01,2.258878408651498748e-01
2.096177935600000153e-01,2.210741939024657432e-01
1.874290108680000400e-01,2.133337264010398415e-01
1.834661066530000328e-01,2.005443912790210448e-01
1.931275576349999745e-01,1.964312903964056112e-01
1.979932039979999947e-01,1.998333382706672934e-01
1.810770928860000184e-01,2.026938719822995449e-01
4.031366109849999768e-01,1.953178756477186861e-01
4.604647159579999816e-01,3.225620634840309364e-01
5.008617043499999921e-01,3.820250543276996202e-01
4.378605186940000005e-01,4.312860867362783845e-01
2.561259269710000064e-01,3.889808102523134581e-01
2.273572981360000023e-01,2.659113721613531878e-01
2.201671004300000123e-01,2.336517630383232735e-01
1.984222531320000149e-01,2.194716617364555478e-01
1.943005025389999973e-01,2.067126041674324233e-01
1.805235445499999702e-01,2.028609572713888642e-01
1.998776346449999686e-01,1.950288105340751976e-01
2.088513970380000140e-01,2.032055445758565448e-01
2.052325755359999948e-01,2.083890941109156347e-01
2.000157982109999899e-01,2.080795900301080359e-01
1.864733994009999674e-01,2.056408916240388407e-01
1.736753731969999937e-01,1.985442660901068912e-01
1.885808259249999730e-01,1.913482172630089073e-01
1.996680051089999852e-01,1.969324056513847843e-01
2.059511989359999740e-01,2.027661013646017973e-01
1.754488945010000134e-01,2.072897675985704569e-01
2.038332223890000072e-01,1.934829616912267791e-01
2.094203978779999864e-01,2.053015635276327078e-01
1.958734989169999829e-01,2.087277135656107618e-01
1.724482625719999940e-01,2.036833311393024537e-01
1.776420623059999926e-01,1.918066093720509346e-01
1.713635921480000102e-01,1.920760938798448392e-01
1.787484437230000278e-01,1.885249554852638787e-01
1.702087521550000038e-01,1.917503265228575060e-01
1.913181245330000113e-01,1.880216323836996217e-01
1.938814073799999815e-01,1.976702257675276575e-01
2.021497935060000140e-01,1.999971830511887150e-01
1.973596364259999902e-01,2.051257383156762648e-01
1.818598955869999978e-01,2.034685054961404838e-01
1.518772840500000054e-01,1.960296965423117821e-01
1.797889769079999700e-01,1.809829175478052110e-01
1.766516566280000311e-01,1.910891005385375596e-01
2.190984636549999920e-01,1.902585371299067296e-01
2.368807047610000382e-01,2.118404645548942478e-01
2.723162174219999621e-01,2.239347293728109201e-01
2.842651307580000286e-01,2.465483842068215969e-01
3.610217571259999314e-01,2.569449018923724570e-01
3.393641114230000477e-01,3.070564865207620620e-01
2.713941931720000311e-01,2.998558294385335055e-01
2.359429746869999844e-01,2.606834751312566145e-01
1.764906942839999937e-01,2.348073172804870101e-01
1.933852136140000177e-01,1.990579962968193062e-01
2.070471495389999417e-01,2.015755865863048391e-01
2.076206952330000022e-01,2.068556831293692777e-01
2.084009945389999896e-01,2.088530314503267704e-01
2.094228416680000149e-01,2.098886140452312088e-01
1.959958970549999790e-01,2.104806906897292440e-01
2.029076218609999760e-01,2.039423206912749087e-01
1.715861856940000263e-01,2.064434262444901913e-01
1.853289008139999972e-01,1.913162637022894075e-01
1.865625381469999955e-01,1.959430688154924216e-01
1.824795007709999750e-01,1.961348229190484349e-01
1.865475177760000103e-01,1.948684524949285679e-01
1.910450011489999711e-01,1.965726178651483191e-01
1.947984993460000203e-01,1.988301520977834858e-01
1.942836940290000036e-01,2.011296903706129846e-01
1.823579072949999824e-01,2.013361453693791880e-01
1.863520592450000068e-01,1.957423364414496159e-01
2.122309356929999724e-01,1.968016980531162863e-01
2.061766982079999977e-01,2.091969615540377470e-01
2.002694308759999930e-01,2.081896391316066797e-01
2.036442905660000025e-01,2.059801307084158095e-01
2.041575908660000216e-01,2.069654202750569605e-01
2.072980999949999847e-01,2.071968555103453347e-01
1.624802798030000051e-01,2.089422755174520918e-01
2.047239691019999974e-01,1.877428349121799400e-01
1.887350976469999997e-01,2.048861241370082686e-01
1.948221027850000064e-01,1.981166046598795139e-01
1.866550594570000055e-01,2.017694368352397905e-01
2.063589692120000041e-01,1.975660735825234271e-01
1.990336924790000184e-01,2.068489723001142033e-01
1.980886012320000056e-01,2.042660786160105657e-01
2.041638940570000005e-01,2.041519346513297195e-01
1.967703551049999888e-01,2.067543184301775250e-01
1.815092116589999971e-01,2.035045997584866706e-01
1.704124957319999856e-01,1.959087627735972836e-01
1.662842035290000020e-01,1.893616216880509573e-01
1.620960831640000099e-01,1.860836601522705136e-01
2.050786018369999963e-01,1.834466763704326597e-01
2.152855992319999967e-01,2.032302646907341026e-01
2.119203954940000467e-01,2.111587282956945977e-01
2.017627954479999930e-01,2.121107687592710123e-01
1.966343224050000060e-01,2.072546262203470713e-01
1.994546651839999851e-01,2.038736341636055160e-01
1.848202943799999998e-01,2.044526221295245583e-01
1.885830014939999799e-01,1.973466949683170546e-01
1.749152988199999814e-01,1.982598372817571675e-01
1.777306050059999920e-01,1.914303977823400005e-01
1.724444031720000214e-01,1.919774097170204863e-01
1.696542352440000012e-01,1.891335225365252393e-01
1.860917955640000176e-01,1.876080538890103622e-01
1.783816069359999701e-01,1.948710841927990822e-01
1.954015940430000042e-01,1.922426645224432906e-01
1.979020982979999843e-01,2.005212131615055071e-01
1.943283975120000118e-01,2.025866434436848496e-01
1.862878054379999981e-01,2.017625862157647332e-01
1.807115972040000129e-01,1.977495385175377929e-01
1.901234537359999810e-01,1.943966800485533719e-01
1.879478991030000268e-01,1.981482774705961569e-01
1.885761320589999790e-01,1.975163934292347712e-01
1.930653005840000103e-01,1.980712171089011320e-01
1.887152642009999881e-01,2.001802641576689579e-01
2.012016028170000026e-01,1.984244179982365686e-01
2.029483020310000330e-01,2.043739597946725439e-01
1.880519986150000211e-01,2.059189471188730969e-01
1.938583850860000068e-01,1.993307727942836283e-01
1.818363368510000078e-01,2.011772984593976632e-01
1.934503465890000384e-01,1.951788513451483131e-01
1.825065016750000157e-01,2.001542731339950310e-01
1.718572974210000048e-01,1.952037545367545368e-01
1.888858973980000189e-01,1.899593076281228532e-01
1.934519559140000233e-01,1.967824384499841095e-01
2.148046046500000361e-01,1.996924771775312468e-01
1.987380981450000417e-01,2.112846483798031527e-01
2.087343037130000023e-01,2.050087607341766482e-01
1.829220354560000261e-01,2.097703653050407291e-01
1.861628442999999911e-01,1.971680639504189425e-01
1.987580806019999813e-01,1.973693420827788703e-01
2.008325010539999955e-01,2.025566157727739236e-01
1.991298943760000106e-01,2.045945395338824024e-01
1.789479851720000014e-01,2.044557481517659814e-01
1.960126012559999797e-01,1.947160385424827334e-01
1.769941002129999941e-01,2.014230043515995716e-01
1.811666339639999845e-01,1.926588596339985915e-01
2.170765548939999900e-01,1.940483165985118219e-01
2.228865027430000090e-01,2.110187466494681530e-01
1.981754004959999926e-01,2.167348763472949913e-01
1.650676876309999930e-01,2.063308367984698355e-01
1.990987807510000429e-01,1.891002526133730988e-01
1.952784955500000141e-01,2.019131697532255132e-01
1.885309964419999984e-01,2.009906657937951258e-01
1.826629936699999956e-01,1.989412682244312836e-01
2.290190458300000176e-01,1.955137248232034775e-01
2.735207974910000006e-01,2.177323893994799753e-01
2.842034697529999820e-01,2.448581976772496449e-01
2.687470018859999810e-01,2.566143596471467947e-01
2.419617027039999979e-01,2.507603334197132661e-01
2.585682272909999857e-01,2.352877377138712089e-01
2.487231940029999977e-01,2.416510675016829146e-01
2.237731963400000357e-01,2.362189598425550874e-01
2.095130234959999838e-01,2.229901092897177417e-01
1.998770385979999897e-01,2.134467258084140340e-01
2.012569010259999958e-01,2.065269036590950957e-01
2.061658948660000101e-01,2.059055791634389621e-01
1.921332776550000176e-01,2.080073393656359237e-01
1.658605039119999958e-01,2.015254691483628346e-01
1.724504977459999921e-01,1.883657812253715647e-01
1.866747587920000173e-01,1.890561214534445811e-01
1.559437066319999954e-01,1.950584079901223344e-01
1.450039297340000033e-01,1.821070311676993014e-01
1.372807174919999929e-01,1.758238447201090904e-01
1.404531002040000087e-01,1.705598747205299415e-01
1.343677937979999848e-01,1.709938322559632073e-01
1.512558013200000218e-01,1.682989646532721817e-01
1.571162044999999952e-01,1.753064661456139317e-01
1.624787002799999991e-01,1.787502637033053510e-01
1.773491054770000019e-01,1.822244956155162632e-01
1.815999448299999985e-01,1.896299160817477569e-01
1.852913051839999992e-01,1.928537733160957668e-01
1.884922981259999908e-01,1.955208462921651513e-01
1.918683052059999838e-01,1.974817849671936520e-01
2.261683344839999776e-01,1.994822407948047271e-01
2.014196962120000101e-01,2.169310100959790377e-01
1.973526030779999829e-01,2.070559230316710575e-01
1.941564679150000194e-01,2.048234805503029166e-01
2.078395932910000188e-01,2.019020903517821097e-01
1.838871985670000042e-01,2.082260114391450700e-01
2.030725032089999993e-01,1.973710637126636636e-01
1.920516937969999893e-01,2.056034939612322865e-01
1.887007951740000411e-01,2.005201254101119934e-01
1.887437999249999832e-01,1.989711012570592741e-01
1.873788982629999988e-01,1.982863927583439767e-01
1.891151070590000038e-01,1.974921173929439777e-01
1.895716041330000323e-01,1.982309323604379003e-01
1.892361938949999878e-01,1.985110375891772638e-01
1.986678987739999847e-01,1.984563334405262947e-01
2.600212097169999903e-01,2.030174882958949989e-01
2.536996603009999962e-01,2.354020974758650742e-01
2.486595213409999727e-01,2.369935587400247567e-01
2.238901853559999988e-01,2.366744005965622233e-01
1.916601955889999931e-01,2.228245340431273536e-01
1.912304460999999789e-01,2.045815727104338955e-01
2.217618972060000082e-01,2.010621453518071367e-01
2.349424958230000027e-01,2.147739174001494222e-01
2.342955172060000035e-01,2.237844645872291149e-01
2.245461940769999942e-01,2.258145849894276080e-01
2.107733041050000034e-01,2.212739094039770094e-01
2.195045053959999715e-01,2.134943646821530483e-01
1.867112517360000057e-01,2.165112907946712129e-01
1.782344579700000098e-01,2.002388552172115199e-01
1.810989975930000218e-01,1.943249467099841810e-01
1.992904990909999952e-01,1.937062161882557310e-01
2.188781946900000275e-01,2.022577539950719261e-01
3.330821096900000167e-01,2.134109463528274242e-01
2.986789345740000212e-01,2.800410165521013406e-01
3.000943064689999829e-01,2.691933307840305156e-01
2.386572659019999820e-01,2.731056225848297880e-01
2.014694958929999502e-01,2.364770344936858448e-01
2.121156007049999903e-01,2.127310627831215661e-01
2.050123065709999748e-01,2.127255184799508037e-01
1.987702995540000239e-01,2.082705922561859657e-01
1.788948029280000296e-01,2.051560408308990280e-01
2.083670347930000055e-01,1.948437323953438882e-01
2.080235034229999946e-01,2.074709959941874182e-01
1.859974563120000146e-01,2.085054290948790967e-01
2.174742072819999816e-01,1.990018014635517585e-01
2.246447950599999854e-01,2.129569937473811958e-01
2.117234021429999780e-01,2.178850135462358784e-01
2.041544467209999714e-01,2.132302250261870202e-01
2.146971523759999834e-01,2.088397873617544309e-01
2.150782048699999838e-01,2.130160290742672824e-01
2.338068932289999735e-01,2.136222775906642946e-01
3.202091157440000169e-01,2.237815664082258849e-01
3.246116042139999824e-01,2.741560034415837510e-01
3.107064068320000150e-01,2.846999984610690815e-01
3.095698356630000037e-01,2.809077248147727190e-01
2.792485058309999713e-01,2.793510523167706538e-01
2.426900416609999722e-01,2.605191438773915014e-01
2.526278495789999745e-01,2.376439245430230218e-01
2.839281857009999799e-01,2.389332292129058566e-01
2.947731912139999744e-01,2.555231248469082561e-01
2.706804275510000246e-01,2.647590893525024192e-01
2.213104963300000227e-01,2.531622026104709544e-01
2.309004068370000273e-01,2.249369989896711219e-01
2.387782931329999747e-01,2.252871839734812975e-01
2.419604510069999770e-01,2.278687940305308968e-01
2.565485239029999809e-01,2.305901852396399776e-01
2.649432718749999971e-01,2.391083599390265158e-01
2.552419006819999781e-01,2.450087890779958089e-01
2.503576874729999679e-01,2.409522929039437378e-01
2.851879894730000031e-01,2.379473669749994913e-01
3.117785453800000495e-01,2.566953122962088996e-01
2.945955097679999746e-01,2.749137717684778104e-01
3.066652119159999912e-01,2.684343292929545211e-01
2.395841330290000293e-01,2.756749104228088942e-01
1.883951872589999799e-01,2.372695995465662899e-01
1.851434856649999960e-01,2.065920830206529057e-01
2.226487994190000097e-01,1.985814695929727647e-01
2.192545831199999851e-01,2.146402076679603810e-01
2.097330987449999851e-01,2.154588687151734461e-01
1.943479031319999828e-01,2.120748367727296746e-01
1.941306889060000207e-01,2.036315377813743555e-01
2.030006051060000150e-01,2.020415454909509634e-01
1.910956948999999738e-01,2.056952685291787986e-01
1.403214633459999860e-01,2.004960003318455308e-01
1.376174986360000074e-01,1.767013980261195327e-01
1.550265699630000160e-01,1.717886804528132583e-01
2.001304924489999970e-01,1.771709726069033708e-01
1.929156184199999624e-01,1.990751138457418079e-01
1.806230992080000430e-01,1.994862684424816568e-01
1.619705408809999914e-01,1.950539321462926301e-01
1.889210045340000144e-01,1.852689504841787960e-01
1.788192987439999881e-01,1.960366481921293480e-01
1.769654452799999944e-01,1.923155473191045239e-01
1.813704073430000008e-01,1.918988433318012943e-01
2.045527994630000068e-01,1.934125445580479608e-01
2.115447074170000163e-01,2.047980556679636355e-01
2.114014774559999921e-01,2.101030538960077243e-01
1.859614849089999966e-01,2.115602708367697871e-01
1.966694146390000064e-01,1.993534600145741853e-01
1.941680759189999828e-01,2.027656028259120780e-01
1.857832968239999938e-01,2.011896879133318328e-01
