8.723750114440917969e-01,1.005600436691356681e+00
8.723750114440917969e-01,9.593732048752420249e-01
8.355640172958374023e-01,9.238510699534325799e-01
7.321749925613403320e-01,9.068784289985197811e-01
7.321749925613403320e-01,8.365195414942615537e-01
7.640249729156494141e-01,7.848503831156278254e-01
7.640249729156494141e-01,7.995733610160843385e-01
4.072830080986022949e-01,8.173792946256708269e-01
4.752210080623625599e-01,6.420551184932243860e-01
4.752210080623625599e-01,4.858793113854383838e-01
8.781340122222900391e-01,5.228421160452680905e-01
8.781340122222900391e-01,6.941032758630745203e-01
7.414129972457885742e-01,9.250080508611001617e-01
1.258002042770385520e+00,8.579381236517359399e-01
1.258002042770385520e+00,8.858948712118834834e-01
1.069700956344604492e+00,1.002067158362982990e+00
1.069700956344604492e+00,9.870166593347456940e-01
7.274609804153442383e-01,9.636626566547796813e-01
7.892770171165466309e-01,8.938025907638943446e-01
7.892770171165466309e-01,8.078659069661613401e-01
6.237750053405761719e-01,8.431778312441480239e-01
6.237750053405761719e-01,7.594488318459794440e-01
6.914690136909484863e-01,6.742263399648880107e-01
8.557710051536558948e-01,7.055831523489185519e-01
8.557710051536558948e-01,8.108061621739247604e-01
7.093830108642578125e-01,9.111446938968078557e-01
7.093830108642578125e-01,8.327007884022969986e-01
1.014547944068908691e+00,7.615796513611836627e-01
1.115731000900268555e+00,8.533992461081457703e-01
1.115731000900268555e+00,9.569404185139148700e-01
4.182830154895783026e-01,9.730129943068565046e-01
4.182830154895783026e-01,7.841346691812720593e-01
1.002280950546264648e+00,4.648860751383551704e-01
1.218860983848571777e+00,7.021552906273229588e-01
1.218860983848571777e+00,9.575222714014574033e-01
1.143296003341674805e+00,9.940506760650461571e-01
1.143296003341674805e+00,9.888529165800107323e-01
6.528189778327941895e-01,9.786240651846808136e-01
6.746559739112854004e-01,8.796534137136047260e-01
6.746559739112854004e-01,7.141021877614612823e-01
6.009536385536193848e-01,7.261345529484477535e-01
6.009536385536193848e-01,6.906900289914880142e-01
6.694570183753967285e-01,6.509538204534063288e-01
6.538079977035522461e-01,6.827963521920866752e-01
6.538079977035522461e-01,7.133988546171269318e-01
7.814120054244995117e-01,7.048621030312030022e-01
7.814120054244995117e-01,7.614363403007960995e-01
1.206303954124450906e+00,8.351418315672112236e-01
8.469259738922119141e-01,8.967306162233643629e-01
8.469259738922119141e-01,9.461405938008788929e-01
8.286409974098205566e-01,9.021012396361481889e-01
8.286409974098205566e-01,8.928877022077237324e-01
6.482390165328979492e-01,8.834080994603633608e-01
5.623700022697448730e-01,7.895829882879437100e-01
5.623700022697448730e-01,6.580087600942564618e-01
7.183309793472290039e-01,6.116209404319125076e-01
7.183309793472290039e-01,6.825739197201546871e-01
1.099647998809814453e+00,7.707148676305045631e-01
9.541710019111632191e-01,8.658431986823837967e-01
9.541710019111632191e-01,9.559014104322599570e-01
7.290139794349670410e-01,9.403013026263837837e-01
7.290139794349670410e-01,8.728714776502041195e-01
6.694499850273132324e-01,7.816226186215159411e-01
8.631219863891601562e-01,7.527504679643137742e-01
8.631219863891601562e-01,7.999307151684336148e-01
6.464660167694091797e-01,9.186594354271152563e-01
6.464660167694091797e-01,8.027438948434078014e-01
8.223180174827575684e-01,6.973718164273144948e-01
9.235979914665223278e-01,7.726353990876020372e-01
9.235979914665223278e-01,9.024806044544453343e-01
8.300920128822326660e-01,9.341446126869576982e-01
8.300920128822326660e-01,9.133906075832020077e-01
1.067314028739929199e+00,8.848913778084395165e-01
1.546175003051757812e+00,9.090682815990397403e-01
1.546175003051757812e+00,9.838724394673280527e-01
6.827279925346374512e-01,1.061632304231481916e+00
6.827279925346374512e-01,9.601079515029947720e-01
6.385620236396789551e-01,7.343722524198458279e-01
6.464239954948425293e-01,7.132233930216731466e-01
6.464239954948425293e-01,6.930161912346148867e-01
6.881093978881835938e-01,6.973289481057927119e-01
6.881093978881835938e-01,7.167647989684896581e-01
7.273989915847778320e-01,7.398645256910745260e-01
6.500350236892700195e-01,7.580958694991016822e-01
6.500350236892700195e-01,7.423174707220568935e-01
8.693690299987792969e-01,7.010128393595462803e-01
8.693690299987792969e-01,7.903427800979856421e-01
4.408580064773560125e-01,9.232442988136712048e-01
4.518609941005707342e-01,7.049401260121754831e-01
4.518609941005707342e-01,4.930570422102678041e-01
7.575070261955261230e-01,4.990599531013348855e-01
7.575070261955261230e-01,6.368976741702814248e-01
4.952389895915985107e-01,8.107214675658155345e-01
6.850870251655578613e-01,6.805792555364124086e-01
6.850870251655578613e-01,6.305279764165061529e-01
7.243813276290893555e-01,7.367798452788868468e-01
7.243813276290893555e-01,7.550225446584729605e-01
8.653740286827087402e-01,7.768923444950219803e-01
7.400469779968261719e-01,8.336310444590994129e-01
7.400469779968261719e-01,8.526581088171648615e-01
8.070759773254394531e-01,7.928890967986859106e-01
8.070759773254394531e-01,8.226253437191559659e-01
8.204330205917358398e-01,8.613663362746740715e-01
1.114411950111389160e+00,8.675364497142519227e-01
1.114411950111389160e+00,9.067520689840012915e-01
1.108605027198791504e+00,9.727447099318556889e-01
1.108605027198791504e+00,9.723801322474104891e-01
4.751499891281127930e-01,9.715638657207054107e-01
1.039268016815185547e+00,8.038684488768399472e-01
1.039268016815185547e+00,7.398002997645782841e-01
9.457899928092957653e-01,9.574939836726216180e-01
9.457899928092957653e-01,9.489283095870032492e-01
7.877500057220458984e-01,9.386125071716281409e-01
3.504549860954285223e-01,8.983075100530959478e-01
3.504549860954285223e-01,6.276302800056317022e-01
9.367713332176207386e-01,3.958935439707436665e-01
9.367713332176207386e-01,6.488180431659691383e-01
9.868059754371644177e-01,9.367961156571078529e-01
6.470239758491516113e-01,9.387758532239773857e-01
6.470239758491516113e-01,8.427986241377658505e-01
1.029777050018310325e+00,6.979410245173608418e-01
1.029777050018310325e+00,8.241390616837830363e-01
1.187446951866149902e+00,9.555723609771386018e-01
9.328820109367370605e-01,9.620702126515677799e-01
9.328820109367370605e-01,9.611604550892740573e-01
7.528370022773742676e-01,9.360130766106996569e-01
7.528370022773742676e-01,8.793844806330397557e-01
6.420040130615234375e-01,8.059515186713307466e-01
2.307340055704117099e-01,7.511859305441339618e-01
2.307340055704117099e-01,5.033335680772739185e-01
4.714997112751006525e-01,2.742451820990960409e-01
4.714997112751006525e-01,3.921840177769005953e-01
8.772729635238647461e-01,5.190531533139624010e-01
7.876309752464294434e-01,6.918026676995764346e-01
7.876309752464294434e-01,8.823776907563111171e-01
2.742219865322113037e-01,8.414959457539835652e-01
2.742219865322113037e-01,5.948810630677724420e-01
3.992269933223724920e-01,3.184143689041911696e-01
9.923512339591979980e-01,3.787408046966200259e-01
9.923512339591979980e-01,6.899559992101120809e-01
7.627239823341370739e-01,9.480048559702820565e-01
7.627239823341370739e-01,8.951888076929787053e-01
7.200859785079956055e-01,8.160503451130067809e-01
6.264780163764953613e-01,7.953284572300920452e-01
6.264780163764953613e-01,7.268907572286199548e-01
7.269890308380126953e-01,6.769831799324148580e-01
7.269890308380126953e-01,7.228499695742605091e-01
9.301019906997679554e-01,7.795549688670803112e-01
6.872699856758117676e-01,8.505486114662076380e-01
6.872699856758117676e-01,8.463555237695639111e-01
8.662552833557128906e-01,7.390077981384605144e-01
8.662552833557128906e-01,8.115219098529207198e-01
8.352038264274597168e-01,9.218519547128514180e-01
9.402499794960021973e-01,9.046675633083516299e-01
9.402499794960021973e-01,9.091818998842811084e-01
1.023357987403869629e+00,9.374966184800381797e-01
1.023357987403869629e+00,9.402153580050264248e-01
7.322630286216735840e-01,9.542732870062911044e-01
9.300749897956848145e-01,8.879318543676641973e-01
9.300749897956848145e-01,8.535518267844326434e-01
8.702930212020874023e-01,9.354480442186740019e-01
8.702930212020874023e-01,9.272625560616079010e-01
5.104020237922668457e-01,9.234315723335565496e-01
1.025817990303039551e+00,7.379631403895097197e-01
1.025817990303039551e+00,7.541418110569290123e-01
4.551239907741546076e-01,9.547710805497988673e-01
4.551239907741546076e-01,7.699849957309981008e-01
7.345349788665771484e-01,5.023815428388528348e-01
7.012919783592224121e-01,6.293215848616979802e-01
7.012919783592224121e-01,7.712754992212189631e-01
1.014386057853698730e+00,7.533200894432247052e-01
1.014386057853698730e+00,8.493242302061601023e-01
1.123770236968993919e+00,9.524583603698963952e-01
4.825370013713837225e-01,9.571717010164683126e-01
4.825370013713837225e-01,8.110728343233292170e-01
4.689320027828216553e-01,5.302915997112690460e-01
4.689320027828216553e-01,5.238693925844759569e-01
8.755196928977966309e-01,5.164388471620088295e-01
1.145424962043762207e+00,6.898296574932420988e-01
1.145424962043762207e+00,9.249758363599519528e-01
1.943787455558776855e+00,9.790577942576196291e-01
1.943787455558776855e+00,1.026153003167000310e+00
1.557039022445678711e+00,1.145402876348396326e+00
2.104775905609130859e+00,1.122696220744141549e+00
2.104775905609130859e+00,1.101931276581622710e+00
1.062240004539489524e+00,1.179847624562160302e+00
1.062240004539489524e+00,1.116397244505019870e+00
7.867829799652099609e-01,9.621493603560833385e-01
2.247971057891845703e+00,9.136591077427544949e-01
2.247971057891845703e+00,1.001167375014828442e+00
5.664669871330261230e-01,1.210742834868896001e+00
5.664669871330261230e-01,1.100138577106318571e+00
8.389729857444763184e-01,6.157966776135610498e-01
3.188189864158630371e-01,7.318319137564847088e-01
3.188189864158630371e-01,6.375776509588316765e-01
6.386680006980895996e-01,3.637323473717937738e-01
6.386680006980895996e-01,5.153438903837445073e-01
7.540266513824462891e-01,6.894169561663469059e-01
1.085826039314270020e+00,7.413950216117980441e-01
1.085826039314270020e+00,8.800558872472433736e-01
6.014299988746643066e-01,9.669354686650254438e-01
6.014299988746643066e-01,8.478512513182718813e-01
6.923220157623291016e-01,6.514395371796287693e-01
8.782439827919006348e-01,6.933649516961635229e-01
8.782439827919006348e-01,8.180404625364469107e-01
1.279224038124084473e+00,9.250301328597374528e-01
1.279224038124084473e+00,9.292934521425075811e-01
7.251669764518737793e-01,1.006421013268621101e+00
4.283109903335570734e-01,9.251539248656175385e-01
4.283109903335570734e-01,6.329747878060908439e-01
7.012249827384948730e-01,4.750906670013554933e-01
7.012249827384948730e-01,6.006819606766764519e-01
8.846225738525390625e-01,7.532517014757652563e-01
7.809653878211975098e-01,8.251160831014910935e-01
7.809653878211975098e-01,8.811095249646965222e-01
9.259700179100035511e-01,8.346855254312657291e-01
9.259700179100035511e-01,8.804726484485499993e-01
9.178640246391295276e-01,9.346219044716972402e-01
9.073020219802856445e-01,9.340585756886663482e-01
9.073020219802856445e-01,9.322117756210189787e-01
4.099450111389160156e-01,9.308672932127826094e-01
4.099450111389160156e-01,7.066378791858018982e-01
8.741459846496582031e-01,4.564020915459295336e-01
1.231343984603881836e+00,6.579893579394020531e-01
1.231343984603881836e+00,9.266189791082557470e-01
7.683960199356079102e-01,9.966054045622985136e-01
7.683960199356079102e-01,9.298047645906190040e-01
9.357339143753051758e-01,8.218444187029572134e-01
7.523270249366759144e-01,8.747591134912985344e-01
7.523270249366759144e-01,8.797910519918358263e-01
6.247839927673339844e-01,8.054306443365141233e-01
6.247839927673339844e-01,7.422738943232519704e-01
1.977947235107421653e+00,6.752554110566437728e-01
2.476479291915893555e+00,9.302404948470862633e-01
2.476479291915893555e+00,1.191245721833908311e+00
6.822599768638610840e-01,1.260551097367139439e+00
6.822599768638610840e-01,1.173516323257727478e+00
1.294077992439270020e+00,7.338946102813610484e-01
2.116506099700928178e+00,8.679267862812216627e-01
2.116506099700928178e+00,1.065612261145902906e+00
2.030230045318603516e+00,1.182369346544650757e+00
2.030230045318603516e+00,1.177245624787332856e+00
1.727593064308166504e+00,1.163859970607044714e+00
1.321619033813476562e+00,1.146580013563309741e+00
1.321619033813476562e+00,1.072879709825359740e+00
1.114274978637695090e+00,1.015134216270650036e+00
1.114274978637695090e+00,9.992192778003058384e-01
1.618482947349548340e+00,9.727168521746234475e-01
1.102354049682617188e+00,9.968404873400118493e-01
1.102354049682617188e+00,1.036981761818183578e+00
8.501269817352294922e-01,9.702931549601997441e-01
8.501269817352294922e-01,9.361009364359055285e-01
6.531813144683837891e-01,9.053740194886852333e-01
6.168276071548461914e-01,8.010651658706204881e-01
6.168276071548461914e-01,6.868977997077709841e-01
1.023204803466796875e+00,6.671409706239956883e-01
1.023204803466796875e+00,8.076943531319360492e-01
1.176781058311462402e+00,9.542422917829390672e-01
1.108754038810729980e+00,9.604828443043851305e-01
1.108754038810729980e+00,9.807196721857166510e-01
9.838110208511353649e-01,9.715941625597386277e-01
9.838110208511353649e-01,9.607141466553654752e-01
1.829927563667297363e+00,9.462802682127667842e-01
1.342131018638610840e+00,9.871947347722874744e-01
1.342131018638610840e+00,1.090207965233491283e+00
1.265669584274291992e+00,1.019357370691127196e+00
1.265669584274291992e+00,1.014339122896553036e+00
7.930377125740051270e-01,1.003639614506183664e+00
1.030689358711242898e+00,9.406462324762214777e-01
1.030689358711242898e+00,8.936528514996839867e-01
8.210232257843017578e-01,9.557570300305215927e-01
8.210232257843017578e-01,9.211569847607148365e-01
1.099169254302978294e+00,8.756213281039347818e-01
5.255355238914489746e-01,9.065576264247630078e-01
5.255355238914489746e-01,8.209963091608856178e-01
7.758393883705139160e-01,5.740870272385937279e-01
7.758393883705139160e-01,6.851921041712552007e-01
7.209759950637817383e-01,8.294484893644764600e-01
8.666771054267883301e-01,8.025102198576526957e-01
8.666771054267883301e-01,8.319507759105388978e-01
8.462041020393371582e-01,9.222716770662294783e-01
8.462041020393371582e-01,9.109007903645035542e-01
7.614132165908813477e-01,9.013631927238963115e-01
6.587246060371398926e-01,8.566070454667767953e-01
6.587246060371398926e-01,7.638639563803809596e-01
1.078659296035766602e+00,7.098783689685247422e-01
1.078659296035766602e+00,8.367186234199434081e-01
1.281940340995788574e+00,9.654805094389885545e-01
6.600005030632019043e-01,9.745045871898735390e-01
6.600005030632019043e-01,9.073311304909830177e-01
1.112500548362731934e+00,7.111801729499299674e-01
1.112500548362731934e+00,8.413885846630662080e-01
6.280704736709594727e-01,9.723559815437547993e-01
6.864575743675231934e-01,8.642774547429776799e-01
6.864575743675231934e-01,7.057282136045246457e-01
9.000409841537475586e-01,7.381786361141020603e-01
9.000409841537475586e-01,8.203905210489198518e-01
7.342569231986999512e-01,9.294079531530538008e-01
1.011121273040771706e+00,8.612514589800831510e-01
1.011121273040771706e+00,8.653453669029479434e-01
8.827599883079528809e-01,9.517981574308629344e-01
8.827599883079528809e-01,9.358846924824146818e-01
7.521411776542663574e-01,9.259369030914784693e-01
9.489411115646362305e-01,8.651858271137462530e-01
9.489411115646362305e-01,8.675784254513124738e-01
6.799052953720092773e-01,9.392473721354914762e-01
6.799052953720092773e-01,8.480787767204122085e-01
7.211565971374511719e-01,7.314915339805970751e-01
6.504104733467102051e-01,7.506392165415084472e-01
6.504104733467102051e-01,7.392724685590650324e-01
7.167106270790100098e-01,7.013958733473173446e-01
7.167106270790100098e-01,7.319622660424910388e-01
9.056316018104552112e-01,7.690605397211067729e-01
6.526464819908142090e-01,8.395483532751913947e-01
6.526464819908142090e-01,8.213345509940153111e-01
7.056654095649719238e-01,7.036770841361725815e-01
7.056654095649719238e-01,7.282601823686881692e-01
6.581057906150817871e-01,7.577845228624122687e-01
6.592794060707092285e-01,7.349155848841222305e-01
6.592794060707092285e-01,7.098013910841350915e-01
6.634064316749572754e-01,7.104444318773174283e-01
6.634064316749572754e-01,7.123922243223261841e-01
7.808002829551696777e-01,7.146553495127618838e-01
7.565907239913940430e-01,7.668155871911472854e-01
7.565907239913940430e-01,8.228166049771212798e-01
9.280405640602111816e-01,8.097855395653877908e-01
9.424405694007874645e-01,8.670474607189073701e-01
7.073829770088195801e-01,9.357982457732848536e-01
3.888399899005889893e-01,8.596341929814647065e-01
3.888399899005889893e-01,6.058267316182153195e-01
3.422417938709259033e-01,4.349311136415905943e-01
3.422417938709259033e-01,4.130910143393629608e-01
2.337300032377242764e-01,3.875429055173961190e-01
1.459127068519592563e-01,3.377847321477399634e-01
1.459127068519592563e-01,2.376629789924165070e-01
3.949534893035889227e-01,1.881572825375319169e-01
3.949534893035889227e-01,3.136261323716732496e-01
9.678409695625304066e-01,4.411500971963092099e-01
7.839220166206359863e-01,6.806092758771131734e-01
7.839220166206359863e-01,9.001667124111992768e-01
8.333759903907775879e-01,8.377063349177150675e-01
8.333759903907775879e-01,8.592803005850143672e-01
9.723259806632995605e-01,8.882484576068563342e-01
6.905210018157958984e-01,9.088906767414001164e-01
6.905210018157958984e-01,8.591628852574342279e-01
1.345324039459228294e+00,7.423259207274978122e-01
1.345324039459228294e+00,8.752401110990847277e-01
7.227010130882263184e-01,1.020015209518548183e+00
6.804850101470947266e-01,9.348258412733430056e-01
6.804850101470947266e-01,7.548511721394983720e-01
7.610610127449035645e-01,7.320831575301892657e-01
7.610610127449035645e-01,7.685798593258836853e-01
8.075709939002990723e-01,8.143516655398176374e-01
5.886639952659606934e-01,8.352414511965012833e-01
5.886639952659606934e-01,7.499503918457290919e-01
9.960750937461851917e-01,6.384236855251801401e-01
9.960750937461851917e-01,7.877596024081833237e-01
1.045413970947265625e+00,9.487571032152375405e-01
4.713059961795807440e-01,9.512014333987452996e-01
4.713059961795807440e-01,7.831109309622127368e-01
1.047140955924987793e+00,5.188559201383272645e-01
1.047140955924987793e+00,7.398032842706788736e-01
1.126214265823364480e+00,9.590887893257795671e-01
2.560461759567260742e+00,9.630174964025770556e-01
2.560461759567260742e+00,1.099893869006767222e+00
7.777400016784667969e-01,1.279014662365744570e+00
7.777400016784667969e-01,1.204264238092916495e+00
7.172060012817382812e-01,8.313902378806810045e-01
8.005080223083496094e-01,8.015710280402348342e-01
8.005080223083496094e-01,8.064438903619456367e-01
5.680390000343322754e-01,8.546542187778181088e-01
5.680390000343322754e-01,7.364203832439090158e-01
1.195780038833618164e+00,6.173989585984778206e-01
7.970449924468994141e-01,8.122318697855525071e-01
7.970449924468994141e-01,9.327596543986732547e-01
4.899359941482543945e-01,8.511153739793064776e-01
4.899359941482543945e-01,6.964710082810755543e-01
9.918130040168761097e-01,5.378262181871411585e-01
7.445690035820007324e-01,7.353915294411030867e-01
7.445690035820007324e-01,8.874837519640105254e-01
6.096370220184326172e-01,7.975072179750759549e-01
6.096370220184326172e-01,7.308469485683826150e-01
8.565919995307922363e-01,6.598081645283166985e-01
8.144299983978271484e-01,7.626630245421656129e-01
8.144299983978271484e-01,8.895400955854492198e-01
7.605929970741271973e-01,8.688823505779778023e-01
7.605929970741271973e-01,8.418617116473527950e-01
9.213209748268129662e-01,8.138736055535542580e-01
7.421634793281555176e-01,8.682547197069068190e-01
7.421634793281555176e-01,8.712781111331985295e-01
7.329360246658325195e-01,7.950505459707567502e-01
7.329360246658325195e-01,7.906621390837044183e-01
8.745691180229187012e-01,7.856275030050964281e-01
9.644910097122192383e-01,8.414610805098022839e-01
9.644910097122192383e-01,9.237350829562617216e-01
1.477671980857849121e+00,9.423819106374107246e-01
1.477671980857849121e+00,9.589013335500612412e-01
6.752679944038391113e-01,1.047385724892033521e+00
5.030400156974792480e-01,9.460146805701633577e-01
5.030400156974792480e-01,6.434488419189988706e-01
7.066659927368164062e-01,5.511719724759475136e-01
7.066659927368164062e-01,6.441792684169933558e-01
2.968195915222167969e+00,7.588059567900443669e-01
1.255300998687743919e+00,1.133434475218297433e+00
1.255300998687743919e+00,1.344804296475216487e+00
4.084815025329589844e+00,1.001513390701418871e+00
4.084815025329589844e+00,1.533197069355558551e+00
1.692322969436645508e+00,1.639094389359353698e+00
4.121052026748657227e-01,1.795273066768948933e+00
4.121052026748657227e-01,9.351304087698005807e-01
1.035750985145568848e+00,4.586000269536734675e-01
1.035750985145568848e+00,7.082364591786121100e-01
6.408920288085937500e-01,9.567817749309984743e-01
7.065470218658447266e-01,8.522760563594402594e-01
7.065470218658447266e-01,7.220246628690936141e-01
1.060830354690551758e+00,7.586845061343601149e-01
1.060830354690551758e+00,8.570538522216157862e-01
1.880954027175903542e+00,9.618635143483823535e-01
1.886373996734618919e+00,1.005978206952763410e+00
1.886373996734618919e+00,1.132377587211151448e+00
1.328773975372314453e+00,1.133192586670724866e+00
1.328773975372314453e+00,1.098300553177056660e+00
3.931840062141418457e-01,1.016606775447949751e+00
6.382430195808410645e-01,8.369599952026925971e-01
6.382430195808410645e-01,5.541393171020364550e-01
1.045531988143920898e+00,6.889834471853203413e-01
1.045531988143920898e+00,8.221994595808611583e-01
6.588029861450195312e-01,9.587628061973828553e-01
8.046740293502807617e-01,8.620433597614572951e-01
8.046740293502807617e-01,7.734395494016949035e-01
8.740410208702087402e-01,8.589116105432652581e-01
8.740410208702087402e-01,8.853634393946990810e-01
8.532550334930419922e-01,9.241859824207681040e-01
8.952109813690185547e-01,9.168808794826192043e-01
8.952109813690185547e-01,9.166595065356842875e-01
7.301589846611022949e-01,9.284375188035171034e-01
7.301589846611022949e-01,8.576287800363683322e-01
4.149410128593444824e-01,7.827917898604579428e-01
2.700940072536468506e-01,6.291918931552431538e-01
2.700940072536468506e-01,3.948614838616140710e-01
4.911319911479949951e-01,3.142208014971947239e-01
4.911319911479949951e-01,4.213706746289728189e-01
5.079169869422912598e-01,5.390441967841442805e-01
1.224020004272460938e+00,5.469672756681178694e-01
1.224020004272460938e+00,7.914555499836622987e-01
1.267657995223999023e+00,9.951062862107450391e-01
1.267657995223999023e+00,9.976912379908949857e-01
2.633487939834594727e+00,1.004047507574991949e+00
3.999615430831908736e+00,1.128920477737782591e+00
3.999615430831908736e+00,1.550742643696375156e+00
6.651418209075927734e+00,1.612877853082879787e+00
6.651418209075927734e+00,4.203927240366676088e+00
2.102678060531615767e+00,6.605212662411740432e+00
1.283689975738525391e+00,3.821092848744811921e+00
1.283689975738525391e+00,1.133004507417152640e+00
1.291347503662109375e+00,1.007337895578001907e+00
1.291347503662109375e+00,1.007809899722918567e+00
1.353754043579101562e+00,1.008910564525551612e+00
2.390191078186035156e+00,1.012616298629729350e+00
2.390191078186035156e+00,1.104507145550220226e+00
1.461441040039062500e+00,1.241669216685246768e+00
1.461441040039062500e+00,1.200720737503513380e+00
1.599208950996399148e+00,1.044018145386024665e+00
1.471150994300842507e+00,1.052375769478270717e+00
1.471150994300842507e+00,1.064594515451327217e+00
1.298205018043518066e+00,1.046032390354243891e+00
1.298205018043518066e+00,1.034412685621175942e+00
1.579622030258178711e+00,1.010319504029064674e+00
1.360355019569396973e+00,1.026165231397534017e+00
1.360355019569396973e+00,1.054191437305370682e+00
8.036410212516784668e-01,1.023113533107187445e+00
8.036410212516784668e-01,9.558783707412517039e-01
4.276689887046813965e-01,8.578559242921613981e-01
2.694070041179656982e-01,6.700051387753194199e-01
2.694070041179656982e-01,4.017144166096924818e-01
3.897170126438140869e-01,3.135229016536740243e-01
3.897170126438140869e-01,3.716026951787121391e-01
4.179170131683349609e-01,4.358232426087570444e-01
1.546036005020141602e+00,4.491695395215298814e-01
1.546036005020141602e+00,8.116991190699266445e-01
1.017611026763915794e+00,1.061603341684865143e+00
1.017611026763915794e+00,1.016804352988052829e+00
8.653150200843811035e-01,9.531106314914665756e-01
6.194109916687011719e-01,9.323771573533251589e-01
6.194109916687011719e-01,7.897778640389023774e-01
8.454149961471557617e-01,6.697755953106054871e-01
8.454149961471557617e-01,7.646881790664383782e-01
8.048596382141113281e-01,9.005564101978359437e-01
1.435889005661010742e+00,8.795892042355364371e-01
1.435889005661010742e+00,9.167957091866519859e-01
2.565752029418945312e+00,1.038722815985808623e+00
2.565752029418945312e+00,1.138147787918095455e+00
6.206179141998291016e+00,1.280180589679646541e+00
9.309499859809875488e-01,3.098696311281444515e+00
9.309499859809875488e-01,3.225407146352032850e+00
9.077759981155395508e-01,9.356241648489055374e-01
9.077759981155395508e-01,9.336962125316691230e-01
4.609797894954681952e-01,9.309625739744540329e-01
5.264570116996765137e-01,7.298036032937315065e-01
5.264570116996765137e-01,5.392380829310560175e-01
7.942249774932861328e-01,5.750258240728511883e-01
7.942249774932861328e-01,6.927996710467237973e-01
9.704009890556335449e-01,8.482337217255229156e-01
6.695889830589294434e-01,8.913143773577841822e-01
6.695889830589294434e-01,8.489271542063171472e-01
6.997730135917663574e-01,7.209639400412611865e-01
6.997730135917663574e-01,7.350671646122747260e-01
6.903669834136962891e-01,7.517695691315355866e-01
6.361600160598754883e-01,7.473063148485278306e-01
6.361600160598754883e-01,7.161245916378723431e-01
9.726700186729432263e-01,6.868586749623485366e-01
9.726700186729432263e-01,8.082431498213732413e-01
6.393389701843261719e-01,9.440317364588254323e-01
5.123779773712158203e-01,8.354139283448501763e-01
5.123779773712158203e-01,6.292076147310049494e-01
5.699130296707153320e-01,5.606833886690683055e-01
5.699130296707153320e-01,5.877418405410189672e-01
8.318089842796325684e-01,6.193091082830897154e-01
4.694110155105590265e-01,7.313189137687394759e-01
4.694110155105590265e-01,7.021769352167696043e-01
9.054309725761414684e-01,5.169265470991629696e-01
9.054309725761414684e-01,6.998091533067347658e-01
8.482750058174133301e-01,9.304911906972047619e-01
6.566630005836486816e-01,9.187292156871947890e-01
6.566630005836486816e-01,8.021194954309922576e-01
6.324055790901184082e-01,7.077749420676654468e-01
6.324055790901184082e-01,6.962406344227877186e-01
3.268550038337707520e-01,6.830290784336880971e-01
3.047409951686859131e-01,5.392610757946113553e-01
3.047409951686859131e-01,3.615173088119504330e-01
2.159480005502700806e-01,3.494243138741557342e-01
2.159480005502700806e-01,3.086933725875293799e-01
2.148479968309402466e-01,2.592324789902574755e-01
1.512310057878494540e-01,2.587139899387199682e-01
1.512310057878494540e-01,2.291087805221544427e-01
4.153338372707366943e-01,1.935525864033612320e-01
4.153338372707366943e-01,3.263828382809692563e-01
7.344200015068054199e-01,4.618851729743212453e-01
9.913370013236999512e-01,6.076326248076820979e-01
9.913370013236999512e-01,8.633533690810601957e-01
7.910000085830688477e-01,9.478000009341401855e-01
7.910000085830688477e-01,9.063184048173474894e-01
7.429170012474058948e-01,8.449383748950689554e-01
7.426548600196838379e-01,8.212466362293192601e-01
7.426548600196838379e-01,7.956961076910142872e-01
8.799139857292175293e-01,7.955523693454223944e-01
8.799139857292175293e-01,8.488007326224716875e-01
7.376829981803894043e-01,9.253654573196076205e-01
1.240342974662780762e+00,8.565694525524010228e-01
1.240342974662780762e+00,8.834236136206665702e-01
8.343409895896911621e-01,9.984482198895887617e-01
8.343409895896911621e-01,9.471997001346382783e-01
3.054729998111724854e-01,8.892349599251189174e-01
8.929460048675537109e-01,6.298187967710724422e-01
8.929460048675537109e-01,6.118633527523527071e-01
1.285866022109985352e+00,9.279825263246183065e-01
1.285866022109985352e+00,9.334732301839312463e-01
4.146400094032288153e-01,1.007784733530790788e+00
1.090137004852295144e+00,8.319717086125141270e-01
1.090137004852295144e+00,7.232172848014559730e-01
5.923830270767211914e-01,9.678109447449487757e-01
5.923830270767211914e-01,8.452712285361612121e-01
3.773260116577148993e-01,6.422153119666913490e-01
2.693597316741943803e+00,5.407447277788755002e-01
2.693597316741943803e+00,1.025365069123515660e+00
2.288666009902954102e+00,1.308460240652183915e+00
2.288666009902954102e+00,1.291244084595956965e+00
8.955270051956175648e-01,1.219567472454035295e+00
8.070570230484008789e-01,1.142480397731855390e+00
8.070570230484008789e-01,8.977983835853100558e-01
1.194862961769104004e+00,8.613469652624776707e-01
1.194862961769104004e+00,9.048897532166493285e-01
8.929409980773926891e-01,9.891443592077808766e-01
9.776080250740052380e-01,9.546361195610629791e-01
9.776080250740052380e-01,9.288831501898526799e-01
1.832507014274596724e+00,9.450281742617798741e-01
1.832507014274596724e+00,9.862221222441375224e-01
1.403792977333068848e+00,1.121771689753443324e+00
7.223749756813049316e-01,1.095024138654407064e+00
7.223749756813049316e-01,9.441413678077198446e-01
6.599410176277160645e-01,7.748437892787083392e-01
6.599410176277160645e-01,7.446035077572833449e-01
7.407349944114685059e-01,7.111194792562864908e-01
5.553659796714782715e-01,7.479857811878856122e-01
5.553659796714782715e-01,7.019417260242223344e-01
1.236768960952758789e+00,6.044827297928040410e-01
1.236768960952758789e+00,8.129053983572538389e-01
6.214020252227783203e-01,9.977162209025445261e-01
7.108730077743530273e-01,8.871476730600059701e-01
7.108730077743530273e-01,7.129043362303354447e-01
3.064779937267303467e-01,7.631007650360324135e-01
3.064779937267303467e-01,5.708422428619104316e-01
6.473349928855895996e-01,3.511895737205364409e-01
5.458269715309143066e-01,5.129381184368535518e-01
5.458269715309143066e-01,6.495408617958686737e-01
1.024247765541076882e+00,5.947618664992093684e-01
1.024247765541076882e+00,7.716849670020302643e-01
8.176820278167724609e-01,9.544533299412364391e-01
7.440620064735412598e-01,9.194535082719713648e-01
7.440620064735412598e-01,8.347956535376839238e-01
7.367150187492370605e-01,7.969894352958857286e-01
7.367150187492370605e-01,7.934988780090409533e-01
5.768560171127319336e-01,7.894864806323470541e-01
9.152600169181823730e-01,7.106180517723578172e-01
9.152600169181823730e-01,7.615506092723144382e-01
1.137029051780700906e+00,9.324673734493580390e-01
1.137029051780700906e+00,9.357578349181580046e-01
4.960080087184906006e-01,9.773476121332679289e-01
4.941360056400299072e-01,8.198840042168885622e-01
4.941360056400299072e-01,5.431260884766772046e-01
8.834533095359802246e-01,5.421034949361518418e-01
8.834533095359802246e-01,7.061376284151437144e-01
1.271524906158447266e+00,9.260761173790377221e-01
8.864369988441467285e-01,9.304479772406295535e-01
8.864369988441467285e-01,9.617017910292714467e-01
8.988280296325682484e-01,9.266752526156071257e-01
8.988280296325682484e-01,9.271715439056761321e-01
9.049779772758484997e-01,9.291642259116394964e-01
8.299319744110107422e-01,9.294998243092214008e-01
8.299319744110107422e-01,9.108550715208448834e-01
8.756300210952758789e-01,8.847277798090201761e-01
8.756300210952758789e-01,9.014162037819934969e-01
5.502920150756835938e-01,9.245051969958471005e-01
1.073919415473937988e+00,7.593998748015254874e-01
1.073919415473937988e+00,7.840156135905462786e-01
8.491920232772827148e-01,9.645185642467910547e-01
8.491920232772827148e-01,9.331836271395659299e-01
6.393229961395263672e-01,9.044180905031367068e-01
7.995309829711914062e-01,7.935400624838334638e-01
7.995309829711914062e-01,7.600024181795254075e-01
9.646000266075134277e-01,8.536557757044597183e-01
9.646000266075134277e-01,8.935291107313637626e-01
8.413559794425964355e-01,9.424038959222618139e-01
7.011449933052062988e-01,9.214342838707099137e-01
7.011449933052062988e-01,8.225440885396728685e-01
7.240070104598999023e-01,7.531700497168610786e-01
7.240070104598999023e-01,7.638560530955408323e-01
1.010308027267455833e+00,7.765101501467387424e-01
6.538060307502746582e-01,8.602023343324460836e-01
6.538060307502746582e-01,8.517848231903230038e-01
7.932850122451782227e-01,7.048600962637578959e-01
7.932850122451782227e-01,7.661210015921511296e-01
6.538396477699279785e-01,8.472732316064237601e-01
1.160789966583251953e+00,7.766805939821918026e-01
1.160789966583251953e+00,8.441083382619936071e-01
8.085789680480957031e-01,9.821896238958077729e-01
8.085789680480957031e-01,9.316120935967753258e-01
3.743770122528076172e-01,8.629023851561758995e-01
2.556999921798706055e-01,6.479673532077185882e-01
2.556999921798706055e-01,3.656515457826164384e-01
4.893150031566620428e-01,2.995996048540107148e-01
4.893150031566620428e-01,4.132524509993443784e-01
1.151844024658203125e+00,5.371938202455577294e-01
7.372779846191406250e-01,7.705906819348075087e-01
7.372779846191406250e-01,9.096686776274220954e-01
1.088750958442687988e+00,7.900613757718158991e-01
1.088750958442687988e+00,8.731564947372658647e-01
1.975852966308593306e+00,9.675294415217198241e-01
8.547700047492980957e-01,1.019528532720062941e+00
8.547700047492980957e-01,1.069356103870174879e+00
7.977370023727416992e-01,9.101212323937221127e-01
7.977370023727416992e-01,8.797220915274313047e-01
1.052428960800170898e+00,8.518225229893315875e-01
3.179450988769531250e+00,8.964128823617860675e-01
3.179450988769531250e+00,1.220968362315081768e+00
1.797067999839782715e+00,1.417799068223271730e+00
1.797067999839782715e+00,1.414155953043463754e+00
1.061478018760681152e+00,1.114276427241516654e+00
8.751260042190551758e-01,1.060048446922238874e+00
8.751260042190551758e-01,9.383053368629766799e-01
6.645399928092956543e-01,9.244039588755905701e-01
6.645399928092956543e-01,8.166126335884771326e-01
7.571684122085571289e-01,7.158119870919836814e-01
1.368484020233154297e+00,7.576937311118654428e-01
1.368484020233154297e+00,8.984153924838713667e-01
9.052469730377197266e-01,1.024790244469533373e+00
9.052469730377197266e-01,9.767308215945172956e-01
1.032060980796814187e+00,9.304542067333905209e-01
6.141330003738403320e-01,9.321649904106751316e-01
6.141330003738403320e-01,8.399086369253457862e-01
9.733130335807801403e-01,6.643929987357609646e-01
9.733130335807801403e-01,7.964623489349217378e-01
6.452289819717407227e-01,9.441614743458529579e-01
4.894390106201171875e-01,8.383378051330454550e-01
4.894390106201171875e-01,6.213038336697962460e-01
8.408679962158203125e-01,5.373201052439376957e-01
8.408679962158203125e-01,6.891464561753396501e-01
7.771940231323242188e-01,8.959076629964024541e-01
6.755350232124328613e-01,8.627916239521185027e-01
6.755350232124328613e-01,7.801337302556315967e-01
6.592059731483460583e-01,7.270316089741377663e-01
6.592059731483460583e-01,7.192743317728090835e-01
1.084153056144714355e+00,7.103695080075591584e-01
9.314100146293640137e-01,8.376329515380188662e-01
9.314100146293640137e-01,9.510033991173860723e-01
1.359479665756225586e+00,9.357167636251478848e-01
1.359479665756225586e+00,9.458932594550361062e-01
7.633988261222839355e-01,1.022933025598480095e+00
5.357339978218078613e-01,9.467637820390407688e-01
5.357339978218078613e-01,7.031738484215279694e-01
6.781889796257019043e-01,5.844776066367316503e-01
6.781889796257019043e-01,6.501169620184651388e-01
7.839810252189636230e-01,7.297399833353696019e-01
1.169367671012878418e+00,7.767737506886974730e-01
1.169367671012878418e+00,8.958917527056755592e-01
1.015287995338439941e+00,9.839391864958768608e-01
1.015287995338439941e+00,9.709284210491156974e-01
9.259430170059204102e-01,9.526407711569021552e-01
1.319244027137756348e+00,9.439440659055364780e-01
1.319244027137756348e+00,9.430510607976848592e-01
9.717460274696351208e-01,1.014645546506833140e+00
9.717460274696351208e-01,9.815991190486388351e-01
1.176299691200256348e+00,9.438453156599764249e-01
1.714609026908874290e+00,9.499127137924971986e-01
1.714609026908874290e+00,1.013908365115447907e+00
1.307337045669555664e+00,1.096893376351175897e+00
1.307337045669555664e+00,1.069823810997551972e+00
6.186890006065368652e-01,1.012196605101652658e+00
2.298435926437377930e+00,9.000092568642141799e-01
2.298435926437377930e+00,9.805654848689256964e-01
1.808241009712219460e+00,1.221689002062552598e+00
1.808241009712219460e+00,1.197342822015716512e+00
8.794149756431579590e-01,1.116637904718864815e+00
1.570945024490356445e+00,1.040184427963650293e+00
1.570945024490356445e+00,9.448067360396814607e-01
1.578516006469726562e+00,1.066797130921807391e+00
1.578516006469726562e+00,1.067266558558120026e+00
6.200309991836547852e-01,1.068377187196150935e+00
9.928810000419615589e-01,9.531248960822098493e-01
9.928810000419615589e-01,8.036513410379304556e-01
4.551869928836823065e-01,9.481118629698130906e-01
4.551869928836823065e-01,7.587846211810966857e-01
1.017398953437805176e+00,5.024456774613111909e-01
8.378469944000244141e-01,7.244796132782574949e-01
8.378469944000244141e-01,9.249682945157495784e-01
4.884769916534424383e-01,8.928191716903739472e-01
4.884769916534424383e-01,7.138673451057009345e-01
1.246340990066528320e+00,5.363404223269304660e-01
1.209630966186523438e+00,7.872276265530051553e-01
1.209630966186523438e+00,9.973057625463989107e-01
1.252451062202453613e+00,9.921628451789701320e-01
1.252451062202453613e+00,9.946919892353672799e-01
1.519726991653442383e+00,1.000929188249983781e+00
1.063797950744629128e+00,1.015474431145735768e+00
1.063797950744629128e+00,1.018884839412582011e+00
1.571495056152343750e+00,9.624653040973425444e-01
1.571495056152343750e+00,9.845647204275969067e-01
1.278105020523071289e+00,1.066911899543323106e+00
1.192077994346618874e+00,1.046778445407952951e+00
1.192077994346618874e+00,1.000358451972356288e+00
8.304439187049865723e-01,9.885754107435825722e-01
8.304439187049865723e-01,9.407051934936696558e-01
1.402015686035156250e+00,8.852511115927996777e-01
1.156504034996032715e+00,9.217833479251310580e-01
1.156504034996032715e+00,1.013398665929978959e+00
1.162554860115051270e+00,9.813157550658639927e-01
1.162554860115051270e+00,9.816872091154045243e-01
6.007519960403442383e-01,9.825495336062752827e-01
1.253835797309875710e+00,8.649330303201496761e-01
1.253835797309875710e+00,8.332732388908001830e-01
1.791844010353088379e+00,1.001213030486104438e+00
1.791844010353088379e+00,1.032177099087039363e+00
1.734062552452087402e+00,1.113172809017544784e+00
4.939970970153808594e+00,1.109622039579046149e+00
4.939970970153808594e+00,1.993400314941233820e+00
2.394351005554199219e+00,3.198055481807339451e+00
2.394351005554199219e+00,2.338650934510055901e+00
2.212575912475585938e+00,1.242577453520666841e+00
1.886527061462402344e+00,1.232663805898532638e+00
1.886527061462402344e+00,1.185560592711417671e+00
9.343829751014709473e-01,1.133225087967791422e+00
9.343829751014709473e-01,1.061380540800215044e+00
9.099829792976381615e-01,9.363152461002104410e-01
8.112999796867370605e-01,9.342894903920727634e-01
8.112999796867370605e-01,9.029352903558195420e-01
1.049708962440490723e+00,8.656833099522761588e-01
1.049708962440490723e+00,9.016811344417896557e-01
1.351788043975830078e+00,9.596091388658770649e-01
1.277305960655212402e+00,9.715708985383008089e-01
1.283630967140197754e+00,1.016479928394014909e+00
7.854449748992919922e-01,1.006417505800993206e+00
7.854449748992919922e-01,9.412027425486026999e-01
4.846229851245880127e-01,8.392623913925836288e-01
6.676359772682189941e-01,6.885862587189632844e-01
6.676359772682189941e-01,6.169904197251874223e-01
8.322510123252868652e-01,7.189710726512736905e-01
8.322510123252868652e-01,7.887127212566904522e-01
5.959370136260986328e-01,8.870984241462257502e-01
3.410890102386474609e-01,7.643748143283547458e-01
3.410890102386474609e-01,5.262158747627985189e-01
6.860110163688659668e-01,3.863708918375861057e-01
6.860110163688659668e-01,5.478147723437478689e-01
8.153510093688964844e-01,7.377228739573442606e-01
3.985430002212524969e-01,7.936019548181586503e-01
3.985430002212524969e-01,6.619581978958116730e-01
6.998159885406494141e-01,4.448017412296274564e-01
6.998159885406494141e-01,5.840399954009228844e-01
4.263690114021301270e-01,7.518134364965525229e-01
6.866139769554138184e-01,6.194255675611166634e-01
6.866139769554138184e-01,5.933431346873977441e-01
1.826770007610321045e-01,7.383382629063520719e-01
1.826770007610321045e-01,5.076045093784501416e-01
7.018824815750122070e-01,2.254604876853503470e-01
1.796682000160217507e+00,4.772139195896019648e-01
1.796682000160217507e+00,9.236369421750332265e-01
7.204269766807556152e-01,1.114194870163541573e+00
7.204269766807556152e-01,1.014923841483363010e+00
4.680640101432800293e-01,7.728548583573222608e-01
6.408870220184326172e-01,6.494549902404526120e-01
6.408870220184326172e-01,5.959496446488715682e-01
7.520520091056823730e-01,6.916805388319777759e-01
7.520520091056823730e-01,7.418490611886503494e-01
1.001817584037780762e+00,8.051497533054660094e-01
1.660804033279418945e+00,8.731796805083281710e-01
1.660804033279418945e+00,9.776758345792784244e-01
1.450595021247863770e+00,1.085593598535420146e+00
1.450595021247863770e+00,1.072226558795706053e+00
1.085010051727295144e+00,1.041769524700099758e+00
1.099555015563964844e+00,1.012241712314190689e+00
1.099555015563964844e+00,9.676394713565578121e-01
7.694180011749267578e-01,9.697243072240908646e-01
7.694180011749267578e-01,9.126980661118578864e-01
1.254430413246154785e+00,8.228884271747031187e-01
1.496320962905883789e+00,8.951963434520723295e-01
1.496320962905883789e+00,1.014550946572230661e+00
7.186369895935058594e-01,1.051258765321262612e+00
7.186369895935058594e-01,9.587896045684419777e-01
8.902019858360290527e-01,7.710272976775485176e-01
9.891759753227232776e-01,8.369793383355423888e-01
9.891759753227232776e-01,9.281231712561510694e-01
2.849014520645141602e+00,9.473635554143343684e-01
2.849014520645141602e+00,1.137543806841204708e+00
4.281075000762940341e+00,1.343109784249423733e+00
1.248739004135131836e+00,1.678317834904046180e+00
1.248739004135131836e+00,1.907021478514993040e+00
7.096589803695678711e-01,1.000168401591112310e+00
7.096589803695678711e-01,9.160980813362962216e-01
7.497439980506896973e-01,7.618613822425344129e-01
8.907449841499328613e-01,7.803732199685089466e-01
8.907449841499328613e-01,8.557839571260072997e-01
1.469527959823608398e+00,9.275404291989109984e-01
1.469527959823608398e+00,9.412042776265904243e-01
1.608888030052185059e+00,1.045695630056295400e+00
1.043460965156555176e+00,1.054165741569826453e+00
1.043460965156555176e+00,1.028909986744166893e+00
1.184751033782958984e+00,9.583432525354897979e-01
1.184751033782958984e+00,9.645365199089983577e-01
5.063725113868713379e-01,9.870789923045977243e-01
6.946156024932861328e-01,8.362844207526048956e-01
6.946156024932861328e-01,6.408638788942845332e-01
9.299110174179076038e-01,7.465052123434177123e-01
9.299110174179076038e-01,8.320114989915677883e-01
7.754629850387573242e-01,9.354150405601437956e-01
8.564696311950683594e-01,8.896556869607835649e-01
8.564696311950683594e-01,8.622157156941333556e-01
9.269009828567504883e-01,9.118589916694550546e-01
9.269009828567504883e-01,9.179514452539391245e-01
7.506660223007202148e-01,9.348092476875347057e-01
9.248849749565125622e-01,8.769058682909542934e-01
9.248849749565125622e-01,8.631609866984322199e-01
1.070162653923034890e+00,9.344035676298809712e-01
1.070162653923034890e+00,9.373474333617284326e-01
8.752880096435546875e-01,9.637563232078665276e-01
7.511039972305297852e-01,9.390902209507003828e-01
7.511039972305297852e-01,8.621161146752567284e-01
8.627579808235168457e-01,8.041814955286240574e-01
8.627579808235168457e-01,8.491541554847125139e-01
5.096570253372192383e-01,9.182874845981693346e-01
8.495249748229979359e-01,7.345213571958765231e-01
8.495249748229979359e-01,7.033686704345405438e-01
6.711369752883911133e-01,9.047585093310077653e-01
6.711369752883911133e-01,8.101450865598751605e-01
6.132180094718933105e-01,7.225435582898850351e-01
3.810549974441527765e-01,6.947752544928141871e-01
3.810549974441527765e-01,5.535616948268997639e-01
8.710420131683349609e-01,4.270124136149193728e-01
8.710420131683349609e-01,6.419202880982119996e-01
6.540319919586181641e-01,9.235827084033542134e-01
9.089673757553098365e-01,8.096710786799486970e-01
9.089673757553098365e-01,8.037636343814633655e-01
9.709029793739318848e-01,9.312020808440624187e-01
9.709029793739318848e-01,9.327823104659926923e-01
9.856920242309569202e-01,9.436752341229066587e-01
1.356256246566772461e+00,9.445108798826089558e-01
1.356256246566772461e+00,9.583186022548387806e-01
1.309872984886169434e+00,1.022268397678506746e+00
1.309872984886169434e+00,1.019303802429424755e+00
6.344919800758361816e-01,1.012718041586237794e+00
5.933508276939392090e-01,9.050602160154664899e-01
5.933508276939392090e-01,6.655667840967248727e-01
8.796380162239074707e-01,6.432020296931689751e-01
8.796380162239074707e-01,7.605033880337220831e-01
1.131836414337158203e+00,9.253100456043809041e-01
1.841274023056030495e+00,9.259437903912808299e-01
1.841274023056030495e+00,1.015257929297183503e+00
2.261745929718017578e+00,1.123628158029092994e+00
2.261745929718017578e+00,1.153861018194420440e+00
2.597975969314575195e+00,1.213727686039384412e+00
2.399192094802856445e+00,1.238762450596436970e+00
2.399192094802856445e+00,1.277072210014705611e+00
1.982298016548156516e+00,1.243634669785907088e+00
1.982298016548156516e+00,1.223364061391359003e+00
2.269547939300537109e+00,1.153614732018552802e+00
2.017889976501465288e+00,1.173559718995835111e+00
2.017889976501465288e+00,1.201760443035490677e+00
1.452262043952941895e+00,1.161219753796179033e+00
1.452262043952941895e+00,1.128719580316373428e+00
1.342797994613647683e+00,1.042115046963204339e+00
1.311915040016174316e+00,1.034988368851855745e+00
1.311915040016174316e+00,1.017539003968531919e+00
1.276762008666992188e+00,1.013137980189193543e+00
1.276762008666992188e+00,1.010895970164991553e+00
1.275267004966735840e+00,1.005915642958125078e+00
1.210446000099181907e+00,1.005822785020845878e+00
1.210446000099181907e+00,1.001316471446770162e+00
8.153480291366577148e-01,9.923295059664933859e-01
8.153480291366577148e-01,9.391720308713004117e-01
7.271119952201843262e-01,8.698206462119654203e-01
6.043019890785217285e-01,8.248527036782261623e-01
6.043019890785217285e-01,7.194642990928368231e-01
9.830358624458311878e-01,6.543679922626185474e-01
9.830358624458311878e-01,7.932669958894296158e-01
1.101529002189636230e+00,9.461237760534495500e-01
1.183724999427795410e+00,9.505603289266202349e-01
1.183724999427795410e+00,9.744720628648410043e-01
4.356400072574616034e-01,9.868694899194319081e-01
4.356400072574616034e-01,8.107429639999275128e-01
3.270040154457092285e-01,4.825494911752908900e-01
8.039849996566772461e-01,4.319763758815420296e-01
8.039849996566772461e-01,5.893932790995499715e-01
4.216859936714172918e-01,8.582074528916220357e-01
4.216859936714172918e-01,6.673898957938025900e-01
5.734559893608093262e-01,4.683488594737875710e-01
3.959457874298096258e-01,5.398622164808221102e-01
3.959457874298096258e-01,5.391473523489127562e-01
4.163750112056732178e-01,4.421595569416976734e-01
4.163750112056732178e-01,4.518203711441064474e-01
5.603970289230346680e-01,4.629445961329175518e-01
7.749050259590148926e-01,5.309194301001660676e-01
7.749050259590148926e-01,7.046685842390170151e-01
6.370840072631835938e-01,8.284939194922531502e-01
6.370840072631835938e-01,7.594538967983294198e-01
3.839260041713714600e-01,6.878011880701949687e-01
5.648739933967590332e-01,5.674712864690275582e-01
5.648739933967590332e-01,5.155884688653472603e-01
1.054715037345886230e+00,6.141730405744355581e-01
1.054715037345886230e+00,7.874596755506801937e-01
6.537709832191467285e-01,9.606237260522247912e-01
5.931029915809631348e-01,8.619748765369784627e-01
5.931029915809631348e-01,6.757941454626086308e-01
1.022608995437622070e+00,6.429493482354647904e-01
1.022608995437622070e+00,7.954510059534742883e-01
8.359869718551635742e-01,9.541217385964817499e-01
6.375340223312377930e-01,9.248966778789067256e-01
6.375340223312377930e-01,7.871735595543554176e-01
9.755985140800474964e-01,6.882602274602388492e-01
9.755985140800474964e-01,8.095764845010797739e-01
4.898079931735991877e-01,9.446226424653800802e-01
1.098647952079772949e+00,7.679312919173165719e-01
1.098647952079772949e+00,7.601722264059045386e-01
1.151165962219238503e+00,9.695399839846234880e-01
1.151165962219238503e+00,9.724549058540028490e-01
8.061249852180480957e-01,9.802276577726005691e-01
4.744769930839537464e-01,9.298403342116068337e-01
4.744769930839537464e-01,6.931736881058114808e-01
7.896029949188232422e-01,5.220845596891294793e-01
7.896029949188232422e-01,6.619710823281633738e-01
4.762530028820037842e-01,8.435109110705538704e-01
5.455229878425598145e-01,6.864875834864121451e-01
5.455229878425598145e-01,5.565300883627557482e-01
6.212809681892395020e-01,5.944521046179604973e-01
6.212809681892395020e-01,6.298677801626770822e-01
7.707700133323669434e-01,6.716827093945397786e-01
9.337069988250732422e-01,7.381841095439796163e-01
9.337069988250732422e-01,8.758077571658688942e-01
8.110550045967102051e-01,9.361791574758263623e-01
8.110550045967102051e-01,9.066703341491793022e-01
6.005529761314392090e-01,8.654329374147206044e-01
1.002521038055420144e+00,7.575123975440850588e-01
1.002521038055420144e+00,7.953301724329990829e-01
8.921650052070617676e-01,9.500596064129193108e-01
8.921650052070617676e-01,9.371520488439615271e-01
9.160850048065185547e-01,9.278256494169763169e-01
7.413420081138610840e-01,9.286047020410730379e-01
7.413420081138610840e-01,8.694780900443396243e-01
9.283249974250792347e-01,7.942116232271760889e-01
9.283249974250792347e-01,8.584216998457959713e-01
6.429409980773925781e-01,9.350958289356617881e-01
9.950090050697328881e-01,8.239370825869650750e-01
9.950090050697328881e-01,8.161649006320973454e-01
6.271365880966186523e-01,9.485417292156131941e-01
6.271365880966186523e-01,8.359387131437024943e-01
1.038689017295837402e+00,6.776548793596492981e-01
6.888009905815124512e-01,8.155769949605209401e-01
6.888009905815124512e-01,8.730308013298022640e-01
5.214130282402038574e-01,7.405703905502137863e-01
5.214130282402038574e-01,6.592837894709699942e-01
6.510270237922668457e-01,5.698872141128781266e-01
1.159701943397521973e+00,6.300165994113311463e-01
1.159701943397521973e+00,8.427984889378600242e-01
6.456400156021118164e-01,9.819677642603215073e-01
6.456400156021118164e-01,8.802812355518326859e-01
1.195862650871276855e+00,6.965291687732260151e-01
1.304703950881958008e+00,8.445107354689078694e-01
1.304703950881958008e+00,9.953666471834774487e-01
8.844429850578308105e-01,1.011655270105751736e+00
8.844429850578308105e-01,9.651857767142647537e-01
7.697709798812866211e-01,9.262748416669129847e-01
7.702100276947021484e-01,8.750941211748987092e-01
7.702100276947021484e-01,8.234566066487027935e-01
6.418280005455017090e-01,8.236975327807292135e-01
6.418280005455017090e-01,7.596066061010644521e-01
8.937159776687622070e-01,6.926404306048993265e-01
5.247250199317932129e-01,7.926149771024912916e-01
5.247250199317932129e-01,7.541214258322602726e-01
5.142210125923156738e-01,5.732613069549592488e-01
5.142210125923156738e-01,5.682988797517238844e-01
7.172748446464538574e-01,5.625607761597842815e-01
6.410769820213317871e-01,6.549436137779166556e-01
6.410769820213317871e-01,7.326542038489752828e-01
4.689820110797882635e-01,6.918743161321010415e-01
4.689820110797882635e-01,6.093662923781673069e-01
1.203750014305114746e+00,5.164897622698411128e-01
7.911959886550903320e-01,7.715623889566799454e-01
7.911959886550903320e-01,9.322205439276698424e-01
1.136301159858703613e+00,8.451386284390223214e-01
1.136301159858703613e+00,8.970679009860246245e-01
8.642929792404174805e-01,9.771993843001862690e-01
8.814030289649963379e-01,9.427348057261710768e-01
8.814030289649963379e-01,9.215129507179886659e-01
5.817409753799438477e-01,9.256644394660701325e-01
5.817409753799438477e-01,7.771144180759647080e-01
8.651199936866759144e-01,6.313659500699981830e-01
9.078124761581418678e-01,7.492981781569817423e-01
9.078124761581418678e-01,9.213658109169924337e-01
7.377740144729614258e-01,9.309699070528307807e-01
7.377740144729614258e-01,8.653594099496261238e-01
1.120375037193298340e+00,7.905679195113248792e-01
9.422479867935178444e-01,8.755603268349457791e-01
9.422479867935178444e-01,9.561131743932542726e-01
1.060060024261474609e+00,9.378990238260669354e-01
1.070600032806396484e+00,9.412299017189307282e-01
7.158420085906982422e-01,9.623406973163685096e-01
4.040209949016571045e-01,8.896056457989865995e-01
4.040209949016571045e-01,6.170443727564389746e-01
2.920779883861541748e-01,4.503748412473910778e-01
2.920779883861541748e-01,3.985443449626246970e-01
6.317924261093139648e-01,3.365563174503601873e-01
1.124665260314941406e+00,4.986272320104634947e-01
1.124665260314941406e+00,8.302319542463000301e-01
1.115690946578979492e+00,9.748306768897843089e-01
1.115690946578979492e+00,9.742639702834685611e-01
1.247418999671936035e+00,9.730048472844461394e-01
6.976169943809509277e-01,9.796403260675413671e-01
6.976169943809509277e-01,9.124054867449775674e-01
3.693974971771239790e+00,7.495688051396338647e-01
3.693974971771239790e+00,1.348760656319705431e+00
8.204839825630187988e-01,1.537316781658815579e+00
8.573070168495178223e-01,1.615604165058647013e+00
8.573070168495178223e-01,8.904045217936323864e-01
6.902359724044799805e-01,9.127151537369352363e-01
6.902359724044799805e-01,8.232175125895047074e-01
8.385969996452331543e-01,7.420350030090631099e-01
1.287726998329162598e+00,8.044214312508127795e-01
1.287726998329162598e+00,9.184251963906436833e-01
9.632229804992674671e-01,1.008166917035407728e+00
9.632229804992674671e-01,9.767256964656811924e-01
1.343299984931945801e+00,9.421261989162429407e-01
7.316169738769531250e-01,9.527794612131410545e-01
7.316169738769531250e-01,9.367170890270899442e-01
6.809219717979431152e-01,7.842805724286245894e-01
6.809219717979431152e-01,7.597598683812376574e-01
7.014784216880798340e-01,7.325290979865097807e-01
6.698030233383178711e-01,7.421648453152390745e-01
6.698030233383178711e-01,7.383593066311581188e-01
1.365643024444580078e+00,7.211823516098878617e-01
1.365643024444580078e+00,8.701473154370784613e-01
9.781420230865480736e-01,1.024204165635218100e+00
6.786789894104003906e-01,9.880149563666557055e-01
6.786789894104003906e-01,8.551191327721302526e-01
5.976330041885375977e-01,7.302400492911034213e-01
5.976330041885375977e-01,6.911951196234297212e-01
8.193774819374084473e-01,6.475680359338324976e-01
7.911109924316406250e-01,7.429342359779569360e-01
7.911109924316406250e-01,8.599779087309373793e-01
1.044147372245788574e+00,8.450517787645563939e-01
1.044147372245788574e+00,8.933950136736806824e-01
1.400015950202942117e+00,9.584823013713883455e-01
8.748620152473449707e-01,9.723676964488408014e-01
8.748620152473449707e-01,9.753733530534907104e-01
6.228179931640625000e-01,9.243509288844300453e-01
6.228179931640625000e-01,7.951868329039772920e-01
7.164059877395629883e-01,6.732502894084364531e-01
6.523500084877014160e-01,7.161445887657675868e-01
6.523500084877014160e-01,7.377523634228941862e-01
9.379299879074094459e-01,7.033746139791170471e-01
9.379299879074094459e-01,8.097672652812166749e-01
5.936999917030334473e-01,9.370294213028357300e-01
5.393440127372741699e-01,8.031577184670812830e-01
5.393440127372741699e-01,6.177313761529867886e-01
9.370089769363404431e-01,5.881559065585827417e-01
9.370089769363404431e-01,7.468898900464903123e-01
8.087720274925231934e-01,9.368439661367549132e-01
5.654280185699462891e-01,9.061602090625867634e-01
5.654280185699462891e-01,7.388179502669253162e-01
6.020820140838623047e-01,6.147377198584850211e-01
6.020820140838623047e-01,6.319640665689547632e-01
1.146679997444152832e+00,6.521043631055463141e-01
9.824249744415284313e-01,8.199590955201707665e-01
9.824249744415284313e-01,9.644708362875623608e-01
5.671510100364685059e-01,9.460004523129212917e-01
5.671510100364685059e-01,8.050051104431882321e-01
7.866399884223937988e-01,6.164938674681184061e-01
7.388439774513244629e-01,7.131067015514593876e-01
7.388439774513244629e-01,8.169860141641224205e-01
6.810299754142761230e-01,7.916605710512717442e-01
6.810299754142761230e-01,7.635828651004372691e-01
7.086979746818542480e-01,7.326393212257868992e-01
6.642330288887023926e-01,7.455666929630294648e-01
6.642330288887023926e-01,7.395076107873018723e-01
5.124790072441101074e-01,7.154987727135423414e-01
5.124790072441101074e-01,6.422929491957412029e-01
6.040380001068115234e-01,5.607863006306156306e-01
6.728799939155578613e-01,6.036485954710566482e-01
6.728799939155578613e-01,6.860800877913628693e-01
8.265414834022521973e-01,7.243222201017383011e-01
8.265414834022521973e-01,7.898322773685876319e-01
4.546860158443450928e-01,8.812619440937751181e-01
5.594509840011596680e-01,6.929179525376643056e-01
5.594509840011596680e-01,5.512681246937979340e-01
1.332218050956726074e-01,6.086459295349836429e-01
1.332218050956726074e-01,4.205729979609751923e-01
1.633069962263107300e-01,1.752839293939215670e-01
1.797860413789749146e-01,1.897564449206375348e-01
1.797860413789749146e-01,2.136467615081414639e-01
5.747918486595153809e-01,2.225265926390203319e-01
5.747918486595153809e-01,4.177842569222072755e-01
8.508148789405822754e-01,6.242821495187534930e-01
8.527640104293823242e-01,7.406266168867434718e-01
8.527640104293823242e-01,9.069929177564162170e-01
1.687628030776977539e+00,9.080702181449017418e-01
1.687628030776977539e+00,9.475912971203204194e-01
2.149522066116333008e+00,1.091222784073681673e+00
8.122850060462951660e-01,1.123648369157041360e+00
8.122850060462951660e-01,1.102200049731225429e+00
1.239639997482299805e+00,8.666900458516646477e-01
1.239639997482299805e+00,9.084146118378562118e-01
2.128437280654907227e+00,9.983042304841891479e-01
2.139239072799682617e+00,1.058723569229319539e+00
2.139239072799682617e+00,1.185602865435367637e+00
9.779880046844482422e-01,1.187261047849570428e+00
9.779880046844482422e-01,1.116077598006951499e+00
6.937779784202575684e-01,9.451048616904280664e-01
7.218790054321289062e-01,8.620256196485643896e-01
7.218790054321289062e-01,7.587586969190412978e-01
7.631160020828247070e-01,7.743373934539875547e-01
7.631160020828247070e-01,7.933047018858626620e-01
8.565329909324645996e-01,8.164507875318883778e-01
1.109338045120239258e+00,8.546265629322847834e-01
1.109338045120239258e+00,9.186225757084637289e-01
6.476340293884277344e-01,9.717129043874532801e-01
6.476340293884277344e-01,8.710387991195122082e-01
9.241870045661926270e-01,6.985633814063741953e-01
7.877320051193237305e-01,8.038817359973349230e-01
7.877320051193237305e-01,8.943657240895928062e-01
1.305567026138305664e+00,8.415991747314245375e-01
1.305567026138305664e+00,9.039465626973447465e-01
9.107710123062134899e-01,1.011832699967614602e+00
8.699640035629272461e-01,9.701116345649773987e-01
8.699640035629272461e-01,9.259596967159933190e-01
5.743020176887512207e-01,9.233650323972474316e-01
5.743020176887512207e-01,7.689762506040526135e-01
8.599532246589660645e-01,6.237828464214133506e-01
4.775849878787993830e-01,7.433643125571356425e-01
4.775849878787993830e-01,7.180921182729108621e-01
1.108017444610595703e+00,5.252491631638318559e-01
1.108017444610595703e+00,7.564453711234117028e-01
1.290724992752075195e+00,9.714444017081738103e-01
8.591579794883728027e-01,9.801362939665465568e-01
8.591579794883728027e-01,9.585408836169077018e-01
3.058980107307434082e-01,9.146075638734435520e-01
3.058980107307434082e-01,6.412027674864089200e-01
9.039019942283629261e-01,3.506001504671406588e-01
6.352750062942504883e-01,6.159324533788951284e-01
6.352750062942504883e-01,8.120226996549727572e-01
1.023422956466674805e+00,6.859559338259806349e-01
1.023422956466674805e+00,8.171493188822738230e-01
6.730669736862182617e-01,9.542864329214226782e-01
8.504790067672729492e-01,8.631969801694582278e-01
8.504790067672729492e-01,7.980866632719763043e-01
5.141969919204711914e-01,9.057339415314159536e-01
5.141969919204711914e-01,7.316034744583815863e-01
1.527956604957580566e+00,5.625363075182855388e-01
4.094385623931884766e+00,8.389782829788365870e-01
4.094385623931884766e+00,1.551561357246808104e+00
9.952359795570373535e-01,1.642860692758979502e+00
9.952359795570373535e-01,1.808275741359767874e+00
8.670449852943420410e-01,9.485875821016245268e-01
1.141056060791015625e+00,9.310552041833906056e-01
1.148532986640930176e+00,9.223938389907070379e-01
1.622257947921753152e+00,9.786251881053326107e-01
1.622257947921753152e+00,1.003299837520382765e+00
1.989787936210632102e+00,1.077519128813881233e+00
1.375547051429748313e+00,1.101887690310185963e+00
1.375547051429748313e+00,1.118940187865860469e+00
1.851865053176879883e+00,1.026247705629069307e+00
1.851865053176879883e+00,1.055620564790836546e+00
1.420923948287964089e+00,1.125872074580291704e+00
1.589177966117858887e+00,1.099256866620855977e+00
1.589177966117858887e+00,1.045704296927982391e+00
1.673199415206909180e+00,1.070603456659926955e+00
1.673199415206909180e+00,1.075810378067897144e+00
2.123934030532836914e+00,1.088193806057472512e+00
1.648401975631714089e+00,1.119544523965656069e+00
1.648401975631714089e+00,1.158244694080276416e+00
1.204741954803466797e+00,1.082993781334901984e+00
1.204741954803466797e+00,1.051428670249874076e+00
7.920839786529541016e-01,9.911632846292435239e-01
1.227027416229248047e+00,9.325778518093537084e-01
1.227027416229248047e+00,9.013189850215198584e-01
1.226951003074645996e+00,9.957217874924741974e-01
1.226951003074645996e+00,9.957170480588277695e-01
1.131343960762024148e+00,9.957061473768263893e-01
1.252465009689331055e+00,9.889525121031925714e-01
1.252465009689331055e+00,9.824713726261384839e-01
1.116891980171203613e+00,1.000932047088020305e+00
1.116891980171203613e+00,9.909309603223916962e-01
1.122387051582336426e+00,9.732491447226028214e-01
1.040153026580810325e+00,9.735859735254007719e-01
1.040153026580810325e+00,9.681785020012770859e-01
8.091310262680053711e-01,9.576732229300346511e-01
8.091310262680053711e-01,9.183947423527324405e-01
7.681059837341308594e-01,8.634665922439759278e-01
7.982919812202453613e-01,8.431295673037972893e-01
7.982919812202453613e-01,8.353613055354719430e-01
7.666722536087036133e-01,8.523896470137442005e-01
7.666722536087036133e-01,8.369224811630967542e-01
1.057360053062439187e+00,8.200835261757387640e-01
8.607699871063232422e-01,8.837332037134374429e-01
8.607699871063232422e-01,9.345875244073206245e-01
1.070777058601379395e+00,9.162555419324817096e-01
1.070777058601379395e+00,9.194639686951996405e-01
5.301510095596313477e-01,9.638809738897142765e-01
6.604189872741699219e-01,8.150037144864714644e-01
6.604189872741699219e-01,6.390971405462826382e-01
9.909179806709291771e-01,7.116071584822117879e-01
9.909179806709291771e-01,8.246785887510637014e-01
3.561530113220214844e-01,9.477153704389892352e-01
9.618239998817443848e-01,7.165125129863524345e-01
9.618239998817443848e-01,6.596413279998900592e-01
1.244829058647155762e+00,9.418441007114151109e-01
1.244829058647155762e+00,9.493511270880334862e-01
8.381230235099792480e-01,9.993672294879423212e-01
9.245989918708800159e-01,9.485814899546122225e-01
9.245989918708800159e-01,9.101840596147323659e-01
8.131660223007202148e-01,9.343460231387342718e-01
8.131660223007202148e-01,9.062501500250649267e-01
1.003061056137084961e+00,8.675904885457057514e-01
8.752340078353881836e-01,9.011623688410645983e-01
8.752340078353881836e-01,9.335951672130762269e-01
7.991399765014648438e-01,9.244256536508241862e-01
7.991399765014648438e-01,8.879374625677910471e-01
8.812961578369140625e-01,8.532562065883105840e-01
1.063080191612243652e+00,8.836555392599355629e-01
1.063080191612243652e+00,9.256806564087142197e-01
9.057049751281739391e-01,9.623197426598291138e-01
9.057049751281739391e-01,9.447030930631800105e-01
6.909559965133666992e-01,9.305462659788419355e-01
1.355970025062561035e+00,8.407659916374424780e-01
1.355970025062561035e+00,8.763081334406621625e-01
7.572399973869323730e-01,1.022209388255712392e+00
7.572399973869323730e-01,9.448084591744531080e-01
2.043754577636718750e+00,8.104487184200969141e-01
8.576130270957946777e-01,9.664742971587219067e-01
8.576130270957946777e-01,1.083779424206127828e+00
2.364957094192504883e+00,9.130280225662148474e-01
2.364957094192504883e+00,1.030935196469220383e+00
4.179231166839600498e+00,1.236164327640831173e+00
2.233561992645264116e+00,1.619424837167555919e+00
2.233561992645264116e+00,1.828331939118037930e+00
8.013390302658081055e-01,1.207622977984424750e+00
8.013390302658081055e-01,1.120802221390801101e+00
8.372840285301208496e-01,8.555034399001200107e-01
8.851529955863952637e-01,8.713020826628828930e-01
8.851529955863952637e-01,9.074829741856281773e-01
9.040349721908567115e-01,9.264174133952206569e-01
9.040349721908567115e-01,9.269964138345100357e-01
1.302939534187317117e+00,9.302106033981691890e-01
7.228699922561645508e-01,9.369583335325319950e-01
7.228699922561645508e-01,9.282122424622664125e-01
8.009120225906372070e-01,7.753492141782342140e-01
8.009120225906372070e-01,8.099598554151504759e-01
1.032919287681579590e+00,8.550670725409129647e-01
1.321628212928771973e+00,8.970179237358899549e-01
1.321628212928771973e+00,9.670867496230035609e-01
9.367759823799133301e-01,1.015136105046799075e+00
9.367759823799133301e-01,9.764108823772778001e-01
7.007700204849243164e-01,9.367970517777360895e-01
7.624319791793823242e-01,8.548917739348211864e-01
7.624319791793823242e-01,7.808897213502007384e-01
1.144938945770263672e+00,8.157520693135462686e-01
1.144938945770263672e+00,8.867643144625362295e-01
7.721610069274902344e-01,9.789587744174825801e-01
8.772150278091430664e-01,9.194319119977403254e-01
8.772150278091430664e-01,8.661048062076629472e-01
1.243505001068115234e+00,9.248235137739801992e-01
1.254974961280822754e+00,9.278414700709181062e-01
6.381840109825134277e-01,9.997991065166662583e-01
7.468199729919433594e-01,8.958926788838177391e-01
7.468199729919433594e-01,7.380783078949975096e-01
6.839929819107055664e-01,7.998061086035709311e-01
6.839929819107055664e-01,7.691766928875199971e-01
1.419505119323730469e+00,7.356632734654736661e-01
6.141470074653625488e-01,8.797400613693021620e-01
6.141470074653625488e-01,9.204518931199133780e-01
7.347676753997802734e-01,6.644072830154010845e-01
7.347676753997802734e-01,7.191312378636597336e-01
6.770560145378112793e-01,7.874979008522432489e-01
1.074026942253112793e+00,7.594998916748901818e-01
1.074026942253112793e+00,8.447399359988814194e-01
6.156389713287353516e-01,9.645403836436123868e-01
6.156389713287353516e-01,8.507868338218160797e-01
9.692379832267760120e-01,6.659287843541432661e-01
9.916120171546937145e-01,7.963954339573092733e-01
9.916120171546937145e-01,9.445433588718825657e-01
8.089560270309448242e-01,9.478555475589331980e-01
8.089560270309448242e-01,9.130226872129154625e-01
2.435143947601318359e+00,8.632877415150154166e-01
8.223479986190795898e-01,1.035155699152926490e+00
8.223479986190795898e-01,1.173288738807516829e+00
5.938220024108886719e-01,8.769754448760480603e-01
5.938220024108886719e-01,7.590547198870915002e-01
5.762249827384948730e-01,6.436824180906201009e-01
4.224239885807036798e-01,6.353497174882459797e-01
4.224239885807036798e-01,5.529474528520272880e-01
6.765879988670349121e-01,4.690998418135969850e-01
6.765879988670349121e-01,5.868472565730810109e-01
5.520349740982055664e-01,7.281061657156508993e-01
9.015229940414427601e-01,6.678839122339714773e-01
9.015229940414427601e-01,7.437264329849894162e-01
7.489960193634033203e-01,9.297057647226899535e-01
7.489960193634033203e-01,8.693251634377763271e-01
8.627583980560302734e-01,8.020285360189527424e-01
9.480749964714051403e-01,8.478626574242453806e-01
9.480749964714051403e-01,9.200458218882762162e-01
1.055613875389099121e+00,9.390728621772844731e-01
1.055613875389099121e+00,9.424201506271866480e-01
1.970020055770874245e+00,9.608059250372656956e-01
9.391199946403505638e-01,1.013257639650916753e+00
9.391199946403505638e-01,1.077775010848607717e+00
1.009042978286743164e+00,9.372690558261257410e-01
1.009042978286743164e+00,9.397200724648562264e-01
7.824029922485351562e-01,9.513779493597784853e-01
1.016265034675597922e+00,9.053955899057958279e-01
1.016265034675597922e+00,8.883688743778701546e-01
8.782749772071838379e-01,9.528383812909942963e-01
8.782749772071838379e-01,9.353047363877829978e-01
7.353619933128356934e-01,9.250363564906683989e-01
1.109990954399108887e+00,8.547782829877030863e-01
1.109990954399108887e+00,8.738515786476611646e-01
7.727199792861938477e-01,9.718456603969024554e-01
7.727199792861938477e-01,9.151010418706719829e-01
1.164981961250305176e+00,8.262616555629483939e-01
7.157210111618041992e-01,8.916289071640045583e-01
7.157210111618041992e-01,9.047913490499992495e-01
1.475479006767273171e+00,7.680501882016491644e-01
1.475479006767273171e+00,8.943769573625586222e-01
8.354520201683044434e-01,1.046930550502541246e+00
7.344660162925720215e-01,9.786871212215052518e-01
7.344660162925720215e-01,8.376866940022978936e-01
7.861927747726440430e-01,7.871898577568288147e-01
7.861927747726440430e-01,8.106396848040351433e-01
1.143465042114257812e+00,8.400264527173701978e-01
9.246990084648131214e-01,8.955446700106772795e-01
9.246990084648131214e-01,9.554282475450767143e-01
2.958764553070068359e+00,9.343661480143227172e-01
2.958764553070068359e+00,1.154860475794317942e+00
2.138324022293090820e+00,1.367760232693635558e+00
2.038712024688720703e+00,1.349355802974771423e+00
4.077424049377441406e+00,1.181191631673425002e+00
1.480209946632385254e+00,1.565875337926142308e+00
1.480209946632385254e+00,1.795755045814211304e+00
9.367650747299195446e-01,1.047912575417218717e+00
1.715939760208130105e+00,9.964489944676406807e-01
1.715939760208130105e+00,9.682642440041366871e-01
1.001402020454406738e+00,1.097173276054001612e+00
1.001402020454406738e+00,1.040075060363089499e+00
8.896229863166807972e-01,9.498334574409088571e-01
7.492939829826354980e-01,9.365601231609561594e-01
7.492939829826354980e-01,8.658858916417657703e-01
1.115183949470520020e+00,8.023328547419003032e-01
1.115183949470520020e+00,8.799077228294102104e-01
9.457820057868957520e-01,9.729017260002603695e-01
6.452180147171020508e-01,9.561615517867401159e-01
6.452180147171020508e-01,8.304317991125677034e-01
1.164842009544372559e+00,6.960986662641021061e-01
1.164842009544372559e+00,8.409127985593974897e-01
1.244351029396057129e+00,9.830159987214025508e-01
9.045109748840330921e-01,9.874471695060627052e-01
9.045109748840330921e-01,9.620844048767721590e-01
5.575259923934936523e-01,9.303062745653747356e-01
5.575259923934936523e-01,7.739796354630460451e-01
5.778343677520751953e-01,6.066840659029124616e-01
7.199835777282714844e-01,6.162543349413203142e-01
7.199835777282714844e-01,6.920693082162043819e-01
7.607790231704711914e-01,7.724021486208112464e-01
7.607790231704711914e-01,7.911830404497671720e-01
5.404400229454039417e-01,8.140636237492161476e-01
8.009672760963441052e-01,7.042483156251722054e-01
8.009672760963441052e-01,7.032733661017300797e-01
7.710149884223937988e-01,8.551235370453553752e-01
7.710149884223937988e-01,8.404727369611708632e-01
6.709719896316528320e-01,8.245198588180469024e-01
2.768970489501953125e+00,7.747952715676523772e-01
2.768970489501953125e+00,1.082246407212552608e+00
3.086133003234863725e+00,1.325226919715176477e+00
3.086133003234863725e+00,1.350410928207467665e+00
1.116358041763305664e+00,1.396561539206660818e+00
1.018260955810546875e+00,1.380334658448836738e+00
1.024410009384155273e+00,9.653661567856417491e-01
7.442610263824462891e-01,9.536140121640702683e-01
7.442610263824462891e-01,8.929104858419567581e-01
1.114386796951293945e+00,7.971926886929913136e-01
1.380516409873962402e+00,8.778135056387480484e-01
1.380516409873962402e+00,9.850196510245051718e-01
1.229098439216613770e+00,1.027273481452419590e+00
1.229098439216613770e+00,1.016821265362143123e+00
1.573238968849181907e+00,9.961457065806719191e-01
1.245597958564758301e+00,1.014508913592114592e+00
1.245597958564758301e+00,1.044336617309864268e+00
8.298619985580444336e-01,9.995247679483825198e-01
8.298619985580444336e-01,9.468074536319759371e-01
5.376980304718017578e-01,8.846562476612125359e-01
8.593800067901611328e-01,7.342990852189880124e-01
8.593800067901611328e-01,7.223991000149674324e-01
7.949647903442382812e-01,9.148345548089349411e-01
7.949647903442382812e-01,8.800363154443560099e-01
8.122889995574951172e-01,8.489896960078294752e-01
1.209460973739624023e+00,8.569759928071322141e-01
1.209460973739624023e+00,9.071797898667242066e-01
1.043611049652099609e+00,9.921280855332962334e-01
1.043611049652099609e+00,9.785930588801120544e-01
9.914460182189940296e-01,9.583736554236838012e-01
1.377645969390869141e+00,9.544295214568633279e-01
1.377645969390869141e+00,9.604020832414079667e-01
7.495359778404235840e-01,1.026680929827289424e+00
7.495359778404235840e-01,9.463062914660446134e-01
7.549669742584228516e-01,8.025800117204300310e-01
8.522210121154785156e-01,8.051379681613053396e-01
8.522210121154785156e-01,8.482454666402625687e-01
1.312628030776977539e+00,9.075150339345096073e-01
1.312628030776977539e+00,9.233790742493341863e-01
9.499999880790709339e-01,1.013284614564624819e+00
8.433979749679565430e-01,9.774985155569766437e-01
8.433979749679565430e-01,9.208626121448693080e-01
6.329939961433410645e-01,8.984942308376191455e-01
6.329939961433410645e-01,7.879210486650066736e-01
6.848490238189697266e-01,6.836292643035807304e-01
8.296039700508117676e-01,7.077565003500082552e-01
8.296039700508117676e-01,7.980701295013982177e-01
1.117776036262512207e+00,8.843924809419843047e-01
1.117776036262512207e+00,9.099873735272239195e-01
1.060515046119689941e+00,9.734289776136242356e-01
9.966710209846496582e-01,9.693732308439693135e-01
9.966710209846496582e-01,9.568751294693180753e-01
6.726049780845642090e-01,9.488774996430286990e-01
6.726049780845642090e-01,8.568622951182853775e-01
8.499810099601745605e-01,7.240415781389516470e-01
7.929700016975402832e-01,7.976489402077101554e-01
7.929700016975402832e-01,8.751681119893180982e-01
7.509549856185913086e-01,8.469513447999238442e-01
7.509549856185913086e-01,8.263029956413062704e-01
9.556260704994201660e-01,8.040293025305024210e-01
6.085839867591857910e-01,8.677984576833578378e-01
6.085839867591857910e-01,8.159251750627858346e-01
7.782499790191650391e-01,6.587343510272671843e-01
7.782499790191650391e-01,7.337866051813821677e-01
5.098140239715576172e-01,8.319112597124234121e-01
6.364319920539855957e-01,6.974499456915219664e-01
6.364319920539855957e-01,6.169895513327935399e-01
6.015599966049194336e-01,6.871361018514370311e-01
6.015599966049194336e-01,6.705443603363155924e-01
6.556333899497985840e-01,6.515720887026886787e-01
6.385549902915954590e-01,6.768124535669793884e-01
6.385549902915954590e-01,6.986178298393467268e-01
8.762890100479125977e-01,6.893016778407273781e-01
8.762890100479125977e-01,7.856832445496108042e-01
7.967479825019836426e-01,9.246375495706486980e-01
6.824830174446105957e-01,8.869822408190983776e-01
6.824830174446105957e-01,7.930361949885189610e-01
8.025500178337097168e-01,7.341222382024225057e-01
8.025500178337097168e-01,7.866536338456504573e-01
7.950311899185180664e-01,8.567409826106138215e-01
1.584897041320800781e+00,8.531452182409757778e-01
1.584897041320800781e+00,9.251764562990241192e-01
1.017485976219177246e+00,1.069709419861473165e+00
1.017485976219177246e+00,1.022268184003075842e+00
9.177780151367187500e-01,9.530853369804977993e-01
1.230221033096313699e+00,9.428960517851938672e-01
1.230221033096313699e+00,9.382905419777618494e-01
1.027899026870727539e+00,9.963755117101082970e-01
1.027899026870727539e+00,9.791468847358312244e-01
9.125559926033020020e-01,9.551922424993242178e-01
7.935979962348937988e-01,9.429294114827796447e-01
7.935979962348937988e-01,8.948248785102480563e-01
1.030437946319579856e+00,8.475930487322187457e-01
1.030437946319579856e+00,8.938790224961888908e-01
5.325379967689514160e-01,9.557061383132511301e-01
6.127780079841613770e-01,8.043159781084409099e-01
6.127780079841613770e-01,6.187605155586364258e-01
8.741289973258972168e-01,6.630112028083667841e-01
8.741289973258972168e-01,7.700177547858568783e-01
3.667230010032653809e-01,9.242036599827567755e-01
7.391750216484069824e-01,6.737586369688198795e-01
7.391750216484069824e-01,5.837722658782675822e-01
5.604230165481567383e-01,7.919986376819940777e-01
5.604230165481567383e-01,7.036796544954767585e-01
7.758178114891052246e-01,6.096365968239741973e-01
8.102909922599792480e-01,7.050417135535713697e-01
8.102909922599792480e-01,8.450361030344301083e-01
6.437510251998901367e-01,8.646520962061918780e-01
6.437510251998901367e-01,7.792452051113285538e-01
7.236457467079162598e-01,6.946021385981998586e-01
9.113870263099670410e-01,7.312509091594309174e-01
9.113870263099670410e-01,8.448979909642576613e-01
6.627830266952514648e-01,9.316885599929290995e-01
6.627830266952514648e-01,8.283450696383751755e-01
1.002035975456237793e+00,7.140192598260224344e-01
8.224419951438903809e-01,8.277882526746300762e-01
8.224419951438903809e-01,9.187504744765058184e-01
1.030576944351196289e+00,8.770715241794601047e-01
1.030576944351196289e+00,9.055296691098343453e-01
6.781139969825744629e-01,9.557342746592404348e-01
5.333459973335266113e-01,8.668938101650239814e-01
5.333459973335266113e-01,6.595865395628013328e-01
3.209959864616394043e-01,5.820445177620394706e-01
3.209959864616394043e-01,4.832827706011651459e-01
7.608630061149597168e-01,3.659451226098905385e-01
7.439860105514526367e-01,5.691165461652964996e-01
7.439860105514526367e-01,8.060682931108351656e-01
5.468400120735168457e-01,7.969118229317860846e-01
5.468400120735168457e-01,6.993157620991233836e-01
7.004669904708862305e-01,5.957941707617491200e-01
8.356525897979736328e-01,6.661061632700118196e-01
8.356525897979736328e-01,8.095627165118066682e-01
1.274258971214294434e+00,8.905758023847714089e-01
2.548517942428588867e+00,9.169994033771330377e-01
8.934450149536132812e-01,1.116393977666402693e+00
6.211659908294677734e-01,1.208572484890711785e+00
6.211659908294677734e-01,8.012504889213749593e-01
7.900159955024719238e-01,6.715654474441208333e-01
7.900159955024719238e-01,7.457122662938078239e-01
1.067494988441467285e+00,8.439329113608133870e-01
6.698009967803955078e-01,8.938881957578892479e-01
6.698009967803955078e-01,8.711498064839481303e-01
1.265694975852966309e+00,7.211802836616509893e-01
1.265694975852966309e+00,8.608515548071692391e-01
6.380620002746582031e-01,1.003644822925506608e+00
9.348030090332032360e-01,8.978602891489828597e-01
9.348030090332032360e-01,8.009981076866048433e-01
8.006410002708435059e-01,9.363998106114017617e-01
8.006410002708435059e-01,9.022537988906530471e-01
1.085708975791931152e+00,8.547901106875154253e-01
3.527039885520935059e-01,8.986957407340523396e-01
3.527039885520935059e-01,7.493673922567312129e-01
5.883709788322448730e-01,3.981803172390975254e-01
5.883709788322448730e-01,5.099649421705801933e-01
4.875420033931731623e-01,6.381249561834826389e-01
4.636880159378051758e-01,5.901860600067875273e-01
4.636880159378051758e-01,5.241294599212327210e-01
3.637039959430695135e-01,5.110999283313715225e-01
3.637039959430695135e-01,4.643122094410128131e-01
8.750243186950683594e-01,4.093658950478888392e-01
6.435279846191406250e-01,6.344546931113845822e-01
6.435279846191406250e-01,8.057849786134194670e-01
4.834130108356475830e-01,6.943746091970393053e-01
4.834130108356475830e-01,6.175308721839958270e-01
2.120890021324157437e-01,5.311836340977625914e-01
4.560469985008239746e-01,4.087468445599342637e-01
4.560469985008239746e-01,3.754766498649070861e-01
4.367910027503966730e-01,5.033211468887323070e-01
4.367910027503966730e-01,4.942393516516600527e-01
7.238804101943969727e-01,4.837209280868222105e-01
5.560690164566040039e-01,6.148697581808518775e-01
5.560690164566040039e-01,6.939600839546963273e-01
4.748429954051970880e-01,6.051992105932455512e-01
4.748429954051970880e-01,5.667269556345021497e-01
2.674640119075775146e-01,5.224572226137069730e-01
9.588437080383298561e-01,4.273321267277100932e-01
9.588437080383298561e-01,6.165764297925753201e-01
7.868980169296264648e-01,9.412432125507160796e-01
7.868980169296264648e-01,9.000420536810502803e-01
1.794360995292663352e+00,8.407470366953523344e-01
1.337677955627441406e+00,9.428403503309731315e-01
1.337677955627441406e+00,1.084301963679153102e+00
1.210453987121582031e+00,1.018440129494220914e+00
1.210453987121582031e+00,1.009666595888248697e+00
5.654799938201904297e-01,9.923311392166521694e-01
4.008429944515228271e-01,8.631262964477777189e-01
4.008429944515228271e-01,5.371114423921254932e-01
2.727654874324798584e-01,4.471416247625903950e-01
2.727654874324798584e-01,3.881213955492970324e-01
5.836449861526489258e-01,3.169347057730863559e-01
8.533802628517150879e-01,4.667489479856198331e-01
8.533802628517150879e-01,7.465678938083512017e-01
8.660610318183898926e-01,9.087003010427863181e-01
8.660610318183898926e-01,9.138194635637469920e-01
1.158349990844726562e+00,9.216558787668426289e-01
7.764859795570373535e-01,9.224417717676972606e-01
7.764859795570373535e-01,9.224242123428568751e-01
1.068807005882263184e+00,8.301090701940545546e-01
1.068807005882263184e+00,8.884535580551025102e-01
5.888479948043823242e-01,9.634813040646774684e-01
1.588868498802185059e+00,8.385821437374005871e-01
1.588868498802185059e+00,8.694408128480645148e-01
4.327859878540039062e-01,1.070538819752647308e+00
4.327859878540039062e-01,9.139016368390413536e-01
3.996030092239379883e-01,4.796448502199279762e-01
5.545350313186645508e-01,4.640256560089765503e-01
5.545350313186645508e-01,5.191538678942374530e-01
6.221979856491088867e-01,6.036358986696118700e-01
6.221979856491088867e-01,6.352845641141559030e-01
1.149551987648010476e+00,6.726179533121846577e-01
1.121260046958923118e+00,8.291792935629790362e-01
1.121260046958923118e+00,9.780512426800913595e-01
9.776459932327271618e-01,9.741377753166156062e-01
9.776459932327271618e-01,9.612343565689788205e-01
1.732741951942443848e+00,9.450358369158017302e-01
2.302707910537720171e+00,9.779874092212126335e-01
2.302707910537720171e+00,1.143360287511014706e+00
1.053477048873901367e+00,1.222617017844321197e+00
1.053477048873901367e+00,1.158117492316631081e+00
7.962800264358520508e-01,9.603727947266225140e-01
5.203329920768737793e-01,9.157343464485159235e-01
5.203329920768737793e-01,7.108909356369019772e-01
6.104800105094909668e-01,5.687869538974525963e-01
6.104800105094909668e-01,6.109540593856008783e-01
4.453057944774627686e-01,6.606677957831011971e-01
6.522138714790344238e-01,5.820049947384668965e-01
6.522138714790344238e-01,5.885457613437369284e-01
1.175541162490844727e+00,7.032357237161023233e-01
1.175541162490844727e+00,8.450231218615690265e-01
1.032202124595642090e+00,9.851988939858837835e-01
7.193930149078369141e-01,9.735077581184565787e-01
7.193930149078369141e-01,8.842922775315298356e-01
8.200139999389648438e-01,7.717991882526011871e-01
8.200139999389648438e-01,8.153213473544983492e-01
9.497330188751219593e-01,8.745897608297996673e-01
1.039114952087402344e+00,9.025392988249809623e-01
1.039114952087402344e+00,9.424636971517614814e-01
5.883830189704895020e-01,9.574629846893042417e-01
5.883830189704895020e-01,8.307026017470796608e-01
9.508559703826903187e-01,6.381372310476439713e-01
5.277600288391113281e-01,7.772704254375655264e-01
5.277600288391113281e-01,7.765376907565472164e-01
7.736063003540039062e-01,5.763533333323241914e-01
7.736063003540039062e-01,6.855754660491143460e-01
9.703559875488279030e-01,8.271671228330548242e-01
1.383889913558959961e+00,8.811551021649289828e-01
1.383889913558959961e+00,9.559624133331701135e-01
7.795230150222778320e-01,1.027970003273898092e+00
7.795230150222778320e-01,9.540014490287365145e-01
6.069999933242797852e-01,8.332118785375908221e-01
4.660570025444030762e-01,7.463845085908518140e-01
4.660570025444030762e-01,5.899603331392763161e-01
9.455270171165466309e-01,5.135117619030773461e-01
9.455270171165466309e-01,7.102408988711200744e-01
6.238729953765869141e-01,9.385595298083403426e-01
3.923240005970001221e-01,8.200783060704766037e-01
3.923240005970001221e-01,5.643822499953760063e-01
5.156549811363220215e-01,4.384751862602579431e-01
5.156549811363220215e-01,4.969704975344872433e-01
9.679385423660278320e-01,5.640214991923071519e-01
1.356565952301025391e+00,7.425303034199450813e-01
1.356565952301025391e+00,9.543488370757985395e-01
9.072690010070799671e-01,1.022332249839686735e+00
9.072690010070799671e-01,9.756044642833713310e-01
8.162760138511657715e-01,9.308606552838177839e-01
2.479866981506348100e+00,9.048251790713922604e-01
2.479866981506348100e+00,1.044056912707590268e+00
1.133080005645751953e+00,1.261294231736544980e+00
1.133080005645751953e+00,1.205017883449367666e+00
1.045583963394165039e+00,9.765435018352278673e-01
8.474370241165161133e-01,9.699494782585516006e-01
8.474370241165161133e-01,9.301547781641027468e-01
1.536522984504699707e+00,9.026237435303680057e-01
1.536522984504699707e+00,9.346826074898313408e-01
9.008989930152891956e-01,1.059621678830877656e+00
4.812009930610656183e-01,9.988002408406123633e-01
4.812009930610656183e-01,7.364178914277469401e-01
8.572540283203125000e-01,5.289311685306991029e-01
8.572540283203125000e-01,6.903174573821863058e-01
8.617479801177978516e-01,9.126609773966631867e-01
1.008694052696228027e+00,9.146844072242746870e-01
1.008694052696228027e+00,9.194555571894674761e-01
1.127727031707763672e+00,9.513074053324771517e-01
1.127727031707763672e+00,9.562348387545689388e-01
7.795569896697998047e-01,9.754538076595894447e-01
9.895502924919128418e-01,9.194506846043082327e-01
9.895502924919128418e-01,8.854981596908904073e-01
8.363329768180847168e-01,9.474391495037941535e-01
8.363329768180847168e-01,9.220214924266482148e-01
9.099559783935547985e-01,8.912713658192409349e-01
5.511059761047363281e-01,9.088617007859960406e-01
5.511059761047363281e-01,7.729013468572488721e-01
1.239764332771301270e+00,6.001413837039440979e-01
1.239764332771301270e+00,8.116121134621536726e-01
1.211838960647583008e+00,9.983296974177867655e-01
1.379981994628906250e+00,9.965424469552696118e-01
1.379981994628906250e+00,1.001683722495071649e+00
1.148460984230041504e+00,1.027163153672488116e+00
1.148460984230041504e+00,1.009822602920967594e+00
7.663900256156921387e-01,9.796764078604307535e-01
9.660840034484864391e-01,9.181686813315327322e-01
9.660840034484864391e-01,8.770913067956307430e-01
8.156750202178955078e-01,9.427031809392623085e-01
8.156750202178955078e-01,9.126097992159718508e-01
1.142272949218750000e+00,8.701548576765917309e-01
1.299479961395263672e+00,9.059270785211844812e-01
1.299479961395263672e+00,9.864046998004054601e-01
8.583310246467590332e-01,1.010581512661635761e+00
8.583310246467590332e-01,9.594321457773730133e-01
7.149469852447509766e-01,9.137621040774184245e-01
8.764400482177734375e-01,8.366406253003308979e-01
8.764400482177734375e-01,8.311040553327632141e-01
8.305460214614868164e-01,9.246678825905172427e-01
8.305460214614868164e-01,9.053305816004002526e-01
8.535240292549133301e-01,8.853554858229562008e-01
9.092410206794739880e-01,8.952779429346511275e-01
9.092410206794739880e-01,9.168521323555943736e-01
5.202720165252685547e-01,9.312570948616410993e-01
5.202720165252685547e-01,7.579463616165342810e-01
7.411040067672729492e-01,5.687248369542660109e-01
5.853319764137268066e-01,6.682804798651358347e-01
5.853319764137268066e-01,7.170001167067283632e-01
5.047770142555236816e-01,6.350267604288748480e-01
5.047770142555236816e-01,5.967455267682273412e-01
5.519493222236633301e-01,5.529411608379167786e-01
9.697520136833193138e-01,5.751597933611490854e-01
9.697520136833193138e-01,7.622367433013507165e-01
1.116515994071960449e+00,9.434430445551819089e-01
1.116515994071960449e+00,9.481868531629302765e-01
1.049844980239868164e+00,9.731726651141922035e-01
6.342629790306091309e-01,9.683281805220506078e-01
6.342629790306091309e-01,8.527920416964185346e-01
5.644329786300659180e-01,6.849236413154674574e-01
5.644329786300659180e-01,6.515584375992140576e-01
9.184709787368773304e-01,6.137235474317589423e-01
9.593539834022521973e-01,7.555250339501694556e-01
9.593539834022521973e-01,9.346265771713403447e-01
5.984159708023071289e-01,9.413460873799238682e-01
5.984159708023071289e-01,8.122887642457718993e-01
9.383450150489807129e-01,6.483663528584603375e-01
4.542250037193297230e-01,7.796945568428075291e-01
4.542250037193297230e-01,7.385452168271754436e-01
7.079470157623291016e-01,5.014664007101506948e-01
7.079470157623291016e-01,6.176879075935169938e-01
3.876500129699707031e-01,7.601136912080072028e-01
4.484339952468872625e-01,6.055640683457409468e-01
4.484339952468872625e-01,4.625513127172451999e-01
8.405709862709045410e-01,4.955715469704782272e-01
8.405709862709045410e-01,6.666473654490842060e-01
5.337110161781311035e-01,8.956040137704300852e-01
7.211350202560424805e-01,7.369199774879626741e-01
7.211350202560424805e-01,6.675407573028112607e-01
5.215386152267456055e-01,7.735777745459859744e-01
5.215386152267456055e-01,6.756520212420440430e-01
7.050759792327880859e-01,5.700151536227966442e-01
6.405649781227111816e-01,6.538564976090233127e-01
6.405649781227111816e-01,7.260361173371071564e-01
5.168589949607849121e-01,6.913520243180628633e-01
5.168589949607849121e-01,6.320077029084522069e-01
1.660409450531006081e+00,5.652479952030911026e-01
2.465307950973510742e+00,8.586101303117816830e-01
2.465307950973510742e+00,1.151557154974695463e+00
1.622156023979186790e+00,1.258101497100451827e+00
1.622156023979186790e+00,1.223316954698610237e+00
1.866270065307616743e+00,1.077497801139920330e+00
3.623536109924316850e+00,1.093093936263265453e+00
3.623536109924316850e+00,1.398063394623701772e+00
7.948709726333618164e-01,1.520654451397301932e+00
7.948709726333618164e-01,1.584230167114830223e+00
9.065989851951599121e-01,8.488938284777755028e-01
8.571879863739013672e-01,8.857201343023282103e-01
8.571879863739013672e-01,9.220312469302555103e-01
7.756379842758178711e-01,9.125934549581858901e-01
7.756379842758178711e-01,8.686987831259201931e-01
7.006700038909912109e-01,8.292427286630074112e-01
6.443409919738770641e-01,7.921509542272018312e-01
6.443409919738770641e-01,7.255620753936700140e-01
7.579550147056579590e-01,6.952039815292289093e-01
7.579550147056579590e-01,7.463226856231921502e-01
5.499600172042846680e-01,8.111790547867254730e-01
4.964669942855835516e-01,7.076055370459426452e-01
4.964669942855835516e-01,5.736479438495856176e-01
1.367677569389343262e+00,5.444774522917887882e-01
1.367677569389343262e+00,8.096861576299585472e-01
1.397894024848937988e+00,1.024623869462713444e+00
8.148130178451538086e-01,1.026470907228747231e+00
8.148130178451538086e-01,9.634918282740171369e-01
1.278898954391479492e+00,8.692738237669130896e-01
1.278898954391479492e+00,9.109407732386375356e-01
8.623980283737182617e-01,1.006354280710947791e+00
1.093865990638732910e+00,9.577906818979693426e-01
1.093865990638732910e+00,9.202372485967267313e-01
8.134710192680358887e-01,9.685684036003076036e-01
8.134710192680358887e-01,9.254759177945203197e-01
1.466687083244323508e+00,8.679022127378634988e-01
9.060310125350952148e-01,9.211726190321541941e-01
9.060310125350952148e-01,9.897305470104535985e-01
7.652140259742736816e-01,9.306118014802623462e-01
7.652140259742736816e-01,8.789381125092875502e-01
1.311033964157104492e+00,8.185939178737151600e-01
7.892500162124633789e-01,8.971708129247168984e-01
7.892500162124633789e-01,9.458388083109764422e-01
1.474902033805847168e+00,8.431502421299255090e-01
1.474902033805847168e+00,9.151730521746536118e-01
9.167850017547608532e-01,1.046810803071336338e+00
1.186140060424804910e+00,9.925967922768710316e-01
1.186140060424804910e+00,9.370223227777151331e-01
1.411391973495483398e+00,9.873626321065145373e-01
1.411391973495483398e+00,9.989705054281440288e-01
2.092472076416016069e+00,1.033653216508356065e+00
7.189220190048217773e-01,1.080367436319620067e+00
7.189220190048217773e-01,1.078702724348152620e+00
1.301861047744750977e+00,7.713183076920776537e-01
1.301861047744750977e+00,8.812911409839963017e-01
1.268974781036376953e+00,1.011070890617010942e+00
1.221997022628784180e+00,1.008974645198958298e+00
1.221997022628784180e+00,1.001262793149780617e+00
9.061110019683839001e-01,9.946923184216303060e-01
9.061110019683839001e-01,9.599804683835180263e-01
1.078873991966247559e+00,9.306278800202272272e-01
1.028025031089782715e+00,9.326863883188329929e-01
1.028025031089782715e+00,9.618617397654762868e-01
7.863690257072448730e-01,9.552177449319749769e-01
7.863690257072448730e-01,9.093001108752484241e-01
1.276852965354919434e+00,8.402065372812520527e-01
7.093420028686523438e-01,9.019570407050443439e-01
7.093420028686523438e-01,9.204692866729804468e-01
5.201929807662963867e-01,7.615377873215687377e-01
5.201929807662963867e-01,6.691028986899560937e-01
5.645610094070434570e-01,5.686443218006665967e-01
9.855200052261353649e-01,5.895287036808750658e-01
9.855200052261353649e-01,7.727097006113731181e-01
1.092841982841491699e+00,9.466253092404398606e-01
1.092841982841491699e+00,9.508215788214752218e-01
4.786899983882904608e-01,9.683603837649441548e-01
3.955059945583344061e-01,8.006357045746742562e-01
3.955059945583344061e-01,4.872973241220924789e-01
1.850703001022338645e+00,4.417121565452359344e-01
1.850703001022338645e+00,8.570949719633434993e-01
1.195796012878417969e+00,1.125625806968558740e+00
1.702510833740234375e+00,1.081818748426490506e+00
1.702510833740234375e+00,1.016491907428397568e+00
2.998351097106933594e+00,1.094349651070356533e+00
2.998351097106933594e+00,1.236172069823187725e+00
2.407080888748168945e+00,1.376689242341902153e+00
2.585943937301636186e+00,1.360690549698440721e+00
2.585943937301636186e+00,1.257558614356405036e+00
2.233839035034180132e+00,1.284633827605796030e+00
2.233839035034180132e+00,1.268268116530099521e+00
1.655773043632507102e+00,1.207682940033197871e+00
1.430611014366149902e+00,1.178446603571763784e+00
1.430611014366149902e+00,1.070134986784474496e+00
8.921740055084228516e-01,1.037629962110447668e+00
8.921740055084228516e-01,9.825113669618709134e-01
1.231696963310241699e+00,9.278274572453150126e-01
8.955079913139342151e-01,9.316020168258173362e-01
8.955079913139342151e-01,9.590206499614921665e-01
1.602033019065856934e+00,9.284971864944731035e-01
1.602033019065856934e+00,9.507180231971299467e-01
1.585399031639099121e+00,1.073289411433060003e+00
1.232059955596923828e+00,1.072256279223127606e+00
1.232059955596923828e+00,1.044878912897676093e+00
1.210371017456054910e+00,9.967519871370112972e-01
1.210371017456054910e+00,9.953726753543202799e-01
1.242141008377075195e+00,9.923141729523415888e-01
9.857040047645568848e-01,9.942130093156005266e-01
9.857040047645568848e-01,9.749990493979856510e-01
7.289689779281616211e-01,9.466624604228170980e-01
7.289689779281616211e-01,8.795639207297359929e-01
6.761519908905029297e-01,7.815766676364747090e-01
1.071573019027709961e+00,7.560271671018589101e-01
1.071573019027709961e+00,8.440301533606491269e-01
9.457439780235290527e-01,9.640424651127734723e-01
9.457439780235290527e-01,9.520057368448262558e-01
4.376370012760161243e-01,9.386032372770444221e-01
5.141820311546325684e-01,7.339732793774945696e-01
5.141820311546325684e-01,5.207531247388361706e-01
3.387190103530883789e-01,5.625210677473839738e-01
3.387190103530883789e-01,4.807190700522448457e-01
7.144280076026916504e-01,3.839614046409677295e-01
4.996199905872345526e-01,5.588182961916583480e-01
4.996199905872345526e-01,6.616580947507431087e-01
7.917379736900329590e-01,5.476886685416157974e-01
7.917379736900329590e-01,6.767622294761503898e-01
8.646243214607238770e-01,8.456924340757929759e-01
6.024960279464721680e-01,8.747751460465511553e-01
6.024960279464721680e-01,7.809557098213072424e-01
1.260069966316223145e+00,6.525265139798647196e-01
1.260069966316223145e+00,8.347114959685246749e-01
1.012339949607849121e+00,1.002491180544068383e+00
1.004528999328613281e+00,9.805553632835001254e-01
1.004528999328613281e+00,9.515424653514282793e-01
6.310235261917114258e-01,9.504654432402370734e-01
6.310235261917114258e-01,8.402143151323804293e-01
1.141221046447754128e+00,6.816193988900829392e-01
5.426099896430969238e-01,8.319900306269364387e-01
5.426099896430969238e-01,8.385594841001865474e-01
8.547459840774536133e-01,5.914837889109643143e-01
8.547459840774536133e-01,7.236200638574584731e-01
7.744219899177551270e-01,9.100966726695807196e-01
3.084340095520019531e-01,8.670814728966989016e-01
3.084340095520019531e-01,6.029904699202391916e-01
8.376209735870361328e-01,3.531774554778301933e-01
8.376209735870361328e-01,5.930322507355315631e-01
7.293469905853271484e-01,8.925881052729635057e-01
7.503905892372131348e-01,8.358966637356877172e-01
7.503905892372131348e-01,7.917773770663772970e-01
1.134822010993957520e+00,8.034528586240444747e-01
1.134822010993957520e+00,8.815352685406652178e-01
1.614240050315856934e+00,9.768981893272549177e-01
1.244793057441711426e+00,1.000359532980684696e+00
1.244793057441711426e+00,1.050054061249684034e+00
7.141630053520202637e-01,9.993598534354067864e-01
7.141630053520202637e-01,9.167668019611838748e-01
7.293040156364440918e-01,7.664595598375266716e-01
6.486989855766296387e-01,7.735592864510362210e-01
6.486989855766296387e-01,7.426361295085059933e-01
3.427990078926086426e-01,6.996498254364402758e-01
3.427990078926086426e-01,5.549102934032096313e-01
3.861860036849976141e-01,3.881094200839114161e-01
6.366299986839294434e-01,4.087137625247065364e-01
6.366299986839294434e-01,5.496809676709508707e-01
3.990480005741119940e-01,6.873380774260551274e-01
3.990480005741119940e-01,5.741989424268406639e-01
4.178859889507293701e-01,4.453154947446772427e-01
1.103790521621704102e+00,4.542221074947894732e-01
1.103790521621704102e+00,7.279769871742033382e-01
6.956189870834350586e-01,9.705851240699526761e-01
6.956189870834350586e-01,8.878319961050054054e-01
8.070139884948729359e-01,7.475293796672968227e-01
5.947690010070800781e-01,7.961764375694607709e-01
5.947690010070800781e-01,7.527858469345878323e-01
1.107607960700988770e+00,6.446479426198105100e-01
1.107607960700988770e+00,8.109228537837841477e-01
9.713580012321471058e-01,9.713611500674272925e-01
7.170349955558776855e-01,9.590302024510206635e-01
7.170349955558776855e-01,8.711740664012354030e-01
6.764810085296630859e-01,7.693917071790759010e-01
6.764810085296630859e-01,7.498960859313729133e-01
1.687772989273071289e+00,7.279969819985587787e-01
9.907569885253906250e-01,9.049034886378475306e-01
9.907569885253906250e-01,1.034314662283822850e+00
8.082039952278137207e-01,9.476828550455257405e-01
8.082039952278137207e-01,9.126556242489678450e-01
1.087718963623046875e+00,8.625191624555128556e-01
1.564818024635314941e+00,9.015978231480228366e-01
1.564818024635314941e+00,9.888166675585212673e-01
6.673809885978698730e-01,1.065518919685301658e+00
6.673809885978698730e-01,9.603918479826403232e-01
1.256489992141723633e+00,7.187108827744543849e-01
1.091886043548584206e+00,8.590911661782371089e-01
1.091886043548584206e+00,9.890879732575414973e-01
7.375509738922119141e-01,9.681662024123800503e-01
7.375509738922119141e-01,9.008967624129312624e-01
6.224380135536193848e-01,7.903401509989261831e-01
8.364729881286621094e-01,7.337492331791074518e-01
8.364729881286621094e-01,7.634339495102505646e-01
5.774260163307189941e-01,8.914145007606314453e-01
5.774260163307189941e-01,7.568453616990760136e-01
1.015761017799377441e+00,6.269673024457257382e-01
1.106158971786499023e+00,7.860372377713601422e-01
1.106158971786499023e+00,9.568362841362927362e-01
6.945540308952331543e-01,9.710665734667766058e-01
6.945540308952331543e-01,8.878594972819430220e-01
1.130903959274291992e+00,7.464423658094804237e-01
9.518219828605650745e-01,8.583685943882732872e-01
9.518219828605650745e-01,9.585973474107715164e-01
7.524570226669311523e-01,9.398278884408057809e-01
7.524570226669311523e-01,8.833362979834279427e-01
5.585229992866516113e-01,8.055634195255524377e-01
1.415836334228515625e+00,7.092055527097796963e-01
1.415836334228515625e+00,8.381883831637797488e-01
1.855298042297363281e+00,1.034572450360661033e+00
1.855298042297363281e+00,1.061977727292802376e+00
7.845479846000671387e-01,1.126599702339903475e+00
8.210539817810058594e-01,1.036119362957548695e+00
8.210539817810058594e-01,8.547037129211280115e-01
5.835890173912048340e-01,8.756527651300120008e-01
1.167178034782409668e+00,7.533305708226273323e-01
8.359720110893249512e-01,8.147596420253464533e-01
2.184663057327270508e+00,9.392795651813714564e-01
2.184663057327270508e+00,1.000307700591086535e+00
6.805480122566223145e-01,1.197053757619291670e+00
6.805480122566223145e-01,1.096431954720375801e+00
1.238904953002929688e+00,7.321474540896677485e-01
1.030328035354614480e+00,8.624188595860541318e-01
1.030328035354614480e+00,9.804111812719813468e-01
7.914109826087951660e-01,9.556838900041204621e-01
7.914109826087951660e-01,9.113567179624426640e-01
8.423720002174377441e-01,8.453583109757315528e-01
4.464710056781768799e-01,8.672207637770639188e-01
4.464710056781768799e-01,6.960093188797886743e-01
5.589337944984436035e-01,4.935734435686464638e-01
5.589337944984436035e-01,5.465524667838101980e-01
7.099329829216003418e-01,6.081188294347069645e-01
7.334340214729309082e-01,6.770273096522415601e-01
7.334340214729309082e-01,7.731112102999782021e-01
7.833399772644042969e-01,7.861360307536926495e-01
7.833399772644042969e-01,8.088141631316324576e-01
8.426809906959533691e-01,8.371116531563305152e-01
1.099761009216308594e+00,8.624021219316476694e-01
1.109205961227416992e+00,9.139862610982630864e-01
8.706315755844116211e-01,9.703392218482108644e-01
8.706315755844116211e-01,9.415648059558581195e-01
5.862460136413574219e-01,9.234999347981102114e-01
8.863990306854248047e-01,7.751758189661569487e-01
1.772798061370849609e+00,7.584911340915591049e-01
1.019399046897888184e+00,9.624341320635662056e-01
1.019399046897888184e+00,1.051402069720602794e+00
8.493610024452209473e-01,9.534723215779281613e-01
1.010666966438293679e+00,9.283933157633607047e-01
1.010666966438293679e+00,9.152335628922024791e-01
1.331516027450561523e+00,9.517062974715271295e-01
1.331516027450561523e+00,9.628247125184460353e-01
1.215008974075317383e+00,1.017171274017880878e+00
1.645591020584106445e+00,1.009200165517428305e+00
1.645591020584106445e+00,1.016266714410601679e+00
9.708780050277709961e-01,1.082404775682556997e+00
9.708780050277709961e-01,1.025223732942864618e+00
1.411272048950195090e+00,9.436701957734862090e-01
7.953929901123046875e-01,9.572233979016883110e-01
7.953929901123046875e-01,9.614165350426459034e-01
1.046331048011779785e+00,8.494272527610713386e-01
1.046331048011779785e+00,8.952410812849027621e-01
8.879339694976806641e-01,9.589246951270398167e-01
8.349300026893615723e-01,9.398038123136205346e-01
8.349300026893615723e-01,9.103467210695680434e-01
9.847199916839598499e-01,8.898371028832721130e-01
9.847199916839598499e-01,9.096668804010906717e-01
1.090394020080566406e+00,9.464637837181396618e-01
4.901649951934815008e-01,9.506017611189784278e-01
4.901649951934815008e-01,8.044731796779132083e-01
6.141669750213623047e-01,5.380594268502709721e-01
6.141669750213623047e-01,5.959981554429114592e-01
6.314740180969238281e-01,6.644276457157610727e-01
8.252440094947814941e-01,6.725744964916579027e-01
8.252440094947814941e-01,7.648300388346644940e-01
1.051450967788696289e+00,8.799356705766940845e-01
1.051450967788696289e+00,9.070027760067060907e-01
1.047114968299865501e+00,9.599621606017000319e-01
3.921430110931397039e-01,9.596894025053243071e-01
3.921430110931397039e-01,7.514257567585717057e-01
4.695149958133698065e-01,4.382910732140810617e-01
4.695149958133698065e-01,4.749975036862247313e-01
7.720900177955627441e-01,5.170324134985280207e-01
7.520099878311157227e-01,6.524121866072700726e-01
7.520099878311157227e-01,8.159629110294703835e-01
6.877393722534179688e-01,8.051068344006470090e-01
6.877393722534179688e-01,7.737085424819102331e-01
6.718119978904724121e-01,7.394868662014474348e-01
1.185933232307434082e+00,7.319161227910838674e-01
1.185933232307434082e+00,8.541119473251637118e-01
6.571980118751525879e-01,9.873203963156684804e-01
6.571980118751525879e-01,8.891767973379046675e-01
8.213180303573608398e-01,7.083208018680400286e-01
7.795739769935607910e-01,7.786344080811922197e-01
7.795739769935607910e-01,8.550164264866336739e-01
1.030122995376587136e+00,8.332639450834277151e-01
1.030122995376587136e+00,8.878409327114964444e-01
6.211889982223510742e-01,9.556423859359249873e-01
8.660820126533508301e-01,8.424577503474361961e-01
8.660820126533508301e-01,7.724159585605205880e-01
9.608931541442871094e-01,9.216770987115718849e-01
9.608931541442871094e-01,9.210605184876302642e-01
6.760399937629699707e-01,9.416564121824623212e-01
7.402380108833312988e-01,8.494583829967740085e-01
7.402380108833312988e-01,7.569879622253677942e-01
5.984709858894348145e-01,7.930841845281036973e-01
5.984709858894348145e-01,7.231229257403039012e-01
6.151059865951538086e-01,6.484224467968835448e-01
9.358735680580139160e-01,6.562576093483931672e-01
9.358735680580139160e-01,7.883760449206076437e-01
5.818247795104979359e-01,9.366153529596860094e-01
5.818247795104979359e-01,7.967877959900305784e-01
7.156659960746765137e-01,6.314513816828569714e-01
6.529520153999328613e-01,6.924854742535776486e-01
6.529520153999328613e-01,7.376612081428652878e-01
9.700022935867309570e-01,7.039887984992849734e-01
9.700022935867309570e-01,8.168274493888114662e-01
7.834500074386596680e-01,9.434935333773878385e-01
7.448130249977111816e-01,9.002974557058440741e-01
7.448130249977111816e-01,8.183541516570064234e-01
8.276180028915405273e-01,7.977564316088123775e-01
8.276180028915405273e-01,8.334682741383365734e-01
8.943400979042053223e-01,8.823623727727675226e-01
2.505017042160034180e+00,9.029910121274878909e-01
2.505017042160034180e+00,1.059664927027360593e+00
1.620712041854858398e+00,1.266815560528803619e+00
1.620712041854858398e+00,1.231907661131014464e+00
1.417585968971252441e+00,1.077195659602973254e+00
1.049872040748596191e+00,1.064131033829044837e+00
1.049872040748596191e+00,1.003936011832174957e+00
1.226507544517517090e+00,9.596421856175562093e-01
1.226507544517517090e+00,9.671553512574497802e-01
1.043179035186767578e+00,9.956153823538119729e-01
9.694439768791199841e-01,9.804888110667562273e-01
9.694439768791199841e-01,9.521699961527807510e-01
8.192250132560729980e-01,9.433809054475897904e-01
8.192250132560729980e-01,9.142925922575327879e-01
8.129550218582153320e-01,8.737833160934349586e-01
6.712080240249633789e-01,8.707780874118440373e-01
6.712080240249633789e-01,7.946235848236847810e-01
5.289899706840515137e-01,7.226160592327576238e-01
5.289899706840515137e-01,6.538981152887841652e-01
3.461930155754088800e-01,5.776064115066210647e-01
4.789490103721618652e-01,4.922224133040936089e-01
4.789490103721618652e-01,4.549408209590404817e-01
1.153810977935791016e+00,5.266380646016874945e-01
1.153810977935791016e+00,7.663604487811817023e-01
9.671270251274106666e-01,9.807667691982304703e-01
7.845839858055114746e-01,9.631109017645507198e-01
7.845839858055114746e-01,9.003357636010057563e-01
4.701859951019287109e-01,8.383826873308561911e-01
4.701859951019287109e-01,6.812667166211444636e-01
5.632782578468322754e-01,5.177155869948787403e-01
2.416239976882934293e-01,5.615154340153617474e-01
2.416239976882934293e-01,4.653884004026701549e-01
2.709859907627105713e-01,2.853037333066279491e-01
2.709859907627105713e-01,2.992827096957497712e-01
1.994680017232894897e-01,3.151269409842627489e-01
1.327169984579086581e-01,2.822776675578841932e-01
1.327169984579086581e-01,2.122613112156573612e-01
4.732620120048522949e-01,1.747719033613541473e-01
4.732620120048522949e-01,3.470839384238876280e-01
6.585559844970703125e-01,5.208474790296745427e-01
9.621880054473875843e-01,6.066989898713975871e-01
9.621880054473875843e-01,8.183539963841055531e-01
5.111979842185974121e-01,9.419174986630266533e-01
5.111979842185974121e-01,7.728928725866754945e-01
9.829789996147155762e-01,5.594814220080526201e-01
9.100099802017213024e-01,7.440995486040954399e-01
9.100099802017213024e-01,9.387268990096261367e-01
1.026576042175292969e+00,9.314116921513826419e-01
1.026576042175292969e+00,9.333477867567174791e-01
8.309389948844909668e-01,9.549244899920618090e-01
9.651920199394226074e-01,9.237737658587351630e-01
9.651920199394226074e-01,9.077731193270811572e-01
1.000543951988220215e+00,9.425232847565966354e-01
1.000543951988220215e+00,9.442684190353675122e-01
1.983185052871704102e+00,9.496600549428866334e-01
1.274855017662048340e+00,1.004866197045926279e+00
1.274855017662048340e+00,1.110679576340980690e+00
1.286525964736938477e+00,1.005524251038588446e+00
1.286525964736938477e+00,1.006240955559718708e+00
1.382244944572448730e+00,1.007920259542200325e+00
1.736924052238464355e+00,1.013493895959175939e+00
1.736924052238464355e+00,1.048859059549027695e+00
1.257668018341064453e+00,1.101589737350526121e+00
1.257668018341064453e+00,1.069168292729156144e+00
7.533379793167114258e-01,1.001998672169880811e+00
1.084908962249756081e+00,9.294784151782182757e-01
1.084908962249756081e+00,8.797107292876699125e-01
1.062494039535522461e+00,9.667492550407599250e-01
1.062494039535522461e+00,9.652731154933904545e-01
7.787629961967468262e-01,9.622008754916809847e-01
8.256469964981079102e-01,9.110134002091362371e-01
8.256469964981079102e-01,8.531414834477994980e-01
9.891830086708067737e-01,8.803476005693867679e-01
9.891830086708067737e-01,9.060016536267460063e-01
1.418092012405395508e+00,9.473649757980764363e-01
1.151677966117858887e+00,9.615741245183152541e-01
1.151677966117858887e+00,1.015010477749730855e+00
1.250364065170288086e+00,9.803320089708850160e-01
1.250364065170288086e+00,9.856703089028242548e-01
8.794019818305969238e-01,1.000501438477363836e+00
1.089423060417175293e+00,9.579318546873869522e-01
1.089423060417175293e+00,9.253343666540574386e-01
1.809062957763672097e+00,9.676659413221281314e-01
1.809062957763672097e+00,1.005212830829570247e+00
8.687390089035034180e-01,1.116811685649517605e+00
8.521729707717895508e-01,1.038908352761420684e+00
8.521729707717895508e-01,9.148960363302868215e-01
1.307837963104248047e+00,9.074659144890458995e-01
1.307837963104248047e+00,9.231620947309974179e-01
1.262575984001159668e+00,1.012299597206685720e+00
7.601559758186340332e-01,1.009385344139921425e+00
7.601559758186340332e-01,9.319610835634796198e-01
1.069887042045593262e+00,8.134272074205403102e-01
1.069887042045593262e+00,8.816801084226708607e-01
8.579840064048767090e-01,9.637004083591367287e-01
1.149323940277099609e+00,9.350136431452389374e-01
1.149323940277099609e+00,9.198169248689452848e-01
1.067142963409423828e+00,9.798522613242783841e-01
1.067142963409423828e+00,9.738390468629768426e-01
7.400619983673095703e-01,9.631437500083854797e-01
6.799880266189575195e-01,8.980379889337105626e-01
6.799880266189575195e-01,7.636988383076174225e-01
7.323921322822570801e-01,7.315759644974338949e-01
7.323921322822570801e-01,7.557520389510240522e-01
8.352749943733215332e-01,7.850721123735271423e-01
6.000829935073852539e-01,8.287252300929190962e-01
6.000829935073852539e-01,7.677531543917983647e-01
1.010563969612121582e+00,6.500660813682155315e-01
1.010563969612121582e+00,7.966907154087299325e-01
7.613970041275024414e-01,9.516854720310774507e-01
7.260069847106933594e-01,8.975037285386510133e-01
7.260069847106933594e-01,7.975634283259031010e-01
1.064324021339416504e+00,7.785522306450217700e-01
1.064324021339416504e+00,8.662957821449959184e-01
5.901079773902893066e-01,9.625719948795780079e-01
7.744659781455993652e-01,8.379691381902164560e-01
7.744659781455993652e-01,7.215884914363914771e-01
7.406870126724243164e-01,8.280453798181822700e-01
7.406870126724243164e-01,8.116477713556290441e-01
8.908360004425048828e-01,7.935427184167870296e-01
7.620100975036621094e-01,8.503561820717824293e-01
7.620100975036621094e-01,8.729558837671422822e-01
7.774500250816345215e-01,8.153211267313588140e-01
7.774500250816345215e-01,8.225213328339349150e-01
5.811070203781127930e-01,8.310939826294662103e-01
7.908779978752136230e-01,7.323679677740398963e-01
7.908779978752136230e-01,7.227713317282717931e-01
8.903719782829283558e-01,8.448137038850918046e-01
8.903719782829283558e-01,8.805414958177000262e-01
7.882059812545776367e-01,9.274655117223111755e-01
7.301949858665466309e-01,8.866304538784106626e-01
7.301949858665466309e-01,8.133963323726925987e-01
9.248933196067807838e-01,7.828285511349537540e-01
9.248933196067807838e-01,8.514183431903215027e-01
1.265586972236633301e+00,9.344052467243353366e-01
7.884140014648437500e-01,9.410560687187222717e-01
7.884140014648437500e-01,9.395071076649021968e-01
9.180610179901125267e-01,8.422960190366811650e-01
9.180610179901125267e-01,8.836244334732168415e-01
6.569269895553588867e-01,9.330307265381119208e-01
8.252680301666259766e-01,8.275777399163809500e-01
8.252680301666259766e-01,7.798865085263522179e-01
4.257229864597321112e-01,8.799602242593128620e-01
4.257229864597321112e-01,6.788665783934161313e-01
9.114630222320555530e-01,4.724569722827998142e-01
7.238519787788391113e-01,6.786974545689302696e-01
7.238519787788391113e-01,8.593026430891396172e-01
9.657319784164427601e-01,7.763518564266018718e-01
9.657319784164427601e-01,8.545773483566293516e-01
7.194200158119201660e-01,9.426321830723179973e-01
7.146480083465576172e-01,8.710133055013618009e-01
7.146480083465576172e-01,7.695653220137285144e-01
6.188799738883972168e-01,7.669547151786014760e-01
6.188799738883972168e-01,7.203395040549244177e-01
8.502969741821289062e-01,6.692340388363352544e-01
6.113014817237854004e-01,7.659974141026447692e-01
6.113014817237854004e-01,7.796692905758163539e-01
8.405809998512268066e-01,6.615054927521086814e-01
8.405809998512268066e-01,7.583183110066510357e-01
5.909900069236755371e-01,8.956142511774676240e-01
1.191807866096496582e+00,7.653872700949645447e-01
1.191807866096496582e+00,8.213559246096330257e-01
1.072478055953979492e+00,9.885202302641212802e-01
1.072478055953979492e+00,9.794609553639178623e-01
7.976800203323364258e-01,9.642260955276817924e-01
7.140370011329650879e-01,9.183713802168804730e-01
7.140370011329650879e-01,8.097570469253730918e-01
8.885610103607177734e-01,7.663309184684681252e-01
8.885610103607177734e-01,8.338095732897011780e-01
7.367290258407592773e-01,9.271018001705465528e-01
9.655410051345822975e-01,8.589402481910067833e-01
9.655410051345822975e-01,8.614520190465094762e-01
8.569459915161132812e-01,9.425936673810757505e-01
8.569459915161132812e-01,9.261880573034099173e-01
5.838339924812316895e-01,9.123460345611276168e-01
3.047562122344970703e+00,7.685212258213904857e-01
3.047562122344970703e+00,1.140218523849818810e+00
8.865389823913574219e-01,1.387817359235986814e+00
8.865389823913574219e-01,1.361505300082218817e+00
1.186460971832275391e+00,9.266957323178357520e-01
8.750730156898498535e-01,9.289347536243829362e-01
8.750730156898498535e-01,9.501453148528158366e-01
1.111973047256469505e+00,9.243933148321938909e-01
1.111973047256469505e+00,9.243203000897081134e-01
6.929270029067993164e-01,9.722487092004639120e-01
5.632749795913696289e-01,8.882895973862348082e-01
5.632749795913696289e-01,6.818161262381680077e-01
5.519689917564392090e-01,6.125432967702931775e-01
5.519689917564392090e-01,6.071976283354176829e-01
9.211350083351135254e-01,6.010208614655521142e-01
5.465030074119567871e-01,7.493766714402084750e-01
5.465030074119567871e-01,7.747843948141271975e-01
9.997850060462952770e-01,5.954507564064412950e-01
9.997850060462952770e-01,7.665517966334978173e-01
7.512239813804626465e-01,9.495066906056836009e-01
8.402569890022277832e-01,8.916621207966675122e-01
8.402569890022277832e-01,8.419253759703758666e-01
7.843149900436401367e-01,8.952829984385651807e-01
7.843149900436401367e-01,8.663253756733304556e-01
5.915480256080627441e-01,8.381078462442078658e-01
6.109840273857116699e-01,7.408196258461650086e-01
6.109840273857116699e-01,6.505154283400879089e-01
9.328789710998535156e-01,6.611817671221205117e-01
9.328789710998535156e-01,7.853267014435628690e-01
7.992020249366759144e-01,9.360124646659799819e-01
9.833549857139588513e-01,9.012926413537147852e-01
9.833549857139588513e-01,8.943295578667146417e-01
5.405290126800537109e-01,9.461882011369078249e-01
5.405290126800537109e-01,7.932394401040960830e-01
1.093670010566711426e+00,5.893633536964546504e-01
9.266330003738405541e-01,7.830843231314604802e-01
9.266330003738405541e-01,9.510944434109525059e-01
7.972419857978820801e-01,9.347553190902495590e-01
7.972419857978820801e-01,8.993175765329062266e-01
5.896059870719909668e-01,8.513166763968357253e-01
7.799540162086486816e-01,7.457770189146816220e-01
7.799540162086486816e-01,7.234568148755119443e-01
5.182790160179138184e-01,8.336522223842078860e-01
5.182790160179138184e-01,7.023780015021761081e-01
7.263879776000976562e-01,5.666945531343398068e-01
6.216366887092590332e-01,6.610552420215960456e-01
6.216366887092590332e-01,7.277098178007825879e-01
8.810679912567138672e-01,6.720454990066417889e-01
8.810679912567138672e-01,7.772488398773415019e-01
7.315016984939575195e-01,9.255971678893784027e-01
9.703850150108337402e-01,8.536952970633202575e-01
9.703850150108337402e-01,8.593048368124344139e-01
8.715350031852722168e-01,9.435707409343762064e-01
8.715350031852722168e-01,9.303124212475282206e-01
5.505740046501159668e-01,9.236820234627326487e-01
2.576299905776976984e-01,7.579133657763897913e-01
2.576299905776976984e-01,4.651491907687775873e-01
6.952109932899475098e-01,3.015599273546764603e-01
6.952109932899475098e-01,5.097750723848309962e-01
3.547430038452148438e-01,7.471129338644241225e-01
1.308350920677185059e+00,5.842126551841718696e-01
1.308350920677185059e+00,7.462586222522045176e-01
1.424710035324096902e+00,1.012405067847021112e+00
1.424710035324096902e+00,1.019174468838026648e+00
2.422243118286133257e+00,1.036408494863897189e+00
1.588093161582946777e+00,1.117568624889813345e+00
1.588093161582946777e+00,1.212849369206261185e+00
2.882889986038208008e+00,1.070376883790562950e+00
2.882889986038208008e+00,1.204769577105901712e+00
1.510810017585754395e+00,1.350702144697303098e+00
5.103110074996948242e-01,1.323923866308799546e+00
5.103110074996948242e-01,9.137695478311615993e-01
6.637499928474426270e-01,5.585779387076565961e-01
6.637499928474426270e-01,6.295259215659313456e-01
5.865659713745117188e-01,7.150059031763017492e-01
9.182999730110168457e-01,6.779377447838043080e-01
9.182999730110168457e-01,7.678262321317965711e-01
1.126363039016723633e+00,9.330787905814810212e-01
1.126363039016723633e+00,9.363819161660259516e-01
9.455379843711851917e-01,9.751761949950593644e-01
7.979699969291687012e-01,9.571997353021536314e-01
7.979699969291687012e-01,9.027580657426136357e-01
8.895260095596313477e-01,8.520606159822268211e-01
8.895260095596313477e-01,8.846588211207079278e-01
5.017459988594055176e-01,9.272956052804779414e-01
7.889080047607421875e-01,7.415598068312575508e-01
7.889080047607421875e-01,6.768680177835955103e-01
5.571460127830505371e-01,8.428007807327789758e-01
5.571460127830505371e-01,7.257031821291598517e-01
8.079270124435424805e-01,6.062968130127306399e-01
7.382910251617431641e-01,7.153963026323616470e-01
7.382910251617431641e-01,8.271915253910331334e-01
6.742079854011535645e-01,7.910958917812918045e-01
6.742079854011535645e-01,7.599183601874504035e-01
8.787713646888732910e-01,7.256773910894576129e-01
7.401880025863647461e-01,8.074131213812505425e-01
7.401880025863647461e-01,8.575065633038041479e-01
8.886500000953674316e-01,7.930331147203891762e-01
8.886500000953674316e-01,8.495251030894532818e-01
7.983270287513732910e-01,9.271196720418078963e-01
5.137799978256225586e-01,8.914931879372782753e-01
5.137799978256225586e-01,7.086178836388158375e-01
7.760372757911682129e-01,5.621115378079833969e-01
7.760372757911682129e-01,6.786375199165650685e-01
8.528280258178710938e-01,8.296506577713493868e-01
7.851629853248596191e-01,8.613991283071270599e-01
7.851629853248596191e-01,8.721207690821548564e-01
8.431609869003295898e-01,8.389742713988841416e-01
1.686321973800659180e+00,8.636899587622163255e-01
1.024798870086670144e+00,9.452859716881629737e-01
8.044279813766479492e-01,1.038247372106086974e+00
8.044279813766479492e-01,9.151678155702982487e-01
8.841310143470764160e-01,8.586601598598071483e-01
8.841310143470764160e-01,8.875018703660834118e-01
3.615649938583374023e-01,9.262121981863505882e-01
1.171491026878356934e+00,6.758027078549757594e-01
1.171491026878356934e+00,7.190143394833005130e-01
4.477910101413726807e-01,9.843724100919155617e-01
4.477910101413726807e-01,8.116324563909949052e-01
7.665730118751525879e-01,4.949170553478958179e-01
7.735599875450134277e-01,6.382980660342485457e-01
7.735599875450134277e-01,8.232658463832643880e-01
1.054823040962219238e+00,8.271198093590107492e-01
1.054823040962219238e+00,8.865301290325693362e-01
7.843300104141235352e-01,9.606456184383067587e-01
1.034250974655151367e+00,9.119307736924401331e-01
1.034250974655151367e+00,8.901036607350564234e-01
1.096979022026062012e+00,9.564780617019058573e-01
1.096979022026062012e+00,9.596591064185849840e-01
7.633029818534851074e-01,9.692008674487907482e-01
5.883730053901672363e-01,9.103653907809794443e-01
5.883730053901672363e-01,7.293105782770100687e-01
6.365630030632019043e-01,6.381270222496194799e-01
6.365630030632019043e-01,6.606852870052762894e-01
5.750700235366821289e-01,6.872697388612825087e-01
5.399640202522277832e-01,6.579048441792167967e-01
5.399640202522277832e-01,6.079289892545403085e-01
1.324671149253845215e+00,5.887876567427438035e-01
1.324671149253845215e+00,8.193586598720830061e-01
8.178460001945495605e-01,1.015762300182260214e+00
6.359609961509704590e-01,9.541077049596338178e-01
6.359609961509704590e-01,7.785811628073295854e-01
8.135920166969299316e-01,6.866556668660049878e-01
8.135920166969299316e-01,7.632741307363741790e-01
9.872140288352966309e-01,8.680258792593286143e-01
9.839289784431457520e-01,9.008833190572357319e-01
9.839289784431457520e-01,9.467594971337721654e-01
5.904790163040161133e-01,9.463040825771730225e-01
5.904790163040161133e-01,8.161029885677286710e-01
8.986790180206298828e-01,6.402741156411715373e-01
6.268000006675720215e-01,7.645220576168290094e-01
6.268000006675720215e-01,8.059482945318662273e-01
6.926850080490112305e-01,6.773115819124262416e-01
6.926850080490112305e-01,7.078351300471489305e-01
5.757049918174743652e-01,7.445346625046868061e-01
6.764680147171020508e-01,6.877789280790311821e-01
6.764680147171020508e-01,6.717926366367973356e-01
8.279470205307006836e-01,7.279837218122772180e-01
8.279470205307006836e-01,7.924724077194136296e-01
6.547859907150268555e-01,8.826987003321895564e-01
1.085815548896789551e+00,7.926725562558791793e-01
1.085815548896789551e+00,8.357828096081321156e-01
8.509550094604492188e-01,9.669333385183418450e-01
8.509550094604492188e-01,9.347353707876866480e-01
8.879359960556030273e-01,9.062206234584747611e-01
6.557850241661071777e-01,9.153357124033710823e-01
6.557850241661071777e-01,8.167792151864330386e-01
6.597809791564941406e-01,7.068791698571403881e-01
6.597809791564941406e-01,7.087652123959936601e-01
8.856279850006103516e-01,7.109561903109624659e-01
7.502999901771545410e-01,8.008443847594211018e-01
7.502999901771545410e-01,8.651438167518999967e-01
9.303160309791563831e-01,8.033603259872716951e-01
9.303160309791563831e-01,8.638439117829584957e-01
7.259460091590881348e-01,9.354965605087879332e-01
7.123904824256896973e-01,8.655596855633037601e-01
7.123904824256896973e-01,7.720361264262142198e-01
9.326570034027099609e-01,7.646499563064081961e-01
9.326570034027099609e-01,8.427049959726915507e-01
6.544970273971557617e-01,9.359677809857599451e-01
4.987269937992095947e-01,8.309659597600406178e-01
4.987269937992095947e-01,6.306033716798958855e-01
9.782410264015198864e-01,5.467791710949475581e-01
9.782410264015198864e-01,7.363851975227915236e-01
5.593240261077880859e-01,9.451559274103570329e-01
8.733990192413330078e-01,8.001272762998342669e-01
8.733990192413330078e-01,7.391698502184759212e-01
6.232500076293945312e-01,9.240569617144857029e-01
6.232500076293945312e-01,7.948481350790538302e-01
6.319249868392944336e-01,6.736908968864068203e-01
8.335350155830383301e-01,6.777816415999395883e-01
8.335350155830383301e-01,7.679980374171710977e-01
8.613430261611938477e-01,8.884110256826137642e-01
8.613430261611938477e-01,8.998721589228303452e-01
1.036013007164001687e+00,9.168413150032292958e-01
6.160370111465454102e-01,9.193952703634890034e-01
6.160370111465454102e-01,8.417275190967810072e-01
9.874529838562011719e-01,6.663347087409935421e-01
9.874529838562011719e-01,8.004434650540693807e-01
6.686739921569824219e-01,9.470156145421081417e-01
6.455339789390563965e-01,8.528457446665304031e-01
6.455339789390563965e-01,7.090214643376099302e-01
1.007030010223388894e+00,6.964209957059424028e-01
1.007030010223388894e+00,8.196459589022012659e-01
7.763000130653381348e-01,9.509709967222454985e-01
9.358490109443665661e-01,9.027987345591168555e-01
9.358490109443665661e-01,8.791169393816489208e-01
6.626719832420349121e-01,9.366104085766974174e-01
6.626719832420349121e-01,8.359415808995671604e-01
1.113351941108703613e+00,7.139059573858105301e-01
5.495319962501525879e-01,8.426808815941182473e-01
5.495319962501525879e-01,8.341611676933530228e-01
9.273632764816284180e-01,5.985374019012261737e-01
9.273632764816284180e-01,7.497831565032099244e-01
8.215330243110656738e-01,9.349022812219002221e-01
9.193540215492248535e-01,9.102871721209125910e-01
9.193540215492248535e-01,9.018203790850765067e-01
6.899859905242919922e-01,9.332908123259795463e-01
6.899859905242919922e-01,8.445222280237210111e-01
6.497738957405090332e-01,7.417798576170212543e-01
9.705049991607664905e-01,7.225252822007747211e-01
9.705049991607664905e-01,8.151980104072878985e-01
8.034440279006958008e-01,9.435949460460926197e-01
8.034440279006958008e-01,9.084540484716859821e-01
8.920990228652954102e-01,8.576546076143819475e-01
7.462270259857177734e-01,8.884308204235700224e-01
7.462270259857177734e-01,8.650494649767561661e-01
1.495407462120056152e+00,7.992005326612473537e-01
1.495407462120056152e+00,9.048172223381742985e-01
7.597569823265075684e-01,1.051068954624831520e+00
9.677280187606811523e-01,9.671407119129616925e-01
9.677280187606811523e-01,8.738294297101724117e-01
1.126011013984680176e+00,9.430347714767218781e-01
1.126011013984680176e+00,9.479537228719219222e-01
7.641419768333435059e-01,9.751045510059888066e-01
1.423818945884704590e+00,9.145080698535631436e-01
1.423818945884704590e+00,9.044027187959440273e-01
8.309190273284912109e-01,1.036224079709374246e+00
8.309190273284912109e-01,9.703661175857765109e-01
5.316870212554931641e-01,8.857367908870519280e-01
6.942920088768005371e-01,7.318030413878540141e-01
6.942920088768005371e-01,6.548998278109209314e-01
1.097100019454955833e+00,7.461749187002318928e-01
1.097100019454955833e+00,8.550654187268440509e-01
8.623710274696350098e-01,9.692254523233803098e-01
9.711959958076474830e-01,9.385472077507172051e-01
9.711959958076474830e-01,9.197505684014660732e-01
7.501904964447021484e-01,9.437343480812988572e-01
7.501904964447021484e-01,8.861327725290909507e-01
5.659890174865722656e-01,8.032484955503869095e-01
7.235890030860900879e-01,7.118160036246324873e-01
7.235890030860900879e-01,6.868670661500010377e-01
1.088876962661743164e+00,7.760833480591171618e-01
1.088876962661743164e+00,8.672494329633178012e-01
2.614549994468688965e-01,9.675550318133567806e-01
1.923168003559112549e-01,7.168431033128656038e-01
1.923168003559112549e-01,2.737079286807909129e-01
2.048390060663223544e-01,2.352441434913467855e-01
2.048390060663223544e-01,2.411834194268792919e-01
3.752999901771545410e-01,2.479548024623260127e-01
1.878910064697265625e-01,3.317873963055933406e-01
1.878910064697265625e-01,3.370962579127753656e-01
4.178839921951293945e-01,2.307521712182552531e-01
4.178839921951293945e-01,3.448564082314787282e-01
6.128349900245666504e-01,4.644800478003106026e-01
4.822100102901459295e-01,5.559211074416523513e-01
4.822100102901459295e-01,6.007392202158921002e-01
8.136649727821350098e-01,5.299586291952241845e-01
8.136649727821350098e-01,6.753237000767706721e-01
8.997989892959594727e-01,8.681004447683894343e-01
7.667459845542907715e-01,8.956403065752441828e-01
7.667459845542907715e-01,8.780358647727920518e-01
6.762999892234802246e-01,8.201588444342753359e-01
6.762999892234802246e-01,7.753907040059246913e-01
9.804093837738037109e-01,7.278122519622668429e-01
1.075533032417297363e+00,8.313333163399279080e-01
1.075533032417297363e+00,9.493754341351854364e-01
6.459739804267883301e-01,9.648460142694970099e-01
6.459739804267883301e-01,8.633317773742412715e-01
7.601699829101562500e-01,6.968698630884367917e-01
8.707180023193359375e-01,7.481928100249579661e-01
8.707180023193359375e-01,8.570113194560410319e-01
1.045557022094726562e+00,9.235173729274874788e-01
1.045557022094726562e+00,9.224069831644334805e-01
4.832339882850646418e-01,9.587678779460648837e-01
1.085988998413085938e+00,7.881106122347020237e-01
1.085988998413085938e+00,7.543782292329102024e-01
7.320979833602905273e-01,9.669685587193408427e-01
7.320979833602905273e-01,8.980681211668323227e-01
7.128990292549133301e-01,7.847717463517126513e-01
1.045389056205749512e+00,7.756009537082789729e-01
1.045389056205749512e+00,8.584805967925576153e-01
7.359200119972229004e-01,9.587338490650650913e-01
7.359200119972229004e-01,8.930630656275682089e-01
8.956930041313171387e-01,7.886746338064547501e-01
8.745509982109069824e-01,8.486508371098887560e-01
8.745509982109069824e-01,9.260317138692603089e-01
9.237470030784606934e-01,9.242884472268276808e-01
9.237470030784606934e-01,9.241515972610891971e-01
9.997780323028563343e-01,9.341745944730873719e-01
1.739534020423889160e+00,9.363512759289831511e-01
1.739534020423889160e+00,9.829290231853001769e-01
8.107889890670776367e-01,1.102139403901550185e+00
8.107889890670776367e-01,1.017989243696733048e+00
7.049050331115722656e-01,8.651610616255979158e-01
8.328270316123962402e-01,8.111688154575282805e-01
8.328270316123962402e-01,8.112501793378716908e-01
8.276600241661071777e-01,8.876872707836169774e-01
8.276600241661071777e-01,8.852034377944107968e-01
8.953109979629516602e-01,8.824053275853120937e-01
1.459501028060913086e+00,9.031241970199949121e-01
1.459501028060913086e+00,9.417705441125651111e-01
1.179519057273864746e+00,1.043615837766784793e+00
1.179519057273864746e+00,1.023029423032321583e+00
1.443411946296691895e+00,9.860108197211925329e-01
1.306735038757324219e+00,9.993860522797283208e-01
1.306735038757324219e+00,1.031209466428151034e+00
7.634999752044677734e-01,1.012072832126601707e+00
7.634999752044677734e-01,9.390841560867437821e-01
1.145148038864135520e+00,8.168430121352657780e-01
7.253450155258178711e-01,8.871811458423416452e-01
7.253450155258178711e-01,9.048385096801193628e-01
7.633590102195740856e-01,7.778763197136497887e-01
7.633590102195740856e-01,7.953901575404813684e-01
6.174820065498352051e-01,8.166990176548402092e-01
1.029322981834411621e+00,7.439799754092061290e-01
1.029322981834411621e+00,8.091152514407322638e-01
1.302055954933166504e+00,9.554804522817794687e-01
1.302055954933166504e+00,9.656734061941470992e-01
3.164124965667724609e+00,1.011110952236126570e+00
9.734439849853515625e-01,1.238497215832210285e+00
9.734439849853515625e-01,1.404537747244834378e+00
1.229671001434326172e+00,9.441878963312333450e-01
1.229671001434326172e+00,9.515895025392311357e-01
7.441530227661132812e-01,9.962629134372282813e-01
1.063034057617187500e+00,9.229678259524535244e-01
1.063034057617187500e+00,8.743011870628100146e-01
1.123872041702270508e+00,9.623103868949105522e-01
1.123872041702270508e+00,9.655278112691502157e-01
8.984770178794860840e-01,9.746692588342118491e-01
7.175139784812927246e-01,9.487554221943130806e-01
7.175139784812927246e-01,8.520994230981845385e-01
5.367509722709655762e-01,7.698807321015499472e-01
5.367509722709655762e-01,6.812870666313479706e-01
1.175443053245544434e+00,5.855138025622035336e-01
1.101048946380615234e+00,7.956773726490463661e-01
1.101048946380615234e+00,9.799356181465674887e-01
5.734490156173706055e-01,9.700279076170199577e-01
5.734490156173706055e-01,8.404331992531399731e-01
1.431144952774048074e+00,6.229133559196049497e-01
1.037794947624206321e+00,8.451443951537451760e-01
1.037794947624206321e+00,1.004151270083606606e+00
6.568620204925537109e-01,9.571956658056688383e-01
6.568620204925537109e-01,8.595132126697501151e-01
1.074908018112182617e+00,7.079779971535581362e-01
1.385972023010254128e+00,8.353619346094410814e-01
1.385972023010254128e+00,9.778573107488911509e-01
1.004804968833923118e+00,1.028399958663394065e+00
1.004804968833923118e+00,9.942300718503758183e-01
1.609539985656738503e+00,9.505212241096424597e-01
2.817575931549072266e+00,9.749618786209757193e-01
2.817575931549072266e+00,1.195577899656291132e+00
1.962562561035156028e+00,1.336076469637202502e+00
1.962562561035156028e+00,1.312448540330455327e+00
1.279752016067504883e+00,1.149404234675930780e+00
1.995329976081847700e+00,1.107458282879592026e+00
1.995329976081847700e+00,1.052212079913030118e+00
2.033385992050170898e+00,1.156397571982854089e+00
2.033385992050170898e+00,1.158776971469062778e+00
1.307443976402282715e+00,1.164535488760575443e+00
1.611258029937743919e+00,1.121927715414260396e+00
1.611258029937743919e+00,1.029453631430675475e+00
2.040218114852905273e+00,1.075218083523732604e+00
2.040218114852905273e+00,1.104198826695961699e+00
2.183244943618774414e+00,1.165998280452495095e+00
1.351415991783142090e+00,1.175345956166906403e+00
1.351415991783142090e+00,1.152756717365163830e+00
7.242180109024047852e-01,1.021270624244853709e+00
7.242180109024047852e-01,9.361672174735932161e-01
1.363389015197754128e+00,7.767255907135426352e-01
1.526808977127075195e+00,8.877312125764456052e-01
1.526808977127075195e+00,1.033336731113697393e+00
1.784019589424133301e+00,1.057599231951069196e+00
1.784019589424133301e+00,1.073656867961172434e+00
1.103597044944763184e+00,1.111520421376509971e+00
1.763007998466491699e+00,1.062306290378546070e+00
1.763007998466491699e+00,1.004322409560966634e+00
1.157549023628234863e+00,1.107086663281358074e+00
1.157549023628234863e+00,1.064269617914092914e+00
1.153326034545898438e+00,9.815288008381266582e-01
2.362811088562012163e+00,9.812651037173248936e-01
2.362811088562012163e+00,1.074063499100195607e+00
2.580787897109985352e+00,1.235696520380024976e+00
2.580787897109985352e+00,1.250913313787077819e+00
1.242146968841552734e+00,1.283496214095048993e+00
1.712821006774902344e+00,1.235478135612400497e+00
1.712821006774902344e+00,1.024970724752739537e+00
6.676509976387023926e-01,1.096517325772865092e+00
6.676509976387023926e-01,9.892736497549005081e-01
8.271329998970031738e-01,7.189863994273094638e-01
9.642647504806519665e-01,7.869251533084119510e-01
9.642647504806519665e-01,9.061344472836573294e-01
1.394161701202392578e+00,9.423362816870745062e-01
1.394161701202392578e+00,9.550022086475625782e-01
7.584049701690673828e-01,1.030091612513395427e+00
6.900759935379028320e-01,9.508588849755679195e-01
6.900759935379028320e-01,7.781411226477102927e-01
6.740249991416931152e-01,7.418717196097956990e-01
6.740249991416931152e-01,7.342408332667839099e-01
8.615220189094543457e-01,7.254906585243897643e-01
7.907469868659973145e-01,8.021616873765091693e-01
7.907469868659973145e-01,8.785584994113407875e-01
7.285000085830688477e-01,8.446798365206251713e-01
7.285000085830688477e-01,8.137975086201850727e-01
2.411980032920836847e-01,7.810978049698300563e-01
3.354600071907043457e-01,5.522627704543623395e-01
3.354600071907043457e-01,3.304166293034606627e-01
5.912460088729858398e-01,3.806482068176843536e-01
5.912460088729858398e-01,5.022809015351694661e-01
1.058426976203918457e+00,6.410560826912301557e-01
7.669919729232788086e-01,8.011354008726355724e-01
7.669919729232788086e-01,9.064283098053216303e-01
5.881239771842956543e-01,8.204101289989160772e-01
5.881239771842956543e-01,7.309480455623454942e-01
5.922303199768066406e-01,6.378731395332729592e-01
8.753510117530822754e-01,6.398116837735080553e-01
8.828200101852416992e-01,7.585421619725645215e-01
7.038279771804809570e-01,9.247117428735398548e-01
7.038279771804809570e-01,8.397735906997432220e-01
5.677499771118164062e-01,7.559088306806813762e-01
7.133870124816894531e-01,6.895945612505141042e-01
7.133870124816894531e-01,6.835096388817799573e-01
1.077505946159362793e+00,7.656673290400174414e-01
1.077505946159362793e+00,8.617622325864163768e-01
6.909419894218444824e-01,9.652464166708594195e-01
7.724580168724058948e-01,8.813555458723849600e-01
7.724580168724058948e-01,7.794796064102513800e-01
7.237120270729064941e-01,8.259940359790530762e-01
7.237120270729064941e-01,8.021580387010656121e-01
9.752489924430847168e-01,7.762089602163079194e-01
9.151769876480103649e-01,8.558229838930838662e-01
9.151769876480103649e-01,9.388161553969147644e-01
7.574009895324707031e-01,9.324506754739815273e-01
7.574009895324707031e-01,8.773471081629885537e-01
6.912069916725158691e-01,8.106131592699181709e-01
1.183527946472167969e+00,7.781963834907508204e-01
1.183527946472167969e+00,8.616687326277662207e-01
7.705749869346618652e-01,9.868292557475352167e-01
7.705749869346618652e-01,9.240072444772932103e-01
8.947700262069702148e-01,8.240703643238654896e-01
6.143350005149841309e-01,8.692149061601314175e-01
6.143350005149841309e-01,7.983138854211744295e-01
7.692319750785827637e-01,6.645989964998855193e-01
7.692319750785827637e-01,7.335316352777513371e-01
9.070749878883361816e-01,8.226983906874729691e-01
4.068099856376647949e-01,8.708189558719390266e-01
4.068099856376647949e-01,7.051584856249527578e-01
5.138880014419555664e-01,4.532123840884677568e-01
5.138880014419555664e-01,5.039281068636751737e-01
2.481469959020614902e-01,5.622215551584105464e-01
2.568759918212890625e-01,4.408492846767838591e-01
2.568759918212890625e-01,2.960571730067602103e-01
5.980659723281860352e-01,3.007940767260180448e-01
5.980659723281860352e-01,4.655740667677757405e-01
5.981699824333190918e-01,6.480094916881209421e-01
8.801140189170837402e-01,6.480586245529019740e-01
8.801140189170837402e-01,7.634145251560886525e-01
1.085649013519286887e+00,9.254056217130440798e-01
1.085649013519286887e+00,9.255071376550116913e-01
9.920129776000974342e-01,9.668995226087679917e-01
8.743849992752075195e-01,9.592015359820388332e-01
8.743849992752075195e-01,9.325638908126965276e-01
8.770260214805603027e-01,9.242550965935165674e-01
8.770260214805603027e-01,9.243934288559079171e-01
1.008928894996642844e+00,9.247855586844208053e-01
8.088759779930114746e-01,9.242815037525681232e-01
8.088759779930114746e-01,9.149193529463640617e-01
6.714209914207458496e-01,8.632059308230967121e-01
6.714209914207458496e-01,7.928988549278084275e-01
7.449629902839660645e-01,7.228333799374139224e-01
6.942679882049560547e-01,7.564131333079905373e-01
6.942679882049560547e-01,7.733101980601948533e-01
1.001886010169982910e+00,7.461504007264443405e-01
1.001886010169982910e+00,8.440945586004588996e-01
7.935580015182495117e-01,9.499312680652189922e-01
8.450049161911010742e-01,9.086323437258432278e-01
8.450049161911010742e-01,8.694931626740540764e-01
8.031240105628967285e-01,9.001371462129704737e-01
8.031240105628967285e-01,8.784787161077250994e-01
5.744469761848449707e-01,8.573275679309261266e-01
5.679720044136047363e-01,7.408078760896519288e-01
5.679720044136047363e-01,6.208699452455759271e-01
4.538080096244812012e-01,6.173306724457445771e-01
4.538080096244812012e-01,5.632320566232253967e-01
8.494881391525268555e-01,5.010419162326256171e-01
4.064599871635437012e-01,6.727174682517826909e-01
4.064599871635437012e-01,6.807426307258418463e-01
2.453519999980926514e-01,4.528562878029198102e-01
2.453519999980926514e-01,3.792450333093406734e-01
2.323218107223510742e+00,2.890897496864033855e-01
2.027115583419800249e+00,9.190882888650528937e-01
2.027115583419800249e+00,1.211521209330896465e+00
1.581117987632751687e+00,1.163193447236247735e+00
1.581117987632751687e+00,1.137918526802078611e+00
1.727049946784973145e+00,1.068920371784598977e+00
1.150642037391662598e+00,1.077997518917483744e+00
1.150642037391662598e+00,1.058038060858603968e+00
