9.743152856830000763e-01,1.129512781043128022e+00
5.654720067979999154e-01,1.138846908433217342e+00
7.307389974590000614e-01,1.106550899685361689e+00
1.074290990829999792e+00,1.085851070051695899e+00
9.521890282630000035e-01,1.136455427003370211e+00
9.879170060160000766e-01,1.155575862448148472e+00
1.011654973029999960e+00,1.147990982854240061e+00
0.000000000000000000e+00,1.153729677498041672e+00
7.643579840659999736e-01,1.051792730508777307e+00
7.788103222849999119e-01,1.037154254391778441e+00
3.306220054629999794e+00,1.109143429654432911e+00
1.055441975589999970e+00,1.370614764850361045e+00
7.543110251430000801e-01,1.372068502039663462e+00
7.915459871289999283e-01,1.133470338769775987e+00
1.409499049189999909e+00,1.109527575930811194e+00
8.875439763070001042e-01,1.176565952863942499e+00
6.401469707490000660e-01,1.179840541609714855e+00
5.082880258560000808e-01,1.106233483262502704e+00
8.640019893649999450e-01,1.069842645058279196e+00
5.725920200349999822e-01,1.094292963513147532e+00
8.469420075419999971e-01,1.097108836970718260e+00
9.181020259860001032e-01,1.098468203471219651e+00
7.976629734039999420e-01,1.131097539317885037e+00
9.608020186419998776e-01,1.125264673061155074e+00
9.555831551549999192e-01,1.130947193194104639e+00
3.470349907879999862e-01,1.145457393053054274e+00
9.546210169789999256e-01,1.082340082753574073e+00
1.293938040730000072e+00,1.088746691712062065e+00
5.251880288119999962e-01,1.179713079602765502e+00
4.773890078070000542e-01,1.131885454734301355e+00
1.275226235389999907e+00,1.056058905794390101e+00
8.723750114439999814e-01,1.133768961978818046e+00
8.355640172959999390e-01,1.165894404713433197e+00
7.321749925609999377e-01,1.124948011854567387e+00
7.640249729160000225e-01,1.110911191790768582e+00
4.072830080990000323e-01,1.104653176506083634e+00
4.752210080619999610e-01,1.070872580569839583e+00
8.781340122220000488e-01,1.044960623774237041e+00
7.414129972460000717e-01,1.092697544762283979e+00
1.258002042770000051e+00,1.115788534245357289e+00
1.069700956339999953e+00,1.156348756995819738e+00
7.274609804150000691e-01,1.184615843340759644e+00
7.892770171170000459e-01,1.132021945740416813e+00
6.237750053410000550e-01,1.106817486090998726e+00
6.914690136910000007e-01,1.095484576337426796e+00
8.557710051540000640e-01,1.087186794303338644e+00
7.093830108640000187e-01,1.110341732270963888e+00
1.014547944070000041e+00,1.110429105239296055e+00
1.115731000900000103e+00,1.128336464158491426e+00
4.182830154900000208e-01,1.166898236726725102e+00
1.002280950550000105e+00,1.104444880441373344e+00
1.218860983849999968e+00,1.100223840699302569e+00
1.143296003339999922e+00,1.176381616703502830e+00
6.528189778330000248e-01,1.188580518116934881e+00
6.746559739110000731e-01,1.131127423542441113e+00
6.009536385540000802e-01,1.088135193163872083e+00
6.694570183749999348e-01,1.082563410780508217e+00
6.538079977039999990e-01,1.082816208027133520e+00
7.814120054240000224e-01,1.087524010046431178e+00
1.206303954120000022e+00,1.099214478048113453e+00
8.469259738919999725e-01,1.154717001167136603e+00
8.286409974099999687e-01,1.156917871362120209e+00
6.482390165329999787e-01,1.121888119238712900e+00
5.623700022700000023e-01,1.101633372262285082e+00
7.183309793469999649e-01,1.076155513432457411e+00
1.099647998810000082e+00,1.084287834143440099e+00
9.541710019110001273e-01,1.137920872636264846e+00
7.290139794350000146e-01,1.158118700298400361e+00
6.694499850270000385e-01,1.121525721977942647e+00
8.631219863889999511e-01,1.094627311104183764e+00
6.464660167689999515e-01,1.109067389249442703e+00
8.223180174830000411e-01,1.104631285871539914e+00
9.235979914669999458e-01,1.102747606691328652e+00
8.300920128820000743e-01,1.129391993076738432e+00
1.067314028740000031e+00,1.129109419861678010e+00
1.546175003050000107e+00,1.144901276482268138e+00
6.827279925350000500e-01,1.216069433302074954e+00
6.385620236399999206e-01,1.171365979387295697e+00
6.464239954950000699e-01,1.087178857182172109e+00
6.881093978879999629e-01,1.083914354398180624e+00
7.273989915849999877e-01,1.088930061356459644e+00
6.500350236890000133e-01,1.096818927332639415e+00
8.693690299990000092e-01,1.092480029744857806e+00
4.408580064769999640e-01,1.107919611253598058e+00
4.518609941010000020e-01,1.084044907511021005e+00
7.575070261959999662e-01,1.045653088847656953e+00
4.952389895920000229e-01,1.078127145989731916e+00
6.850870251659999521e-01,1.079324419967230053e+00
7.243813276289999825e-01,1.074674214833158503e+00
8.653740286830000628e-01,1.096229555879513429e+00
7.400469779970000328e-01,1.114365855072134925e+00
8.070759773250000269e-01,1.114470999035257925e+00
8.204330205920000729e-01,1.109810364184731224e+00
1.114411950110000049e+00,1.117367677202866671e+00
1.108605027200000093e+00,1.148858005974101149e+00
4.751499891279999943e-01,1.175375880854730770e+00
1.039268016820000140e+00,1.109640744195611983e+00
9.457899928090000019e-01,1.109276008533230495e+00
7.877500057220000462e-01,1.151686836300293670e+00
3.504549860949999762e-01,1.126798201451060910e+00
9.367713332179998797e-01,1.067211763721115814e+00
9.868059754369999936e-01,1.087224928237125576e+00
6.470239758489999549e-01,1.146454555036178657e+00
1.029777050020000084e+00,1.116096882822780634e+00
1.187446951870000156e+00,1.124152173992331027e+00
9.328820109369999614e-01,1.175684411278945518e+00
7.528370022769999004e-01,1.164025752521681722e+00
6.420040130619999452e-01,1.122014130248337072e+00
2.307340055699999837e-01,1.093999734140202795e+00
4.714997112749998998e-01,1.041446173072854364e+00
8.772729635240000823e-01,1.028293355035290402e+00
7.876309752460000091e-01,1.092265680656539395e+00
2.742219865320000283e-01,1.120466184738120319e+00
3.992269933219999567e-01,1.059354362841764763e+00
9.923512339589999343e-01,1.024865727926540515e+00
7.627239823340000724e-01,1.097444147118008750e+00
7.200859785079999353e-01,1.128516993937727086e+00
6.264780163759999798e-01,1.102948403910052555e+00
7.269890308380000388e-01,1.089380855241405044e+00
9.301019906999999920e-01,1.091092073564554843e+00
6.872699856759999504e-01,1.121268625020598986e+00
8.662552833559999943e-01,1.115009105155663427e+00
8.352038264269999734e-01,1.111033542622744452e+00
9.402499794959999768e-01,1.124346476754147783e+00
1.023357987399999836e+00,1.132294470471516323e+00
7.322629690170000538e-01,1.150537596080901892e+00
9.300749897960000068e-01,1.128241689858404451e+00
8.702930212019999168e-01,1.121752295063699112e+00
5.104020237919999481e-01,1.133844597829466228e+00
1.025817990299999982e+00,1.091288079261699462e+00
4.551239907739999535e-01,1.111143161140701219e+00
7.345349788670000324e-01,1.099943551764060112e+00
7.012919783589999234e-01,1.076063672815444239e+00
1.014386057849999911e+00,1.098413944140474552e+00
1.123770236970000225e+00,1.127573513873275646e+00
4.825370013710000294e-01,1.167710758106150326e+00
4.689320027830000681e-01,1.111799850652457344e+00
8.755196928980000237e-01,1.051254475020014123e+00
1.145424962039999883e+00,1.091848385815967326e+00
1.943787455560000099e+00,1.157131074642278934e+00
1.557039022450000143e+00,1.264199100166560674e+00
2.104775905609999942e+00,1.298030400964372166e+00
1.062240004540000005e+00,1.318734939101462000e+00
7.867829799650000178e-01,1.261951298212893979e+00
2.247971057890000068e+00,1.137439600380181437e+00
5.664669871329999218e-01,1.262427906478849060e+00
8.389729857439999217e-01,1.224130754736470150e+00
3.188189864160000386e-01,1.097083026131583816e+00
6.386680006980000046e-01,1.068680194309898024e+00
7.540266513819999794e-01,1.053624102242763039e+00
1.085826039310000102e+00,1.094999330950876537e+00
6.014299988750000381e-01,1.139790662878033656e+00
6.923220157619999204e-01,1.120537294637225401e+00
8.782439827919999997e-01,1.085213567779761634e+00
1.279224038119999962e+00,1.112733482754151959e+00
7.251669764520000117e-01,1.171153869803136960e+00
4.283109903339999969e-01,1.151111489489459183e+00
7.012249827380000466e-01,1.069452802020141258e+00
8.846225738529999161e-01,1.070162045003710372e+00
7.809653878210001121e-01,1.114211188765441340e+00
9.259700179100002204e-01,1.120458018594246541e+00
9.178640246389998536e-01,1.125821919876864641e+00
9.073020219799998731e-01,1.138362303106450257e+00
4.099450111390000040e-01,1.136527521747710656e+00
8.741459846500000408e-01,1.084361933775368048e+00
1.231343984599999830e+00,1.086266245607161007e+00
7.683960199359999299e-01,1.165847742413152366e+00
9.357339143750000865e-01,1.151144633856491684e+00
7.523270249369999885e-01,1.125667533452769709e+00
6.247839927670000293e-01,1.122224689245647333e+00
1.977947235109999591e+00,1.092180293341916686e+00
2.476479291920000048e+00,1.219693000886518996e+00
6.822599768639999729e-01,1.395816260382718887e+00
1.294077992440000102e+00,1.257125742298599080e+00
2.116506099700000032e+00,1.154605877931059288e+00
2.030230045320000176e+00,1.295687707732501970e+00
1.727593064309999926e+00,1.362665407696658892e+00
1.321619033810000010e+00,1.323558144710448303e+00
1.114274978639999913e+00,1.253858368871005435e+00
1.618482947350000201e+00,1.195071510022153172e+00
1.102354049679999948e+00,1.227843371447932430e+00
8.501269817350000091e-01,1.221226190154570013e+00
6.531813144679999850e-01,1.147659374263297227e+00
6.168276071549999573e-01,1.104123857592096636e+00
1.023204803470000090e+00,1.082216522603171249e+00
1.176781058310000017e+00,1.120690508553709330e+00
1.108754038809999898e+00,1.173980404059876692e+00
9.838110208509999177e-01,1.181143921218502202e+00
1.829927563669999868e+00,1.162009362360032050e+00
1.342131018639999951e+00,1.237573170147961310e+00
1.265669584270000092e+00,1.265408570253943488e+00
7.930377125740000199e-01,1.212546030727498003e+00
1.030689358710000114e+00,1.156846995795608679e+00
8.210232257839999992e-01,1.137713858947363876e+00
1.099169254300000009e+00,1.138053722242607257e+00
5.255355238910000004e-01,1.147343561836287273e+00
7.758393883709999717e-01,1.113956446309879667e+00
7.209759950640000081e-01,1.086809512791801824e+00
8.666771054269999386e-01,1.104249728563690081e+00
8.462041020389999835e-01,1.114185880972504261e+00
7.614132165909999195e-01,1.125517607745281090e+00
6.587246060370000045e-01,1.114901993161553362e+00
1.078659296040000104e+00,1.096511771258232404e+00
1.281940340999999872e+00,1.130262693431233201e+00
6.600005030629999547e-01,1.189919040679304540e+00
1.112500548360000119e+00,1.144654652195616240e+00
6.280704736709999958e-01,1.133863550846826218e+00
6.864575743680000341e-01,1.125739675727975175e+00
9.000409841539999123e-01,1.087067181285661155e+00
7.342569231990000445e-01,1.114436064217352529e+00
1.011121273039999879e+00,1.117072602736853604e+00
8.827599883079999543e-01,1.130278048278814618e+00
7.521411776540001259e-01,1.142603202162720821e+00
9.489411115650000506e-01,1.117319435438985264e+00
6.799052953720000625e-01,1.125527620146697938e+00
7.211565971369999772e-01,1.115988733844362146e+00
6.504104733470000843e-01,1.095419700362406656e+00
7.167106270790000178e-01,1.091942897495525422e+00
9.056316018100001308e-01,1.092241594000339155e+00
6.526464819910000603e-01,1.117801922024093564e+00
7.056654095649999014e-01,1.109188356254368069e+00
6.581057906149999637e-01,1.091310986063172672e+00
6.592794060709999959e-01,1.091306100567419390e+00
6.634064316750000190e-01,1.087040168256681483e+00
7.808002829549999246e-01,1.087573200055318434e+00
7.565907239910000248e-01,1.100036840543827221e+00
9.280405640600000172e-01,1.108373015297833497e+00
7.073829770089999913e-01,1.123786802997960743e+00
3.888399899009999383e-01,1.116889133238492260e+00
3.422417938710000107e-01,1.063749844189817217e+00
2.337300032380000281e-01,1.029572375230945136e+00
1.459127068520000015e-01,1.014105548615061636e+00
3.949534893039999828e-01,9.950580528207050302e-01
9.678409695629999199e-01,1.012591081431600593e+00
7.839220166210000285e-01,1.094527210297885578e+00
8.333759903910000766e-01,1.128438101706224606e+00
9.723259806630000224e-01,1.116564217842336282e+00
6.905210018160000685e-01,1.135427358942982634e+00
1.345324039460000121e+00,1.119238311525555085e+00
7.227010130879999439e-01,1.160642439080329380e+00
6.804850101469999135e-01,1.156954502951386798e+00
7.610610127449999318e-01,1.095180825999802599e+00
8.075709938999999782e-01,1.099580406674048660e+00
5.886639952659999953e-01,1.111799573948750064e+00
9.960750937460000065e-01,1.093558081805920290e+00
1.045413970949999882e+00,1.115300422546255943e+00
4.713059961800000197e-01,1.157956857339328405e+00
1.047140955920000005e+00,1.103416577526787901e+00
1.126214265820000060e+00,1.109731789159177806e+00
2.560461759570000329e+00,1.170983508714332544e+00
7.747610211370000721e-01,1.325899513305469624e+00
7.172060012819999608e-01,1.274392824611376707e+00
8.005080223080000001e-01,1.103762230277861578e+00
5.680390000339999856e-01,1.107027575461521085e+00
1.195780038829999947e+00,1.090783752978629506e+00
7.970449924470000003e-01,1.133953046303383561e+00
4.899359941480000979e-01,1.150813091205462602e+00
9.918130040170001216e-01,1.082425439731525385e+00
7.445690035819999553e-01,1.105755422031653445e+00
6.096370220180000743e-01,1.126598714898871867e+00
8.565919995309999591e-01,1.089905691377721197e+00
8.144299983980000102e-01,1.102878344925350751e+00
7.605929970739999657e-01,1.121316985553663548e+00
9.157519936560000184e-01,1.111886841084646305e+00
7.421634793279999753e-01,1.122891134577043815e+00
7.329360246660000522e-01,1.119335526817049509e+00
8.745691180230000805e-01,1.102374591458161968e+00
9.644910097120000803e-01,1.116101331186712509e+00
1.477671980859999845e+00,1.138420436618480913e+00
6.752679944040000937e-01,1.199534606674469872e+00
5.030400156970000758e-01,1.164279672017427769e+00
7.066659927370000371e-01,1.072541921325373071e+00
2.968195915220000369e+00,1.077614808524877565e+00
1.255300998690000114e+00,1.329168673051070337e+00
4.084815025330000182e+00,1.361461224755779797e+00
1.692322969440000158e+00,1.494702879429783193e+00
4.121052026750000041e-01,1.509435462105883641e+00
1.035750985149999970e+00,1.156991794900342985e+00
6.408920288089999806e-01,1.103098986358335365e+00
7.065470218660000468e-01,1.119980253199874154e+00
1.060830354689999977e+00,1.090317538988755830e+00
1.880954027180000043e+00,1.132838585080402138e+00
1.886373996729999725e+00,1.249929150307759862e+00
1.328773975370000082e+00,1.326132279673018166e+00
3.931840062139999592e-01,1.269240188701375116e+00
6.382430195809999374e-01,1.121511839291530421e+00
1.045531988140000035e+00,1.060439523251512250e+00
6.588029861449999913e-01,1.124963856082226377e+00
8.046740293499999863e-01,1.122725936153601278e+00
8.740410208700001293e-01,1.102069484556122525e+00
8.532550334930000258e-01,1.122663832326059596e+00
8.952109813689997919e-01,1.126922559031349858e+00
7.301589846610000434e-01,1.129323727269195166e+00
4.149410128589999802e-01,1.116205312711835873e+00
2.700940072540000125e-01,1.068537117405773396e+00
4.911319911480000466e-01,1.024553896202034187e+00
5.079169869420000483e-01,1.033944469139327804e+00
1.224020004270000017e+00,1.056059847402891716e+00
1.267657995220000222e+00,1.131314257708791793e+00
2.633487939829999736e+00,1.201856554819225931e+00
3.999615430829999596e+00,1.346462130256181000e+00
6.651418209080000032e+00,1.613052579540549480e+00
2.102678060530000170e+00,2.012000971157356766e+00
1.283689975739999989e+00,1.788406297334363071e+00
1.291347503659999951e+00,1.284550946793384218e+00
1.353754043579999733e+00,1.209798585490318157e+00
2.390191078189999985e+00,1.216928196529979855e+00
1.461441040039999972e+00,1.329361543527075140e+00
1.599208951000000045e+00,1.329365473159996203e+00
1.471150994300000070e+00,1.257880913455575511e+00
1.298205018039999992e+00,1.257407530801963880e+00
1.579622030259999921e+00,1.227795140463809442e+00
1.360355019570000268e+00,1.240808587762843418e+00
8.036410212519999874e-01,1.244197023579653560e+00
4.276689887049999750e-01,1.166671806167481673e+00
2.694070041180000041e-01,1.076624887536222763e+00
3.897170126439999938e-01,1.025657168025669419e+00
4.179170131680000067e-01,1.023442778918104867e+00
1.546036005019999937e+00,1.037442280039530651e+00
1.017611026760000037e+00,1.156157072773810635e+00
8.653150200839999640e-01,1.205821612006487742e+00
6.194109916690000439e-01,1.141406238297038023e+00
8.454149961469999974e-01,1.102048875136161898e+00
8.048596382139999728e-01,1.102629447199167778e+00
1.435889005660000217e+00,1.119301011854439754e+00
2.565752029420000024e+00,1.180510191228240302e+00
6.206179142000000759e+00,1.355007312502194639e+00
9.309499859810000943e-01,1.833919497297920254e+00
9.077759981159998492e-01,1.626736770185525316e+00
4.609797894950000141e-01,1.137783308801425308e+00
5.264570117000000327e-01,1.089658500226674986e+00
7.942249774930000283e-01,1.055186982566105547e+00
9.704009890560000295e-01,1.088786878160298732e+00
6.695889830590000535e-01,1.131618076485142232e+00
6.997730135920000594e-01,1.116906290600501617e+00
6.903669834139999351e-01,1.092267215944096259e+00
6.361600160600000553e-01,1.094083149783712017e+00
9.726700186730000697e-01,1.087636219274303206e+00
6.393389701839999884e-01,1.117272274849753000e+00
5.123779773709999930e-01,1.114002039453358073e+00
5.699130296709999932e-01,1.070189083776433181e+00
8.318089842800000522e-01,1.064400557968712802e+00
4.694110155110000071e-01,1.096663508698052292e+00
9.054309725759998040e-01,1.083519374535126145e+00
8.482750058169999940e-01,1.094971241804266082e+00
6.566630005839999562e-01,1.129305277181258615e+00
6.324055790899999474e-01,1.104311396927411870e+00
3.268550038340000130e-01,1.084141052318371212e+00
3.047409951689999952e-01,1.050454278758341298e+00
2.159480005499999911e-01,1.019995263411531683e+00
2.148479968310000043e-01,1.008816363920773007e+00
1.512310057880000003e-01,1.000513196336629163e+00
4.153338372709999837e-01,9.938638399213696184e-01
7.344200015070000420e-01,1.015179307133839304e+00
9.913370013240001555e-01,1.072381737369480170e+00
7.910000085830000138e-01,1.128256757419929368e+00
7.429170012469999973e-01,1.131333806852067303e+00
7.426548600200000294e-01,1.107906408337283377e+00
8.799139857289999256e-01,1.103444422655250445e+00
7.376829981800000491e-01,1.117547892093012418e+00
1.240342974660000097e+00,1.115568795597757124e+00
8.343409895899999151e-01,1.154187123125721470e+00
3.054729998110000122e-01,1.158762175957147811e+00
8.929460048680000206e-01,1.066879295320791066e+00
1.285866022110000007e+00,1.078565148328657575e+00
4.146400094030000538e-01,1.173193570081098258e+00
1.090137004850000091e+00,1.119762562083425284e+00
5.923830270769999684e-01,1.108930569129198851e+00
3.773260116580000045e-01,1.120003746411455836e+00
2.693597316740000469e+00,1.051957563433204568e+00
2.288666009900000020e+00,1.270527966555204280e+00
8.955270051960000366e-01,1.442494231621779921e+00
8.070570230480000884e-01,1.261753419930586428e+00
1.194862961769999954e+00,1.124149333898301517e+00
8.929409980770000033e-01,1.155904820488649065e+00
9.776080250740001309e-01,1.160598776365459051e+00
1.832507014270000179e+00,1.141465085980898575e+00
1.403792977329999747e+00,1.237266522748569519e+00
7.223749756810000644e-01,1.271993160241624787e+00
6.599410176280000595e-01,1.162313910283067298e+00
7.407349944109999917e-01,1.093036225196498901e+00
5.553659796709999874e-01,1.095593409527580775e+00
1.236768960949999885e+00,1.083966109084508300e+00
6.214020252229999208e-01,1.137002992641880095e+00
7.108730077739999764e-01,1.136515386503676561e+00
3.064779937269999643e-01,1.088965110961424010e+00
6.473349928859999380e-01,1.055594491919424893e+00
5.458269715310000159e-01,1.053377879434778119e+00
1.024247765539999966e+00,1.074369407612062233e+00
8.176820278170000567e-01,1.114249013114622322e+00
7.440620064740001149e-01,1.137115673812392425e+00
7.367150187490000279e-01,1.110485313961238951e+00
5.768560171130000525e-01,1.102938664728170703e+00
9.152600169180000744e-01,1.085807222631003821e+00
1.137029051779999911e+00,1.105893256270461533e+00
4.960080087179999930e-01,1.159932415206184730e+00
4.941360056399999312e-01,1.114409324474359808e+00
8.834533095360000976e-01,1.055091160901439062e+00
1.271524906160000024e+00,1.094989694842186667e+00
8.864369988439999570e-01,1.170841912094600090e+00
8.988280296330000141e-01,1.167000363328783985e+00
9.049779772759998231e-01,1.132756604217579843e+00
8.299319744109999730e-01,1.134532503192044794e+00
8.756300210950000995e-01,1.127375504214493729e+00
5.502920150760000073e-01,1.125157085454017603e+00
1.073919415470000027e+00,1.095886095856951847e+00
8.491920232770000521e-01,1.119773398818847188e+00
6.393229961399998773e-01,1.144940433164345350e+00
7.995309829709998928e-01,1.102611227426898655e+00
9.646000266079999275e-01,1.099743362551362402e+00
8.413559794430000016e-01,1.131510408670910461e+00
7.011449933050000194e-01,1.134050665182563478e+00
7.240070104600000445e-01,1.108251601782037410e+00
1.010308027270000020e+00,1.097672158040013723e+00
6.538060307499999890e-01,1.129248928234397820e+00
7.932850122450000319e-01,1.118962683371244715e+00
6.538396477699999210e-01,1.100436347725675112e+00
1.160789966579999888e+00,1.098948718161519622e+00
8.085789680480000019e-01,1.138265572969840100e+00
3.743770122530000188e-01,1.148772888001390768e+00
2.556999921800000020e-01,1.071595171192236684e+00
4.893150031570000502e-01,1.019330887607035274e+00
1.151844024660000132e+00,1.032429799926590563e+00
7.372779846189999597e-01,1.122169631694883707e+00
1.088750958439999916e+00,1.140608961285169309e+00
1.975852966309999958e+00,1.138546878557425757e+00
8.547700047490001118e-01,1.262272094912518572e+00
7.977370023729999371e-01,1.228705676248620371e+00
1.052428960799999924e+00,1.119430773911541221e+00
3.179450988770000208e+00,1.140384893199695382e+00
1.797067999840000541e+00,1.382804428012043951e+00
1.056702017779999947e+00,1.436709002570803584e+00
8.751260042189999977e-01,1.232999416024173067e+00
6.645399928090000019e-01,1.146021664862324041e+00
7.571684122089999969e-01,1.107598790749415585e+00
1.368484020229999931e+00,1.097709042324400031e+00
9.052469730380000579e-01,1.169173541106167669e+00
1.032060980800000083e+00,1.177879575852238681e+00
6.141330003739999821e-01,1.148204815812874813e+00
9.733130335809999645e-01,1.116885678116497305e+00
6.452289819719999597e-01,1.115306765340708717e+00
4.894390106200000035e-01,1.114667589159795247e+00
8.408679962160000576e-01,1.068371321943089258e+00
7.771940231319999226e-01,1.090173289016732161e+00
6.755350232119999854e-01,1.116034078468346680e+00
6.592059731480000018e-01,1.099697579470210407e+00
1.084153056139999904e+00,1.088640220002870862e+00
9.314100146290000826e-01,1.130872548389008081e+00
1.359479665760000122e+00,1.154346785753792792e+00
7.633988261220000515e-01,1.184318172424696058e+00
5.357339978220000409e-01,1.162449064590898029e+00
6.781889796259998882e-01,1.084035881813527613e+00
7.839810252189999273e-01,1.077699335250562385e+00
1.169367671010000054e+00,1.101727713558194210e+00
1.015287995340000027e+00,1.151152223356146864e+00
9.259430170060000131e-01,1.170839972206713764e+00
1.319244027140000108e+00,1.147432218489007560e+00
9.717460274700000511e-01,1.179672588915723352e+00
1.176299691200000108e+00,1.180182393016472542e+00
1.714609026910000056e+00,1.169184485343876867e+00
1.307337045669999975e+00,1.243458262542580961e+00
6.186890006069999393e-01,1.251190767840560492e+00
2.298435926440000276e+00,1.142745090732689706e+00
1.808241009709999680e+00,1.252117709684556157e+00
8.794149756429999742e-01,1.356597332561446656e+00
1.570945024490000064e+00,1.215782378968566668e+00
1.578516006470000121e+00,1.201287797988490391e+00
6.200309991839999535e-01,1.265851309182673301e+00
9.928810000419999726e-01,1.167895794107511653e+00
4.551869928839999968e-01,1.117864844618968956e+00
1.017398953439999865e+00,1.096912046405513541e+00
8.378469943999999892e-01,1.105183779647107345e+00
4.884769916529999589e-01,1.138559480262157919e+00
1.246340990070000210e+00,1.086038699676483699e+00
1.209630966189999990e+00,1.131818610786181400e+00
1.252451062200000020e+00,1.197942823698179282e+00
1.519726991650000025e+00,1.198964159904305049e+00
1.063797950739999942e+00,1.230423599612543439e+00
1.571495056150000069e+00,1.208148837126794994e+00
1.278105020519999968e+00,1.218351235981599778e+00
1.192077994349999948e+00,1.234981687914137538e+00
8.304439187050000060e-01,1.199065952088123277e+00
1.402015686039999931e+00,1.153909273907822941e+00
1.156504034999999986e+00,1.179383519759751087e+00
1.162554860120000200e+00,1.206833512589658541e+00
6.007519960399999581e-01,1.184811189899909412e+00
1.253835797310000055e+00,1.127544701455221565e+00
1.791844010349999960e+00,1.142945871748750397e+00
1.734062552449999961e+00,1.258559468126454473e+00
4.939970970150000085e+00,1.302236154978314575e+00
2.394351005549999911e+00,1.626880630920070292e+00
2.212575912479999740e+00,1.660569511457903769e+00
1.886527061460000265e+00,1.407061110621175226e+00
9.343829751010001017e-01,1.356735648627473312e+00
9.099829792979999832e-01,1.228660886499263638e+00
8.112999796870000724e-01,1.138327113021699200e+00
1.049708962440000004e+00,1.125919415282576885e+00
1.351788043980000076e+00,1.141355932787792682e+00
1.277305960659999906e+00,1.194437969157690294e+00
7.854449748989998925e-01,1.214634455622601861e+00
4.846229851250000165e-01,1.157138796945840875e+00
6.676359772680000582e-01,1.080808644433650212e+00
8.322510123249999836e-01,1.071898851361299476e+00
5.959370136259999340e-01,1.105722619789967665e+00
3.410890102390000123e-01,1.096583067090715735e+00
6.860110163689999707e-01,1.048555610282858375e+00
8.153510093690000682e-01,1.060551076560371397e+00
3.985430002210000322e-01,1.105678003616633376e+00
6.998159885410000225e-01,1.074707128855165505e+00
4.263690114019999533e-01,1.067271328931917118e+00
6.866139769550000382e-01,1.066914635969315794e+00
1.826770007609999913e-01,1.068479059135100107e+00
7.018824815749999946e-01,1.040614480540889897e+00
1.796682000159999681e+00,1.047573320201465874e+00
7.204269766809999753e-01,1.208147230969571551e+00
4.680640101429999755e-01,1.198352084625101233e+00
6.408870220180000743e-01,1.073107254231267627e+00
7.520520091060001189e-01,1.067618325338007379e+00
1.001817584040000098e+00,1.095000761832172875e+00
1.660804033279999814e+00,1.130961803910533137e+00
1.450595021250000061e+00,1.221826680052934488e+00
1.085010051729999869e+00,1.260973079094423133e+00
1.099555015560000015e+00,1.203955646456230877e+00
7.694180011750000325e-01,1.171732465974232085e+00
1.254430413249999932e+00,1.139094080859545555e+00
1.496320962910000052e+00,1.158564221666282812e+00
7.186369895940000196e-01,1.228197059229034549e+00
8.902019858359999649e-01,1.170463621036338164e+00
9.891759753229998342e-01,1.116391481147977816e+00
2.849014520649999938e+00,1.142403101898413098e+00
4.281075000759999583e+00,1.342959416979157883e+00
1.248739004139999942e+00,1.661901723922075247e+00
7.096589803699999699e-01,1.481881082126655258e+00
7.497439980509998936e-01,1.146703470114994294e+00
8.907449841500001408e-01,1.101106484567574650e+00
1.469527959819999952e+00,1.119316569252259974e+00
1.608888030049999918e+00,1.191894299141287972e+00
1.043460965159999976e+00,1.259623059004656653e+00
1.184751033780000018e+00,1.214279510130620743e+00
5.063725113870000127e-01,1.176669084244943875e+00
6.946156024930000283e-01,1.119877814637379121e+00
9.299110174179999744e-01,1.076681877368871554e+00
7.754629850390000190e-01,1.118262959708485660e+00
8.564696311949999696e-01,1.124068917414126734e+00
9.269009828569999554e-01,1.118160942606668762e+00
7.506660223010001021e-01,1.132881982033264956e+00
9.248849749570000611e-01,1.121239009534579001e+00
1.070162653919999984e+00,1.122915534920118308e+00
8.752880096439998869e-01,1.153937839652024566e+00
7.511039972310000756e-01,1.147279900416712906e+00
8.627579808239999037e-01,1.116523493193447791e+00
5.096570253369999692e-01,1.116561396821992513e+00
8.495249748229999343e-01,1.090516393796999939e+00
6.711369752879999817e-01,1.092929161725329612e+00
6.132180094720000030e-01,1.105916450103671789e+00
3.810549974440000098e-01,1.083501163929341482e+00
8.710420131680000067e-01,1.054263120289170352e+00
6.540319919589999698e-01,1.083282052274385343e+00
9.089673757550000843e-01,1.106140542700135176e+00
9.709029793739999414e-01,1.112364009980024493e+00
9.856920242309999969e-01,1.142253172452425636e+00
1.356256246570000101e+00,1.149488080302238702e+00
1.309872984889999925e+00,1.188993174136607101e+00
6.344919800760000506e-01,1.218398607591402394e+00
5.933508276940000492e-01,1.144605547457852035e+00
8.796380162239999523e-01,1.078076294582936301e+00
1.131836414339999930e+00,1.103748218444040585e+00
1.841274023059999987e+00,1.156112307721641086e+00
2.261745929719999992e+00,1.252394357300149696e+00
2.597975969309999744e+00,1.361108186071280812e+00
2.399192094800000064e+00,1.434498104481737757e+00
1.982298016549999931e+00,1.445050562076080958e+00
2.269547939300000206e+00,1.383805858636010910e+00
2.017889976500000238e+00,1.374918770146737579e+00
1.452262043950000026e+00,1.375511314306973931e+00
1.342797994609999934e+00,1.294080988426082879e+00
1.311915040020000145e+00,1.230642705636761480e+00
1.276762008670000226e+00,1.217367448938706298e+00
1.275267004970000118e+00,1.210900725343187601e+00
1.210446000100000141e+00,1.207504459675954989e+00
8.153480291369999966e-01,1.200694744536282554e+00
7.271119952200000291e-01,1.154049700697820313e+00
6.043019890790000126e-01,1.108525423148115641e+00
9.830358624459998307e-01,1.087746401380871530e+00
1.101529002189999940e+00,1.115400728158436161e+00
1.183724999429999869e+00,1.162529908343267637e+00
4.356400072569999726e-01,1.181919465444527084e+00
3.270040154459999959e-01,1.112502903597296422e+00
8.039849996569999879e-01,1.032320664726376958e+00
4.216859936710000145e-01,1.071394616697667335e+00
5.734559893609999515e-01,1.076040804084628100e+00
3.959457874300000291e-01,1.056400119999144627e+00
4.163750112060000119e-01,1.052128276017792574e+00
5.603970289230000290e-01,1.037858086514849010e+00
7.749050259590000156e-01,1.054566136442614654e+00
6.370840072629999629e-01,1.089928842132974474e+00
3.839260041709999793e-01,1.095528808912309637e+00
5.648739933969999516e-01,1.056759938069585791e+00
1.054715037350000051e+00,1.052033956116867230e+00
6.537709832190000681e-01,1.119141742250431282e+00
5.931029915809999942e-01,1.123055019537164245e+00
1.022608995439999946e+00,1.079829011766825664e+00
8.359869718549999273e-01,1.118440910380216424e+00
6.375340223309999832e-01,1.138848589621018759e+00
9.755985140800000899e-01,1.101209107372611573e+00
4.898079931740000337e-01,1.117700429050409783e+00
1.098647952079999879e+00,1.098881402066199442e+00
1.151165962220000116e+00,1.116739799546789813e+00
8.061249852179999120e-01,1.178302528812397387e+00
4.744769930840000427e-01,1.147632623618336956e+00
7.896029949189999897e-01,1.081671799563941105e+00
4.762530028820000094e-01,1.083516701417567285e+00
5.455229878430000179e-01,1.080330669458387627e+00
6.212809681889999158e-01,1.058558129766796529e+00
7.707700133319999036e-01,1.072744874689002925e+00
9.337069988249999675e-01,1.095118954748046214e+00
8.110550045970000843e-01,1.125677878080046046e+00
6.005529761310000048e-01,1.128082419327111730e+00
1.002521038060000036e+00,1.095103129729519065e+00
8.921650052070000392e-01,1.117060480237315634e+00
9.160850048069999474e-01,1.142777975995671547e+00
7.413420081139999729e-01,1.135061140965541782e+00
9.283249974250000758e-01,1.119281691134213164e+00
6.429409980770000033e-01,1.122409591910392690e+00
9.950090050700001187e-01,1.110282558940900000e+00
6.271365880970000140e-01,1.120197009667609933e+00
1.038689017300000073e+00,1.114806554858643883e+00
6.888009905820000611e-01,1.123235113255477646e+00
5.214130282399999095e-01,1.125182364918163369e+00
6.510270237919999481e-01,1.075681232570704138e+00
1.159701943399999990e+00,1.073582725980463559e+00
6.456400156020000169e-01,1.137894159821438489e+00
1.195862650870000099e+00,1.131901740755981045e+00
1.304703950880000018e+00,1.141119188928144235e+00
8.844429850579998975e-01,1.203072444671824170e+00
7.697709798810000725e-01,1.169855441989089639e+00
7.702100276950000213e-01,1.119289248905021461e+00
6.418280005459999771e-01,1.108757503827219493e+00
8.937159776689999058e-01,1.095584043343986957e+00
5.247250199319999364e-01,1.109668579291712698e+00
5.142210125920000374e-01,1.094922749607759371e+00
7.172748446459999982e-01,1.059807201467527271e+00
6.410769820210000525e-01,1.079738039245403236e+00
4.689820110800000386e-01,1.090624191763110540e+00
1.203750014310000171e+00,1.065882781975951987e+00
7.911959886550000709e-01,1.125636708978043909e+00
1.136301159859999910e+00,1.150946193695254971e+00
8.642929792399999256e-01,1.148414274148799930e+00
8.814030289650001126e-01,1.152248595465596770e+00
5.817409753800000249e-01,1.128920618893978878e+00
8.651199936869999885e-01,1.099655519600060360e+00
9.078124761579998703e-01,1.101183073046975602e+00
7.377740144730000615e-01,1.131715140753499327e+00
1.120375037189999867e+00,1.118151420413128649e+00
9.422479867940000142e-01,1.141847597144667548e+00
1.060060024260000011e+00,1.158803289754379628e+00
7.158420085910000008e-01,1.154499509880235308e+00
4.040209949019999969e-01,1.129936796626974882e+00
2.920779883859999648e-01,1.066092607863696085e+00
6.317924261089999938e-01,1.025809414634730965e+00
1.124665260310000026e+00,1.050449927216175361e+00
1.115690946580000009e+00,1.132513814289501708e+00
1.247418999670000028e+00,1.177050940757109698e+00
6.976169943809999996e-01,1.189781534779291494e+00
3.693974971769999893e+00,1.145342274037760344e+00
8.204839825630000361e-01,1.403036172465289777e+00
8.573070168499999921e-01,1.383650141926446420e+00
6.902359724040000311e-01,1.122399707567555360e+00
8.385969996449998964e-01,1.108600037243780756e+00
1.287726998329999928e+00,1.108460334801604219e+00
9.632229804990000144e-01,1.168372156980248988e+00
1.343299984930000024e+00,1.176398124893168307e+00
7.316169738770000874e-01,1.185587162949853557e+00
6.809219717980000697e-01,1.157685503105139402e+00
7.014784216880000089e-01,1.096048177359727704e+00
6.698030233380000142e-01,1.093488062489205381e+00
1.365643024439999964e+00,1.092123867037257945e+00
9.781420230869999344e-01,1.160822855944467324e+00
6.786789894100000442e-01,1.185120389911010763e+00
5.976330041890000055e-01,1.118555901494541427e+00
8.193774819369999962e-01,1.082592696905418927e+00
7.911109924320000042e-01,1.097940764542826075e+00
1.044147372249999872e+00,1.115484300139036877e+00
1.400015950200000026e+00,1.138921336024168340e+00
8.748620152470000244e-01,1.198888934110683424e+00
6.228179931639999944e-01,1.177660540329364514e+00
7.164059877399998610e-01,1.103280127668786026e+00
6.523500084880000660e-01,1.089665206928013497e+00
9.379299879070001067e-01,1.091704348534239699e+00
5.936999917030000296e-01,1.115189900068891626e+00
5.393440127369999448e-01,1.106100267543244975e+00
9.370089769359999377e-01,1.068755036801040781e+00
8.087720274930000341e-01,1.104671835174890093e+00
5.654280185700000239e-01,1.128152002332269532e+00
6.020820140839999723e-01,1.091277255128862311e+00
1.146679997439999932e+00,1.072604755678536304e+00
9.824249744419998320e-01,1.132039339717886728e+00
5.671510100359999917e-01,1.165364855513427056e+00
7.866399884220000027e-01,1.107471722820874138e+00
7.388439774510000557e-01,1.091759647783509646e+00
6.810299754140000106e-01,1.107085032221260201e+00
7.086979746820000203e-01,1.096725886745907541e+00
6.642330288889999323e-01,1.094241110149262619e+00
5.124790072439999733e-01,1.092216470796423922e+00
6.040380001070000393e-01,1.072495621240757480e+00
6.728799939159999521e-01,1.067922252057533328e+00
8.265414834020000656e-01,1.083453014549570215e+00
4.546860158439999799e-01,1.105618645312188342e+00
5.594509840010000179e-01,1.081517921407161742e+00
1.332218050960000122e-01,1.058002432823877736e+00
1.633069962260000063e-01,1.023795154569047128e+00
1.797860413789999778e-01,9.875778760308787652e-01
5.747918486599999932e-01,9.920489623482438013e-01
8.508148789409999413e-01,1.034225630916879357e+00
8.527640104289999634e-01,1.099069730205787687e+00
1.687628030779999788e+00,1.124729723466505904e+00
2.149522066120000297e+00,1.210839421852479392e+00
8.122850060459999577e-01,1.335385582336589660e+00
1.239639997479999867e+00,1.240351444983950779e+00
2.128437280650000041e+00,1.160995789807749645e+00
2.139239072800000141e+00,1.291894580912744672e+00
9.779880046840000452e-01,1.374985852073522308e+00
6.937779784199998856e-01,1.256458264957124316e+00
7.218790054320000094e-01,1.120095786651734704e+00
7.631160020829999002e-01,1.096773622145112093e+00
8.565329909319999713e-01,1.103609954046543384e+00
1.109338045120000116e+00,1.117028622556226036e+00
6.476340293879999654e-01,1.151665496871111305e+00
9.241870045660001143e-01,1.127461592777343702e+00
7.877320051189998784e-01,1.113340393173263498e+00
1.305567026139999864e+00,1.124803766474700595e+00
9.107710123060001051e-01,1.165516769868076841e+00
8.699640035629999657e-01,1.172644909670943703e+00
5.743020176890000217e-01,1.132030203366050536e+00
8.599532246590000373e-01,1.097834756457304106e+00
4.775849878790000558e-01,1.099965131021983789e+00
1.108017444610000179e+00,1.086956619591733064e+00
1.290724992749999966e+00,1.116576765615290290e+00
8.591579794879999898e-01,1.193531107578499117e+00
3.058980107309999807e-01,1.165963567193972095e+00
9.039019942279998832e-01,1.069212070580676022e+00
6.352750062940000220e-01,1.079732015203715090e+00
1.023422956470000145e+00,1.107240832306246814e+00
6.730669736859999919e-01,1.122414484351952346e+00
8.504790067669999454e-01,1.122154825488133500e+00
5.141969919200000128e-01,1.108099705352004971e+00
1.527956604959999964e+00,1.089851109651224892e+00
4.094385623930000051e+00,1.163176737477357614e+00
9.952359795569999390e-01,1.520836727109942776e+00
8.670449852940000923e-01,1.438569257054361561e+00
1.141056060789999993e+00,1.139520503970350873e+00
1.622257947919999888e+00,1.155899720767521233e+00
1.980204939840000344e+00,1.230702111396599685e+00
1.375547051430000112e+00,1.311928802938315597e+00
1.851865053179999610e+00,1.282709023723734187e+00
1.420923948290000016e+00,1.275963454528451724e+00
1.589177966120000285e+00,1.275541913138868777e+00
1.673199415210000041e+00,1.253111304486715261e+00
2.123934030530000072e+00,1.277278514682283816e+00
1.648401975629999905e+00,1.331421042827223289e+00
1.204741954800000014e+00,1.324050175853751510e+00
7.920839786529999538e-01,1.234524277900029166e+00
1.227027416229999890e+00,1.151129084738501174e+00
1.226951003070000157e+00,1.157834346259059677e+00
1.131343960759999989e+00,1.197944105555513339e+00
1.252465009690000075e+00,1.188096526499448524e+00
1.116891980170000132e+00,1.191744682600133221e+00
1.122387051579999850e+00,1.188962350323203188e+00
1.040153026579999862e+00,1.177023170193277180e+00
8.091310262680000420e-01,1.169065927356699008e+00
7.681059837340000751e-01,1.137702590512375433e+00
7.982919812199998910e-01,1.112171370876018139e+00
7.666722536090000428e-01,1.111494317354240424e+00
1.057360053060000027e+00,1.111024046882861827e+00
8.607699871060000563e-01,1.138027133836087890e+00
1.070777058600000053e+00,1.144604740167329826e+00
5.301510095600000527e-01,1.148087341632999969e+00
6.604189872739999467e-01,1.111812709275162847e+00
9.909179806709998983e-01,1.075355371214382849e+00
3.561530113220000016e-01,1.121388040543047859e+00
9.618239998819998471e-01,1.086537729515891337e+00
1.244829058649999931e+00,1.090329085542225407e+00
8.381230235100001202e-01,1.175322824476222605e+00
9.245989918709999200e-01,1.159565229079947191e+00
8.131660223010001021e-01,1.130952820013541249e+00
1.003061056139999963e+00,1.127459609786648498e+00
8.752340078350000496e-01,1.136726728170512457e+00
7.991399765009998823e-01,1.141085131229606420e+00
8.812961578369999938e-01,1.121462703929841265e+00
1.063080191609999892e+00,1.122900139459490632e+00
9.057049751279999672e-01,1.149188387859146898e+00
6.909559965129999926e-01,1.149757361683863888e+00
1.355970025060000195e+00,1.113138201311472342e+00
7.572399973869999856e-01,1.161778319115043256e+00
2.043754577640000125e+00,1.161491439113096602e+00
8.576130270960000690e-01,1.238683610133279878e+00
2.364957094190000220e+00,1.235261300896573156e+00
4.179231166840000178e+00,1.281002019565126382e+00
2.233561992649999883e+00,1.606771537055881938e+00
8.013390302660000630e-01,1.573852092366033073e+00
8.372840285299999463e-01,1.246976351964079077e+00
8.851529955859999133e-01,1.118572942800851067e+00
9.040349721909999303e-01,1.126815382278233413e+00
1.302939534190000082e+00,1.133174106513960000e+00
7.228699922560000157e-01,1.175973699382495630e+00
8.009120225910000279e-01,1.153062500542921587e+00
1.032919287679999965e+00,1.107591584168120979e+00
1.321628212929999879e+00,1.138669676637099615e+00
9.367759823799999275e-01,1.189785093537435667e+00
7.007700204850000336e-01,1.176802945450015070e+00
7.624319791789999634e-01,1.117014206190756420e+00
1.144938945770000105e+00,1.101592532591735729e+00
7.721610069269999599e-01,1.146650245006759938e+00
8.772150278090000697e-01,1.143562460890459764e+00
1.243505001070000171e+00,1.119991638145382495e+00
6.381840109830000385e-01,1.167382514983746011e+00
7.468199729919999807e-01,1.138864011512981111e+00
6.839929819109999976e-01,1.094212928822559050e+00
1.419505119320000119e+00,1.097766536899149825e+00
6.141470074649999500e-01,1.167675542233223229e+00
7.347676754000000976e-01,1.152623578930818793e+00
6.770560145379999062e-01,1.090755336808349130e+00
1.074026942249999950e+00,1.095940876005335740e+00
6.156389713290000287e-01,1.131476723320499866e+00
9.692379832270000550e-01,1.120911472870069536e+00
9.916120171550001361e-01,1.115026238639921008e+00
8.089560270310000023e-01,1.149943833202322852e+00
2.435143947599999859e+00,1.133207329608569403e+00
8.223479986189999869e-01,1.283738183421456291e+00
5.938220024110000272e-01,1.267731935987657321e+00
5.762249827380000466e-01,1.095451957163297463e+00
4.224239885809999429e-01,1.072562332419897624e+00
6.765879988670000511e-01,1.055108995683426754e+00
5.520349740979999531e-01,1.067083242098302076e+00
9.015229940410000031e-01,1.077706570171094835e+00
7.489960193629999763e-01,1.102189943808331574e+00
8.627583980560000754e-01,1.118726346647304526e+00
9.480749964710000199e-01,1.116367007440793424e+00
1.055613875389999956e+00,1.135641409718677330e+00
1.970020055770000056e+00,1.154579344310218136e+00
9.391199946399999554e-01,1.258615286039411973e+00
1.009042978289999892e+00,1.236849547599282007e+00
7.824029922490001177e-01,1.148959971639377020e+00
1.016265034679999957e+00,1.132082078980499062e+00
8.782749772069999850e-01,1.135248300322492687e+00
7.353619933130000064e-01,1.142616016275149304e+00
1.109990954399999952e+00,1.115178725622075095e+00
7.727199792860000027e-01,1.140556320102032783e+00
1.164981961250000086e+00,1.140396516646516645e+00
7.157210111620000426e-01,1.149662137570627740e+00
1.475479006770000101e+00,1.139601966271971634e+00
8.354520201680000202e-01,1.176363237462801470e+00
7.344660162930000125e-01,1.180564635926070416e+00
7.861927747729999805e-01,1.111136669415661249e+00
1.143465042110000107e+00,1.107146154175263630e+00
9.246990084649998609e-01,1.148690151406649651e+00
2.958764553069999970e+00,1.159126768148306841e+00
2.138324022289999959e+00,1.348308516874479723e+00
2.038712024690000124e+00,1.451478081324832692e+00
1.480209946629999829e+00,1.365550838056032168e+00
9.367650747299999248e-01,1.298878128920533337e+00
1.715939760209999942e+00,1.191428833671603238e+00
1.001402020450000041e+00,1.221501415958547554e+00
8.896229863169999863e-01,1.219824583774440141e+00
7.492939829829999843e-01,1.142413119843040725e+00
1.115183949470000213e+00,1.117659401027631949e+00
9.457820057870000019e-01,1.142375855495658676e+00
6.452180147170000213e-01,1.158688227839040907e+00
1.164842009540000056e+00,1.112127096975963347e+00
1.244351029399999975e+00,1.137887408416002888e+00
9.045109748840001185e-01,1.193999276223835171e+00
5.575259923929999362e-01,1.166354239585698283e+00
5.778343677520000332e-01,1.099294541996313823e+00
7.199835777280000348e-01,1.069380167423707784e+00
7.607790231700000128e-01,1.085884308539214693e+00
5.404400229450000426e-01,1.103194588726159164e+00
8.009672760959999360e-01,1.084278616882451640e+00
7.710149884220000027e-01,1.090770584521821629e+00
6.709719896319999988e-01,1.111717790478387258e+00
2.768970489500000021e+00,1.098657988809959463e+00
3.086133003230000060e+00,1.305370742094669856e+00
1.116358041760000086e+00,1.531527142585391132e+00
1.018260955809999979e+00,1.358038359344289958e+00
7.442610263819999794e-01,1.166256551374268646e+00
1.114386796949999869e+00,1.129006480087411113e+00
1.380516409870000238e+00,1.141829585220247800e+00
1.229098439219999950e+00,1.203360540859045313e+00
1.573238968849999919e+00,1.212322409193699713e+00
1.245597958560000107e+00,1.233777456188192234e+00
8.298619985580000247e-01,1.231796690928537386e+00
5.376980304720000436e-01,1.158785868439018651e+00
8.593800067899999284e-01,1.090368358377836300e+00
7.949647903440000274e-01,1.096529910889405768e+00
8.122889995569999577e-01,1.119570648951256242e+00
1.209460973739999945e+00,1.115412346340729499e+00
1.043611049649999956e+00,1.157889926533421709e+00
9.914460182189999138e-01,1.177453237342942716e+00
1.377645969390000058e+00,1.156786652621069500e+00
7.495359778399999229e-01,1.191725478555787587e+00
7.549669742579999676e-01,1.162697800146220928e+00
8.522210121150000095e-01,1.105322180382397379e+00
1.312628030780000010e+00,1.115833167063650988e+00
9.499999880789999906e-01,1.172191771718649855e+00
8.433979749680000637e-01,1.177333906047527856e+00
6.329939961430000039e-01,1.132914186092855990e+00
6.848490238189999246e-01,1.101425381185699326e+00
8.296039700509999504e-01,1.087355746328380279e+00
1.117776036259999994e+00,1.107037837825706417e+00
1.060515046120000138e+00,1.150050156257421463e+00
9.966710209850000446e-01,1.170736422201990923e+00
6.726049780850000825e-01,1.158883609724186359e+00
8.499810099600000335e-01,1.119639771063858813e+00
7.929700016980000266e-01,1.108005835294227692e+00
7.509549856190000927e-01,1.118498401863984526e+00
9.556260704989999466e-01,1.108915437794633974e+00
6.085839867589999397e-01,1.126106271758481769e+00
7.782499790189999489e-01,1.109264453409737117e+00
5.098140239720000411e-01,1.094717719924473531e+00
6.364319920540000286e-01,1.082737837879948151e+00
6.015599966049999248e-01,1.071010654854394062e+00
6.556333899499999784e-01,1.079100178171708224e+00
6.385549902920000243e-01,1.081449313896304387e+00
8.762890100480000832e-01,1.084679024200514208e+00
7.967479825020000739e-01,1.107572985802684151e+00
6.824830174449999509e-01,1.121313813164400042e+00
8.025500178340000401e-01,1.102216301727543923e+00
7.950311899190000142e-01,1.104035027998053309e+00
1.584897041320000088e+00,1.114335688692755344e+00
1.017485976220000143e+00,1.194940576981890823e+00
9.177780151369998585e-01,1.209393143696868789e+00
1.230221033100000083e+00,1.146794554509030339e+00
1.027899026870000121e+00,1.169756622717791794e+00
9.125559926030000213e-01,1.177750881941068473e+00
7.935979962350000472e-01,1.147217530700020083e+00
1.030437946320000187e+00,1.124334731548980448e+00
5.325379967690000438e-01,1.137739660421281940e+00
6.127780079839999505e-01,1.108337659151533039e+00
8.741289973260000234e-01,1.070672002792806055e+00
3.667230010029999820e-01,1.104973086025485829e+00
7.391750216480000857e-01,1.076853467814404830e+00
5.604230165479999748e-01,1.068387467215612618e+00
7.758178114889999755e-01,1.084342727624146852e+00
8.102909922600001202e-01,1.090025189270817263e+00
6.437510252000000488e-01,1.113440649033310414e+00
7.236457467079999706e-01,1.099478898759274736e+00
9.113870263100000146e-01,1.092341160329693750e+00
6.627830266949999993e-01,1.119033980280537355e+00
1.002035975460000117e+00,1.110762538527956256e+00
8.224419951440000709e-01,1.122750431166684937e+00
1.030576944350000135e+00,1.135556866288262468e+00
6.781139969830000114e-01,1.140414434159737533e+00
5.333459973340000104e-01,1.123334157868829397e+00
3.209959864620000047e-01,1.075923725402851527e+00
7.608630061149999069e-01,1.040714327713856857e+00
7.439860105509998878e-01,1.066402046996212549e+00
5.468400120740000148e-01,1.105236708963964087e+00
7.004669904709999173e-01,1.083388420241232941e+00
8.356525897980000561e-01,1.081016719523973935e+00
1.274258971210000091e+00,1.109100948441542167e+00
8.934450149539999719e-01,1.166714353660548653e+00
6.211659908290000365e-01,1.167973856662697374e+00
7.900159955019999680e-01,1.104824121594056852e+00
1.067494988440000014e+00,1.097089277822739239e+00
6.698009967800000464e-01,1.141223433843698398e+00
1.265694975850000015e+00,1.125883715114712968e+00
6.380620002750000408e-01,1.150535331972627917e+00
9.348030090330000652e-01,1.140898177102171118e+00
8.006410002709999363e-01,1.113550175323972713e+00
1.085708975790000030e+00,1.127111630799217945e+00
3.527039885520000251e-01,1.144078154419932325e+00
5.883709788319999578e-01,1.094925914242383502e+00
4.875420033929999120e-01,1.051572619783625040e+00
4.636880159380000754e-01,1.062931690494077319e+00
3.637039959430000136e-01,1.051176371465641912e+00
8.750243186949999696e-01,1.038685125660093078e+00
6.435279846190000708e-01,1.082091544198815258e+00
4.834130108359999678e-01,1.105426711984709209e+00
2.120890021319999930e-01,1.067594190911682839e+00
4.560469985010000005e-01,1.024899235934511932e+00
4.367910027499999903e-01,1.024983107791032522e+00
7.238804101939999569e-01,1.045502960423809746e+00
5.560690164570000205e-01,1.073276062576897116e+00
4.748429954049999679e-01,1.082483863983507710e+00
2.674640119080000100e-01,1.058645204429555564e+00
9.588437080379998978e-01,1.029808343324194464e+00
7.868980169300000549e-01,1.081841977983588388e+00
1.794360995290000149e+00,1.127914536855625816e+00
1.337677955630000026e+00,1.215749865633972471e+00
1.210453987120000185e+00,1.261669697708256876e+00
5.654799938200000264e-01,1.206452129082886016e+00
4.008429944520000565e-01,1.128332309490108765e+00
2.727654874320000200e-01,1.051896652822959854e+00
5.836449861529999783e-01,1.023528512517318800e+00
8.533802628519999711e-01,1.043712947359437093e+00
8.660610318179999823e-01,1.100150358752588264e+00
1.158349990839999899e+00,1.126334965712003422e+00
7.764859795569999390e-01,1.157588974037862428e+00
1.068807005880000105e+00,1.145244603411831097e+00
5.888479948040000744e-01,1.140110515463864660e+00
1.588868498799999918e+00,1.117672494022950547e+00
4.327859878540000205e-01,1.176331747405720440e+00
3.996030092239999942e-01,1.149578133127816537e+00
5.545349717140000134e-01,1.039529805396590900e+00
6.221979856490000849e-01,1.052415784035849233e+00
1.149551987649999996e+00,1.073670493502571155e+00
1.121260046960000034e+00,1.134190369742516413e+00
9.776459932330001656e-01,1.179919613234118980e+00
1.732741951940000025e+00,1.162528324915967692e+00
2.302707910540000125e+00,1.227001521944075968e+00
1.053477048870000043e+00,1.355313664051965850e+00
7.962800264360000435e-01,1.279305893791503834e+00
5.203329920770000117e-01,1.137608837752978053e+00
6.104800105090000262e-01,1.085483549024057082e+00
4.453057944770000276e-01,1.069309731267018115e+00
6.522138714790000069e-01,1.060623708738034798e+00
1.175541162490000069e+00,1.066685025918418184e+00
1.032202124599999937e+00,1.139633911207209804e+00
7.193930149079998948e-01,1.173150310858305012e+00
8.200139999390000378e-01,1.127732777646038631e+00
9.497330188749999458e-01,1.109236986448482343e+00
1.039114952089999822e+00,1.131869474602054115e+00
5.883830189700000046e-01,1.153034092277074318e+00
9.508559703829999599e-01,1.114885946874817124e+00
5.277600288389999728e-01,1.110620244713813598e+00
7.736063003540000205e-01,1.100505521684309596e+00
9.703559875489999875e-01,1.086784848459232844e+00
1.383889913560000018e+00,1.129711651720395782e+00
7.795230150220000542e-01,1.190422879151029623e+00
6.069999933240000090e-01,1.166360190235420147e+00
4.660570025440000097e-01,1.092858303114378371e+00
9.455270171170000459e-01,1.062438580745084016e+00
6.238729953770000280e-01,1.098788838924688482e+00
3.923240005969999555e-01,1.109906602292195066e+00
5.156549811360000568e-01,1.056405780923774129e+00
9.679385423659998544e-01,1.047742599696799948e+00
1.356565952299999989e+00,1.105670326286540828e+00
9.072690010070001421e-01,1.187387533613715629e+00
8.162760138510000152e-01,1.176988416923480996e+00
2.479866981509999846e+00,1.126181255133685166e+00
1.133080005649999888e+00,1.289016553442602353e+00
1.045583963389999926e+00,1.303839692719718002e+00
8.474370241169999485e-01,1.170611196304162105e+00
1.536522984499999911e+00,1.142146236069562004e+00
9.008989930149998715e-01,1.194795314431549738e+00
4.812009930610000041e-01,1.192931363971168723e+00
8.572540283199999722e-01,1.091105494550134614e+00
8.617479801180000232e-01,1.091100006338830752e+00
1.008694052699999899e+00,1.126248339166148416e+00
1.127727031710000105e+00,1.141787540437778192e+00
7.795569896699999779e-01,1.167593008334575799e+00
9.895502924919998833e-01,1.142736140759043950e+00
8.363329768179998958e-01,1.132236131181946659e+00
9.099559783939999980e-01,1.135834986510107836e+00
5.511059761050000061e-01,1.129280553379492735e+00
1.239764332770000088e+00,1.099135977605467440e+00
1.211838960649999963e+00,1.136918369340088164e+00
1.379981994630000042e+00,1.197563478291155947e+00
1.148460984229999982e+00,1.212294173590385826e+00
7.663900256160000035e-01,1.203973358022289997e+00
9.660840034480000504e-01,1.143293332214280866e+00
8.156750202179999798e-01,1.128606346560304674e+00
1.142272949220000111e+00,1.131544281845279221e+00
1.299479961400000105e+00,1.151286789733326987e+00
8.583310246469999516e-01,1.197591833863635991e+00
7.149469852449999996e-01,1.166685978282208325e+00
8.764400482179999230e-01,1.111237914579127128e+00
8.305460214609999836e-01,1.114634655583389700e+00
8.535240292550000385e-01,1.124806469814733534e+00
9.092410206789999227e-01,1.122938423014661513e+00
5.202720165249999917e-01,1.130792606119943589e+00
7.411040067669999454e-01,1.095896390368072959e+00
5.853319764140000325e-01,1.082748822582286108e+00
5.047770142559999673e-01,1.087084450887357390e+00
5.519493222240000607e-01,1.064425329047457236e+00
9.697520136830000137e-01,1.061850524679518015e+00
1.116515994070000017e+00,1.109204641140882464e+00
1.049844980239999837e+00,1.162847217481828066e+00
6.342629790310000404e-01,1.169521964235515910e+00
5.644329786300000817e-01,1.120597925645580695e+00
9.184709787369998990e-01,1.075078749452756943e+00
9.593539834020000656e-01,1.105077893874276462e+00
5.984159708020000412e-01,1.141941049050934298e+00
9.383450150489998087e-01,1.108561740962311859e+00
4.542250037189999867e-01,1.110257935113880601e+00
7.079470157619999204e-01,1.091782828047239251e+00
3.876500129699999575e-01,1.073244138381295842e+00
4.484339952469999502e-01,1.063679388535335724e+00
8.405709862710000202e-01,1.040392644001931322e+00
5.337110161779999862e-01,1.086360563025584147e+00
7.211350202559999589e-01,1.090945746241692049e+00
5.215386152269999576e-01,1.081933043029485120e+00
7.050759792330000275e-01,1.078676533885689182e+00
6.405649781229999506e-01,1.079157397994871870e+00
5.168589949609999623e-01,1.089446313181917425e+00
1.660409450529999997e+00,1.070763383347344888e+00
2.465307950970000217e+00,1.177055224266480904e+00
1.622156023979999917e+00,1.365377882034304546e+00
1.866270065309999948e+00,1.352835870188064282e+00
3.623536109919999859e+00,1.300192444960138527e+00
7.948709726329999947e-01,1.503578494760101192e+00
9.065989851949999290e-01,1.374516847457290858e+00
8.571879863740000660e-01,1.125110721963483273e+00
7.756379842759999477e-01,1.130330395425657386e+00
7.006700038909999817e-01,1.117379217719158380e+00
6.443409919740000769e-01,1.102141120217558612e+00
7.579550147059999077e-01,1.089428574985856990e+00
5.499600172040000068e-01,1.095926921372507801e+00
4.964669942860000518e-01,1.084998003409394896e+00
1.367677569390000070e+00,1.060307422152999779e+00
1.397894024850000250e+00,1.145044370982395199e+00
8.148130178450000427e-01,1.228511797196598199e+00
1.278898954390000009e+00,1.171284167843761992e+00
8.623980283740000363e-01,1.165269765030346072e+00
1.093865990639999897e+00,1.165206263790018459e+00
8.134710192680000285e-01,1.150613977196405679e+00
1.466687083240000078e+00,1.143103583637193443e+00
9.060310125349999577e-01,1.184474423040251745e+00
7.652140259739999006e-01,1.187018173228409523e+00
1.311033964160000176e+00,1.120811418331912002e+00
7.892500162119999718e-01,1.164002486822808047e+00
1.474902033810000068e+00,1.160641388027545906e+00
9.167850017550001063e-01,1.183085903426193575e+00
1.186140060420000086e+00,1.188882764988523855e+00
1.411391973500000008e+00,1.165127915391815927e+00
2.092472076419999993e+00,1.213156729059586159e+00
7.189220190049999681e-01,1.304034582877282578e+00
1.301861047739999888e+00,1.225479800889621718e+00
1.268974781040000055e+00,1.158788538643092059e+00
1.221997022629999874e+00,1.209171866367834802e+00
9.061110019679999850e-01,1.201303282622242286e+00
1.078873991970000112e+00,1.164457071832141644e+00
1.028025031089999874e+00,1.153102826170355089e+00
7.863690257070000689e-01,1.163804142366459571e+00
1.276852965350000035e+00,1.134241126818131384e+00
7.093420028689999546e-01,1.162435605919985182e+00
5.201929807659999572e-01,1.149263975670213211e+00
5.645610094070000473e-01,1.077450286310633221e+00
9.855200052259998067e-01,1.064570519333937648e+00
1.092841982840000004e+00,1.111990847559584550e+00
4.786899983879999709e-01,1.161864909300598603e+00
3.955059945579999514e-01,1.108551179438826972e+00
1.850703001020000071e+00,1.043342134069273452e+00
1.195796012879999815e+00,1.185448372610737877e+00
1.702510833739999896e+00,1.252263022074564747e+00
2.998351097109999586e+00,1.244011304575999954e+00
2.407080888749999925e+00,1.424125610686970633e+00
2.585943937299999718e+00,1.482791697955602395e+00
2.233839035029999920e+00,1.446664861298557314e+00
1.655773043629999997e+00,1.426921502224858918e+00
1.430611014370000156e+00,1.334946100429292404e+00
8.921740055079999676e-01,1.258452147907896945e+00
1.231696963309999893e+00,1.182264387918934956e+00
8.955079913140000514e-01,1.167546913446017021e+00
1.602033019070000064e+00,1.164260425198203386e+00
1.585399031639999956e+00,1.205971949211946503e+00
1.232059955600000034e+00,1.269427202460340354e+00
1.210371017459999976e+00,1.231524867652664001e+00
1.242141008379999967e+00,1.196701763388669626e+00
9.857040047650000858e-01,1.197971238296737795e+00
7.289689779279999726e-01,1.174507337359183889e+00
6.761519908910000876e-01,1.124429581314117854e+00
1.071573019029999907e+00,1.095312976628016077e+00
9.457439780239998983e-01,1.131140764849830171e+00
4.376370012759999706e-01,1.154661797797455369e+00
5.141820311550000522e-01,1.090757931167420480e+00
3.387190103530000052e-01,1.051770502430455112e+00
7.144280076029999593e-01,1.040770887026376545e+00
4.996199905870000180e-01,1.063257347442050582e+00
7.917379736899999854e-01,1.075801888245261351e+00
8.646243214609999894e-01,1.086055548042417218e+00
6.024960279459999901e-01,1.120501425766032844e+00
1.260069966320000123e+00,1.100244163763985927e+00
1.012339949610000067e+00,1.143748398334257566e+00
1.004528999329999950e+00,1.178902593897666939e+00
6.310235261919999727e-01,1.155248908334483016e+00
1.141221046449999887e+00,1.116084715283529150e+00
5.426099896430000014e-01,1.134146928507656860e+00
8.547459840769999762e-01,1.119592573790680667e+00
7.744219899179999311e-01,1.096506007077941991e+00
3.084340095520000102e-01,1.117028817717385270e+00
8.376209735870000506e-01,1.061657348866378969e+00
7.293469905850000767e-01,1.073143830480109528e+00
7.503905892370000830e-01,1.110809840755086597e+00
1.134822010990000019e+00,1.102988987675973753e+00
1.614240050320000064e+00,1.144498286191233616e+00
1.244793057440000128e+00,1.229301848096933103e+00
7.141630053519999466e-01,1.235495637843997185e+00
7.293040156360000026e-01,1.146803095199545375e+00
6.486989855770000091e-01,1.099418096844305470e+00
3.427990078929999962e-01,1.092518228153293469e+00
3.861860036850000011e-01,1.053598190186392003e+00
6.366299986840000535e-01,1.029848758776942486e+00
3.990480005740000280e-01,1.059628029424652951e+00
4.178859889509999870e-01,1.058274521286138192e+00
1.103790521619999909e+00,1.038299743708182898e+00
6.956189870829999622e-01,1.110635280021561977e+00
8.070139884950000564e-01,1.131888849266865282e+00
5.947690010070000310e-01,1.105706105175619403e+00
1.107607960700000005e+00,1.094135074587134770e+00
9.713580012320001122e-01,1.127343252225153636e+00
7.170349955560000321e-01,1.160621902233386127e+00
6.764810085300000386e-01,1.121878030227276835e+00
1.687772989270000190e+00,1.094246093600665715e+00
9.907569885250001596e-01,1.194594629506281258e+00
8.082039952280000161e-01,1.216130922221931421e+00
1.087718963619999979e+00,1.133051060572442648e+00
1.564818024639999861e+00,1.144982619676925939e+00
6.673809885979999912e-01,1.219870378729473348e+00
1.256489992140000123e+00,1.171505926243891160e+00
1.091886043549999963e+00,1.149364679180930215e+00
7.375509738919999725e-01,1.186759818184165205e+00
6.224380135540000802e-01,1.135106749863405096e+00
8.364729881290000613e-01,1.090575939103905823e+00
5.774260163309999916e-01,1.101988276201529615e+00
1.015761017800000054e+00,1.095067208509376000e+00
1.106158971790000001e+00,1.116290081638824594e+00
6.945540308949998964e-01,1.166024907569052305e+00
1.130903959270000092e+00,1.131997694046523506e+00
9.518219828609998379e-01,1.138944849422415695e+00
7.524570226669999862e-01,1.160759860986181335e+00
5.585229992869999993e-01,1.123721975294452280e+00
1.415836334229999771e+00,1.085372249030922998e+00
1.855298042299999839e+00,1.155725024135230816e+00
7.845479845999999702e-01,1.280032940346003123e+00
8.210539817810000862e-01,1.210358391207546847e+00
5.835890173909999978e-01,1.115353689447105889e+00
8.359720110889999889e-01,1.094279352849834908e+00
2.184663057329999880e+00,1.098353420008156389e+00
6.805480122570000123e-01,1.260448833864569851e+00
1.238904953000000031e+00,1.230033451298317315e+00
1.030328035349999949e+00,1.148769185712383845e+00
7.914109826090000022e-01,1.178801865770905177e+00
8.423720002169999832e-01,1.134972500382954275e+00
4.464710056779999658e-01,1.118180904117742402e+00
5.589337944979999584e-01,1.082132526499782088e+00
7.099329829220000221e-01,1.057191477038400329e+00
7.334340214730000751e-01,1.083106511395779403e+00
7.833399772640000647e-01,1.099453023191768297e+00
8.426809906959999985e-01,1.106757337231025540e+00
1.099761009220000085e+00,1.117468266917813313e+00
8.706315755840000614e-01,1.149402103936514985e+00
5.862460136410000411e-01,1.149530674602625702e+00
8.863990306849999223e-01,1.099125688698036063e+00
1.019399046900000050e+00,1.103788785722795707e+00
8.493610024450000129e-01,1.145163096267684422e+00
1.010666966439999870e+00,1.139929062208389965e+00
1.331516027449999973e+00,1.140848075781940141e+00
1.215008974079999859e+00,1.188750340684421536e+00
1.645591020579999952e+00,1.206352605331154404e+00
9.708780050280001461e-01,1.239924862635427338e+00
1.411272048950000135e+00,1.210194127567448374e+00
7.953929901119999313e-01,1.193289384907834316e+00
1.046331048010000098e+00,1.170519266718079487e+00
8.879339694979999642e-01,1.139541050998486016e+00
8.349300026890000836e-01,1.146383367194599767e+00
9.847199916840001510e-01,1.126317857275517031e+00
1.090394020079999970e+00,1.136846371888815765e+00
4.901649951929999971e-01,1.161539157840669745e+00
6.141669750209999279e-01,1.109506473313142338e+00
6.314740180969999894e-01,1.066906630943028400e+00
8.252440094949999860e-01,1.080125488553911328e+00
1.051450967789999913e+00,1.101665961569575858e+00
1.047114968300000060e+00,1.142821379245434255e+00
3.921430110930000379e-01,1.163239607833328471e+00
4.695149958129999912e-01,1.095425475334492971e+00
7.720900177959999500e-01,1.042976862873928656e+00
7.520099878309999264e-01,1.081256469131341325e+00
6.877393722529999698e-01,1.107098130939810021e+00
6.718119978899999012e-01,1.098630849400311638e+00
1.185933232310000029e+00,1.091063403752136729e+00
6.571980118750000432e-01,1.142511195099447763e+00
8.213180303569999063e-01,1.135510848918555915e+00
7.795739769939998842e-01,1.103634561949363047e+00
1.030122995379999962e+00,1.114475820802020234e+00
6.211889982220000217e-01,1.136413718229356329e+00
8.660820126530001106e-01,1.117433176863994460e+00
9.608931541440000057e-01,1.104920634904557719e+00
6.760399937630000577e-01,1.137267300515632851e+00
7.402380108830000083e-01,1.116693304137493126e+00
5.984709858890000511e-01,1.097027168457692214e+00
6.151059865950000427e-01,1.088356931287965290e+00
9.358735680579999272e-01,1.076993036956299665e+00
5.818247795100000008e-01,1.111542984134567869e+00
7.156659960750000327e-01,1.104688312650281556e+00
6.529520154000000298e-01,1.085807974775442997e+00
9.700022935870000751e-01,1.091698057025060287e+00
7.834500074390000623e-01,1.118546528182845501e+00
7.448130249979999506e-01,1.128588872075379612e+00
8.276180028919999376e-01,1.107405175021609178e+00
8.943400979039998200e-01,1.112364293112088953e+00
2.505017042159999985e+00,1.126869422139917809e+00
1.620712041850000062e+00,1.298805521178675537e+00
1.417585968970000110e+00,1.356349869958930254e+00
1.049872040749999957e+00,1.253877619933075893e+00
1.226507544519999993e+00,1.197294365226938329e+00
1.043179035189999881e+00,1.181558284687988847e+00
9.694439768789999690e-01,1.178981086068864759e+00
8.192250132559999454e-01,1.154482204512847554e+00
8.129550218580000598e-01,1.132219583329714840e+00
6.712080240250000163e-01,1.117718573949183281e+00
5.289899706839999993e-01,1.102550681495996443e+00
3.461930155749999849e-01,1.074838391132924231e+00
4.789490103719999392e-01,1.042905994068950015e+00
1.153810977940000093e+00,1.039709613258176457e+00
9.671270251270001062e-01,1.121415961952514584e+00
7.845839858059999727e-01,1.164448021985351245e+00
4.701859951019999873e-01,1.128440384427545462e+00
5.632782578470000301e-01,1.079243276087269665e+00
2.416239976880000251e-01,1.059826024585688531e+00
2.709859907630000064e-01,1.035305663992367675e+00
1.994680017229999991e-01,1.008659564770802763e+00
1.327169984580000017e-01,1.004006689017269638e+00
4.732620120050000101e-01,9.905396559643822041e-01
6.585559844969999244e-01,1.019434005547848576e+00
9.621880054470000054e-01,1.069916380922253607e+00
5.111979842189999790e-01,1.118259118208933423e+00
9.829789996150000153e-01,1.099846069038377339e+00
9.100099802019999684e-01,1.106807295634012478e+00
1.026576042179999870e+00,1.142812215319092051e+00
8.309389948840000262e-01,1.148079591114498310e+00
9.651920199390000565e-01,1.138694923467889586e+00
1.000543951989999902e+00,1.134468303157862179e+00
1.983185052869999687e+00,1.150489983894938062e+00
1.274855017659999978e+00,1.254890865205047223e+00
1.286525964740000028e+00,1.272619985576964874e+00
1.382244944570000245e+00,1.208487414836303842e+00
1.736924052240000016e+00,1.219415953532937191e+00
1.257668018339999971e+00,1.264750729899229542e+00
7.533379793170000838e-01,1.248136749671205248e+00
1.084908962249999886e+00,1.152022791834321769e+00
1.062494039539999990e+00,1.139632750388238636e+00
7.787629961969999570e-01,1.167908572603327366e+00
8.256469964979999965e-01,1.136637560052703888e+00
9.891830086710000636e-01,1.115292847346766925e+00
1.418092012410000047e+00,1.136449504905381325e+00
1.151677966120000063e+00,1.195679730160770227e+00
1.250364065170000094e+00,1.207819603300667843e+00
8.794019818310000458e-01,1.193403974811370727e+00
1.089423060420000144e+00,1.164324471088378221e+00
1.809062957760000145e+00,1.151725064158684919e+00
8.687390089040000207e-01,1.245166918260422140e+00
8.521729707719999380e-01,1.214759348965187336e+00
1.307837963100000112e+00,1.126322147145739638e+00
1.262575984000000151e+00,1.171694314015930827e+00
7.601559758189999627e-01,1.209064547650365640e+00
1.069887042049999959e+00,1.153177239853072411e+00
8.579840064049999437e-01,1.138715459142850772e+00
1.149323940279999956e+00,1.145473432550394577e+00
1.067142963410000034e+00,1.155914955270240574e+00
7.400619983670000401e-01,1.174328478429959466e+00
6.799880266190000411e-01,1.133082988627274190e+00
7.323921322820000634e-01,1.096730988131525697e+00
8.352749943730000126e-01,1.096583769351797022e+00
6.000829935070000065e-01,1.112006744428267524e+00
1.010563969610000168e+00,1.097288720977739329e+00
7.613970041280000434e-01,1.117844964272446173e+00
7.260069847110000030e-01,1.130060289740457691e+00
1.064324021340000037e+00,1.103435438667490942e+00
5.901079773899998715e-01,1.134993094404193048e+00
7.744659781460000447e-01,1.117388685620807509e+00
7.406870126719998781e-01,1.092624083758938269e+00
8.908360004430001533e-01,1.106151842929189444e+00
7.620100975040000613e-01,1.118490553392105458e+00
7.774500250820000069e-01,1.119080114620083499e+00
5.811070203779999943e-01,1.108786857914644486e+00
7.908779978749999051e-01,1.090002016003210894e+00
8.903719782829999652e-01,1.093483105103718600e+00
7.882059812549999656e-01,1.123072229695096569e+00
7.301949858670000459e-01,1.121733574478067430e+00
9.248933196070001639e-01,1.106339260395129642e+00
1.265586972239999941e+00,1.121028218756493500e+00
7.884140014650000694e-01,1.174053017353271944e+00
9.180610179899998391e-01,1.156363471973160362e+00
6.569269895549999516e-01,1.125694904922072359e+00
8.252680301670000107e-01,1.110775380195299977e+00
4.257229864599999525e-01,1.104016124829731549e+00
9.114630222319998198e-01,1.078419389481614310e+00
7.238519787790000937e-01,1.091562474365152635e+00
9.657319784160000031e-01,1.117055182528619017e+00
7.194200158119999911e-01,1.124646556710641621e+00
7.146480083470000411e-01,1.121604588645108036e+00
6.188799738879999790e-01,1.098394488100017607e+00
8.502969741820000094e-01,1.088097233836214039e+00
6.113014817240000065e-01,1.103082954605709265e+00
8.405809998509999881e-01,1.099828978140069857e+00
5.909900069240000553e-01,1.101383907083437252e+00
1.191807866100000002e+00,1.096842215514058028e+00
1.072478055950000009e+00,1.135661121747783442e+00
7.976800203319999172e-01,1.178796167755195690e+00
7.140370011329999489e-01,1.139505519515792153e+00
8.885610103609999921e-01,1.105550021464856592e+00
7.367290258409999737e-01,1.115798294270120783e+00
9.655410051350000744e-01,1.116268176806536339e+00
8.569459915160000385e-01,1.125814633115843399e+00
5.838339924809999859e-01,1.135742088386600512e+00
3.047562122340000457e+00,1.097615117737721580e+00
8.865389823909999301e-01,1.326008002554892595e+00
1.186460971829999878e+00,1.330826169378722224e+00
8.750730156899999557e-01,1.162371161336557046e+00
1.111973047260000014e+00,1.157984711910208686e+00
6.929270029070000447e-01,1.153646774775204165e+00
5.632749795910000357e-01,1.132366498682437328e+00
5.519689917560000048e-01,1.080370519634817228e+00
9.211350083349998386e-01,1.067248191924204503e+00
5.465030074119999748e-01,1.104202460538688202e+00
9.997850060459999577e-01,1.099693322238877391e+00
7.512239813800000166e-01,1.111793493649939180e+00
8.402569890019999654e-01,1.128018999653268128e+00
7.843149900439999600e-01,1.114256507689984854e+00
5.915480256080000165e-01,1.116710659991563270e+00
6.109840273859999948e-01,1.091709875474072833e+00
9.328789710999999540e-01,1.075930227659185778e+00
7.992020249369999885e-01,1.110854564977012293e+00
9.833549857140000405e-01,1.126786055246707496e+00
5.405290126799999761e-01,1.133410455481392853e+00
1.093670010570000128e+00,1.104817385601041480e+00
9.266330003740002041e-01,1.120905760849032484e+00
7.972419857979999858e-01,1.154732912537216771e+00
5.896059870719999596e-01,1.126008208646877895e+00
7.799540162090000672e-01,1.092702327350052460e+00
5.182790160179999717e-01,1.093142648399672456e+00
7.263879776000000676e-01,1.083766287067291056e+00
6.216366887090000182e-01,1.081050320941112419e+00
8.810679912569999717e-01,1.089463826487346854e+00
7.315016984940000411e-01,1.106504387729565941e+00
9.703850150109999406e-01,1.115039015273956213e+00
8.715350031849999901e-01,1.125831061812371914e+00
5.505740046500000595e-01,1.137690483406682995e+00
2.576299905780000121e-01,1.095537410374005205e+00
6.952109932899999123e-01,1.035781315505624578e+00
3.547430038449999601e-01,1.053800040198966670e+00
1.308350920679999918e+00,1.059117648912840215e+00
1.424710035319999957e+00,1.125865953282792598e+00
2.422243118290000385e+00,1.225799806973938866e+00
1.588093161580000023e+00,1.339205285248159738e+00
2.882889986040000352e+00,1.345357741453449218e+00
1.510810017590000109e+00,1.401688086983166492e+00
5.103110075000000245e-01,1.379891648033169993e+00
6.637499928469999810e-01,1.150357703990028790e+00
5.865659713749999948e-01,1.073868250397696400e+00
9.182999730110000813e-01,1.080076605010938495e+00
1.126363039020000123e+00,1.107101760742228658e+00
9.455379843709997845e-01,1.159114990849105187e+00
7.979699969290000583e-01,1.159694230650155422e+00
8.895260095599999417e-01,1.127826868520394266e+00
5.017459988589999531e-01,1.123639297387451386e+00
7.889080047609999813e-01,1.092171123880812500e+00
5.571460127830000220e-01,1.085960363661785388e+00
8.079270124439998924e-01,1.088592628140955254e+00
7.382910251620000697e-01,1.093027828852737970e+00
6.742079854009999096e-01,1.108991557411633577e+00
8.787713646889999675e-01,1.095972718516826427e+00
7.401880025859999268e-01,1.111116991250393093e+00
8.886500000949999478e-01,1.115721236520892390e+00
7.983270287510000340e-01,1.118219528376354299e+00
5.137799978260000344e-01,1.122616472840871626e+00
7.760372757910000141e-01,1.084997878176318098e+00
8.528280258179999906e-01,1.085745593115403196e+00
7.851629853249999513e-01,1.117839094185060000e+00
8.431609868999999646e-01,1.117957448861600867e+00
1.024798870089999925e+00,1.117685819143106940e+00
8.044279813770001120e-01,1.141730760783339571e+00
8.841310143469999216e-01,1.135802308571834507e+00
3.615649938579999501e-01,1.123679668911455432e+00
1.171491026879999842e+00,1.077245120638063769e+00
4.477910101409999788e-01,1.112408632472636327e+00
7.665730118750000432e-01,1.112625150163441656e+00
7.735599875449999940e-01,1.078684878531726232e+00
1.054823040959999902e+00,1.108807335506458935e+00
7.843300104139999673e-01,1.138401307090624037e+00
1.034250974660000155e+00,1.136503009824364030e+00
1.096979022029999973e+00,1.137277277583899737e+00
7.633029818529999400e-01,1.166785491696983312e+00
5.883730053899999257e-01,1.138227080815958248e+00
6.365630030629999547e-01,1.089445008319710473e+00
5.750700235369999858e-01,1.078270138369785247e+00
5.399640202519999654e-01,1.076385732873555545e+00
1.324671149250000068e+00,1.067100490705164662e+00
8.178460001949999780e-01,1.144629865776200184e+00
6.359609961509999909e-01,1.164842527455478116e+00
8.135920166969999867e-01,1.099373942528764747e+00
9.872140288349999793e-01,1.100880521521418132e+00
9.839289784429999797e-01,1.135134935884681617e+00
5.904790163040000150e-01,1.150811088325320197e+00
8.986790180210000312e-01,1.110011524786600701e+00
6.268000006680000125e-01,1.105443163043101862e+00
6.926850080490000172e-01,1.105886778126310421e+00
5.757049918169999669e-01,1.087590967493310856e+00
6.764680147170000213e-01,1.081627580806103328e+00
8.279470205309999997e-01,1.081208983034899429e+00
6.547859907149999881e-01,1.106094258993464807e+00
1.085815548900000094e+00,1.102243221701601605e+00
8.509550094600001335e-01,1.130635980176735389e+00
8.879359960560000431e-01,1.146219148488670125e+00
6.557850241659999302e-01,1.128362790026410378e+00
6.597809791559999804e-01,1.107879217219644996e+00
8.856279850010000398e-01,1.086877734408719709e+00
7.502999901769999980e-01,1.110492026165438295e+00
9.303160309790001747e-01,1.117394461564449548e+00
7.259460091590000941e-01,1.123440774875967163e+00
7.123904824259998936e-01,1.119009648439317273e+00
9.326570034030000622e-01,1.098764062328665414e+00
6.544970273969999974e-01,1.120185086612193404e+00
4.987269937989999846e-01,1.111871553259602630e+00
9.782410264020000579e-01,1.070182156026549647e+00
5.593240261080000275e-01,1.105169351539368794e+00
8.733990192409999409e-01,1.106280203703388754e+00
6.232500076290000690e-01,1.099967547925737588e+00
6.319249868390000024e-01,1.103189652043938596e+00
8.335350155830000274e-01,1.081009691725443256e+00
8.613430261610000027e-01,1.102560924387784969e+00
1.036013007159999999e+00,1.124018901785366786e+00
6.160370111469999355e-01,1.144562042657075951e+00
9.874529838559999995e-01,1.117446172684505967e+00
6.686739921569999634e-01,1.116937764906322350e+00
6.455339789389999972e-01,1.118384928378444165e+00
1.007030010220000049e+00,1.086600167887928459e+00
7.763000130650000719e-01,1.121673461034605079e+00
9.358490109439999705e-01,1.131268249641386170e+00
6.626719832419999401e-01,1.126408415985075795e+00
1.113351941109999910e+00,1.113007394990300103e+00
5.495319962500000432e-01,1.134197589773946024e+00
9.273632764820000096e-01,1.117734487653685216e+00
8.215330243109999486e-01,1.104618736779309662e+00
9.193540215489999223e-01,1.128575766592198271e+00
6.899859905239998925e-01,1.128882769696146982e+00
6.497738957409999738e-01,1.114297300794651280e+00
9.705049991609999704e-01,1.089002311504164489e+00
8.034440279009998909e-01,1.118305131710242151e+00
8.920990228650002019e-01,1.130693161230141408e+00
7.462270259859999921e-01,1.124409034525666984e+00
1.495407462120000197e+00,1.117572109567477323e+00
7.597569823270000633e-01,1.181228175949729398e+00
9.677280187609998974e-01,1.174611714009735852e+00
1.126011013979999920e+00,1.128163751718886054e+00
7.641419768330000029e-01,1.163637823860521614e+00
1.423818945879999909e+00,1.140991242834709318e+00
8.309190273280000483e-01,1.175512206894310241e+00
5.316870212550000030e-01,1.175333130369893730e+00
6.942920088770000442e-01,1.089847160725620601e+00
1.097100019450000019e+00,1.078983490587029248e+00
8.623710274700000511e-01,1.135441348662613148e+00
9.711959958079999788e-01,1.148435002306481767e+00
7.501904964450000213e-01,1.137985451499599954e+00
5.659890174870000346e-01,1.125275678443456107e+00
7.235890030859999378e-01,1.085931646452187094e+00
1.088876962660000114e+00,1.085162830920903376e+00
2.614549994470000138e-01,1.137297225165508241e+00
1.923168003559999895e-01,1.085826147675841291e+00
2.048390060660000012e-01,1.002391533951862534e+00
3.752999901769999980e-01,9.973033452868532711e-01
1.878910064700000104e-01,1.016003359527690497e+00
4.178839921949999980e-01,1.012436654995499730e+00
6.128349900249999704e-01,1.018823173636503432e+00
4.822100102899999352e-01,1.060102593202508769e+00
8.136649727820000066e-01,1.064639358016951975e+00
8.997989892959999958e-01,1.086706590621222768e+00
7.667459845540000041e-01,1.126144311091056505e+00
6.762999892229999421e-01,1.120394278497331753e+00
9.804093837739999984e-01,1.098812625363615902e+00
1.075533032420000090e+00,1.121771230563454846e+00
6.459739804270000496e-01,1.159611968276757166e+00
7.601699829100000416e-01,1.124172675932806786e+00
8.707180023190000950e-01,1.096305522059690007e+00
1.045557022089999899e+00,1.118216910735453595e+00
4.832339882849999713e-01,1.146409092187905543e+00
1.085988998409999962e+00,1.104657482615398312e+00
7.320979833600000930e-01,1.114830490760915893e+00
7.128990292550000385e-01,1.134001568451735498e+00
1.045389056210000112e+00,1.099383841505529258e+00
7.359200119969999676e-01,1.131835147386739626e+00
8.956930041309999480e-01,1.130650164593804963e+00
8.745509982110000191e-01,1.118550778383528899e+00
9.237470030779999508e-01,1.131111586792523882e+00
9.997780323029999971e-01,1.134225113360760373e+00
1.739534020420000049e+00,1.146588410343945652e+00
8.107889890670000321e-01,1.229741988090160998e+00
7.049050331119999235e-01,1.202381636348863525e+00
8.328269720080000438e-01,1.105819221137330999e+00
8.276600241660000412e-01,1.109219465675989946e+00
8.953109979630000659e-01,1.120486709343718967e+00
1.459501028060000039e+00,1.126973229709065549e+00
1.179519057270000060e+00,1.191283411469765463e+00
1.443411946299999915e+00,1.214504618136152514e+00
1.306735038760000078e+00,1.215841746147671376e+00
7.634999752040000365e-01,1.226114558165104951e+00
1.145148038860000161e+00,1.157594500138228621e+00
7.253450155259999477e-01,1.146770274424961711e+00
7.633590102199999672e-01,1.138763124717298236e+00
6.174820065499999622e-01,1.103954658458984772e+00
1.029322981830000039e+00,1.092446273751505270e+00
1.302055954929999926e+00,1.121380592789242181e+00
3.164124965670000122e+00,1.187438872456186179e+00
9.734439849849999549e-01,1.404251668361883754e+00
1.229671001429999855e+00,1.350522365907205202e+00
7.441530227660000385e-01,1.174834439300058264e+00
1.063034057620000139e+00,1.148495068733274227e+00
1.123872041700000102e+00,1.136534048043817080e+00
8.984770178790000283e-01,1.172208353736540642e+00
7.175139784810000698e-01,1.154620633299516141e+00
5.367509722709999931e-01,1.115205049658435366e+00
1.175443053249999981e+00,1.079908301843311769e+00
1.101048946379999949e+00,1.128973929018331601e+00
5.734490156170000130e-01,1.180227447591368994e+00
1.431144952770000200e+00,1.119061406785947455e+00
1.037794947620000130e+00,1.158677414169412279e+00
6.568620204930000206e-01,1.197301940248527430e+00
1.074908018110000141e+00,1.121812521792328488e+00
1.385972023009999887e+00,1.129704788021926865e+00
1.004804968829999812e+00,1.200280688787018102e+00
1.609539985660000116e+00,1.189739796714933684e+00
2.817575931549999524e+00,1.216825779169829813e+00
1.962562561039999709e+00,1.396943695795847651e+00
1.279752016069999998e+00,1.420364776531443107e+00
1.995329976079999845e+00,1.271221873405582903e+00
2.033385992049999924e+00,1.281894055219397588e+00
1.307443976400000096e+00,1.351813387864852167e+00
1.611258029939999892e+00,1.280604618956390883e+00
2.040218114850000042e+00,1.244916949732888689e+00
2.183244943620000100e+00,1.317091176525569063e+00
1.351415991779999937e+00,1.371378217645375930e+00
7.242180109020001089e-01,1.298952972397148020e+00
1.363389015200000109e+00,1.157672542600648002e+00
1.526808977129999967e+00,1.165609901372309576e+00
1.784019589420000163e+00,1.241385045305640089e+00
1.103597044940000105e+00,1.282932193218585981e+00
1.763007998470000004e+00,1.236622634471735704e+00
1.157549023629999896e+00,1.241733984268158952e+00
1.153326034550000045e+00,1.240237707417850777e+00
2.362811088559999551e+00,1.183957682031555381e+00
2.580787897110000007e+00,1.308056646237362619e+00
1.242146968839999976e+00,1.442050878613311493e+00
1.712821006770000265e+00,1.324374194506484415e+00
6.676509976389999323e-01,1.249347744231339652e+00
8.271329998970000652e-01,1.185184982192761804e+00
9.642647504809997994e-01,1.105197224356389230e+00
1.394161701200000048e+00,1.134021810899896066e+00
7.584049701689999923e-01,1.190918287937029252e+00
6.900759935379999765e-01,1.165134009447871488e+00
6.740249991419999809e-01,1.099461200708524711e+00
8.615220189090000424e-01,1.091506702558437292e+00
7.907469868659999790e-01,1.109324692558222081e+00
7.285000085830000138e-01,1.119334095280171359e+00
2.411980032920000294e-01,1.106399174988311529e+00
3.354600071909999981e-01,1.050501280025796902e+00
5.912460088730000507e-01,1.015256379504417161e+00
1.058426976200000036e+00,1.050278014492827205e+00
7.669919729230000316e-01,1.121956260611073120e+00
5.881239771840000019e-01,1.135050874444800684e+00
5.922303199769999305e-01,1.089759635951276451e+00
8.753510117530000079e-01,1.073684145813413648e+00
7.038279771799998974e-01,1.103203618993325419e+00
5.677499771120000371e-01,1.111663332815272076e+00
7.133870124819999825e-01,1.081836583807877172e+00
1.077505946160000061e+00,1.084275196847651168e+00
6.909419894220000247e-01,1.135185847282675242e+00
7.724580168719999973e-01,1.128983065603812674e+00
7.237120270730000859e-01,1.101717978622649863e+00
9.752489924429998958e-01,1.104219454107717491e+00
9.151769876479998178e-01,1.125613204269987566e+00
