1.935185045003890991e-01,2.184109738192872574e-01
1.787700653076171875e-01,1.955001933903913192e-01
1.761920750141144076e-01,1.817669539783390853e-01
1.861467957496643066e-01,1.772729185832837007e-01
1.954913884401321134e-01,1.772629931843770767e-01
1.660518944263458530e-01,1.770306924117697744e-01
1.907722949981689176e-01,1.872593530410488760e-01
1.898660957813262939e-01,1.863078116363841297e-01
2.001174986362457275e-01,1.824015908316155843e-01
1.948629021644592563e-01,1.899474957795369290e-01
1.779100298881530762e-01,1.865810166780511314e-01
1.810636967420578003e-01,1.780614143757045520e-01
1.635809391736984530e-01,1.777049373091358075e-01
1.916799396276473999e-01,1.817995398388362327e-01
2.085516005754470825e-01,1.828392498899270857e-01
1.828240007162094394e-01,1.873487214023116243e-01
1.857409924268722534e-01,1.878381014641106461e-01
1.752161234617233276e-01,1.774895259312070095e-01
1.845117062330245972e-01,1.782115060260015538e-01
1.984785944223403931e-01,1.786310635165486993e-01
1.841159015893935880e-01,1.794206332681463623e-01
2.104043960571288785e-01,1.865170297338554772e-01
2.088565975427627841e-01,1.882101109926314353e-01
1.900728046894073209e-01,1.853648837771667557e-01
1.658952832221984863e-01,1.849963280113983422e-01
1.852532625198364535e-01,1.808060310796656966e-01
1.799222826957702359e-01,1.805601147506805393e-01
1.978618204593658447e-01,1.784547738699210073e-01
1.711323857307434082e-01,1.776558506994002917e-01
1.623787879943847379e-01,1.801387145724006322e-01
2.059821039438247958e-01,1.804084807937551549e-01
2.158481031656264981e-01,1.866542379827314524e-01
1.768843084573745450e-01,1.846109543077259774e-01
1.834106147289275845e-01,1.836541314999969865e-01
1.805770993232727051e-01,1.794201463733363644e-01
2.012096941471099854e-01,1.784102835431477518e-01
2.066745012998580933e-01,1.778213194351792314e-01
2.195876985788345337e-01,1.798015751138583307e-01
1.944769918918609619e-01,1.875806212758112934e-01
1.704634428024291992e-01,1.857554645321368159e-01
1.750701963901519775e-01,1.803104513149347832e-01
1.796004772186279297e-01,1.790970824015238883e-01
1.640222966670989990e-01,1.785684724818279723e-01
1.769366562366485596e-01,1.824787406622640218e-01
1.781685650348663330e-01,1.837227188311545134e-01
1.855484992265701294e-01,1.813237379394362359e-01
1.732649058103561401e-01,1.780402757522691337e-01
1.832000017166137418e-01,1.778693461455187474e-01
2.088083624839782715e-01,1.777414227995175178e-01
1.873752027750015536e-01,1.821003206588849288e-01
1.986005455255508423e-01,1.885675628316732522e-01
1.863885968923568726e-01,1.839595041722565938e-01
1.885485500097274780e-01,1.773639009216136098e-01
1.833238750696182529e-01,1.767634214502032119e-01
2.096922993659972867e-01,1.791855942241197819e-01
2.330529242753982544e-01,1.829189286295781480e-01
2.151579260826110562e-01,1.909009251829534293e-01
1.312076449394226074e-01,1.915242468207037085e-01
1.684847325086593628e-01,1.960364688618347617e-01
2.097207009792327881e-01,1.882728929726470990e-01
1.697814613580703458e-01,1.815220381571736874e-01
1.778024435043334961e-01,1.874928955018638488e-01
1.968562752008438110e-01,1.843135643164320603e-01
1.775619983673095703e-01,1.796415463098024190e-01
1.848997771739959994e-01,1.789760934503408507e-01
1.822087168693542203e-01,1.779015787715717001e-01
1.833387613296508789e-01,1.768749664346804251e-01
2.103900015354156494e-01,1.766922846633621480e-01
1.892182081937789917e-01,1.804281382812899792e-01
2.129119038581848145e-01,1.795317173438648328e-01
1.933595985174179077e-01,1.792679150043493264e-01
1.597519963979721069e-01,1.796774786922595846e-01
1.763989776372909546e-01,1.856976765918965100e-01
1.978137493133544644e-01,1.819928866825500646e-01
1.724811047315597534e-01,1.823582086538111657e-01
1.862247735261917392e-01,1.867723485249763449e-01
2.039294093847274780e-01,1.818755399115335458e-01
2.793866395950316828e-01,1.818113861523485142e-01
2.514718174934387207e-01,2.269286387848225839e-01
1.890812516212463379e-01,2.353074170779209384e-01
2.606627941131591797e-01,1.980269299354777413e-01
2.856159806251525879e-01,2.030989389582215365e-01
1.691618561744689941e-01,2.300660359527173793e-01
1.986771523952484131e-01,2.143874308064810386e-01
1.806469559669494629e-01,1.831748691030181675e-01
1.871567964553833008e-01,1.833250857432524306e-01
2.099210023880004883e-01,1.793936725251105979e-01
1.662387549877166748e-01,1.878537799903514105e-01
1.823978126049041470e-01,1.942488345125814586e-01
1.884365230798721313e-01,1.829730053854357885e-01
2.153968065977097113e-01,1.769814765504939269e-01
1.994820386171340942e-01,1.807318712221023249e-01
1.810178905725479126e-01,1.791131295635083054e-01
1.886273920536041260e-01,1.771213596990875438e-01
1.874347329139709195e-01,1.771702225245018747e-01
1.789868623018264771e-01,1.768983437987168006e-01
2.386641800403594971e-01,1.796242626464492897e-01
3.205133974552154541e-01,2.256473058429813439e-01
3.201048076152800959e-01,2.616572393421028875e-01
3.410750627517700195e-01,2.875535240560728178e-01
3.053638935089111328e-01,3.101818370036782957e-01
2.349332422018050870e-01,2.906180054719534334e-01
2.282197028398513516e-01,2.376420037046607092e-01
1.862514019012451172e-01,2.004553901986784736e-01
1.789111644029617310e-01,1.899992939867740649e-01
2.258600741624832153e-01,1.801130652280674982e-01
2.293289005756378451e-01,1.914320130277397947e-01
2.285813987255096436e-01,1.992623866909120078e-01
2.966041862964630127e-01,2.238234517397652001e-01
2.547382712364196777e-01,2.480824894844492201e-01
2.086469978094100952e-01,2.359150844343607112e-01
2.144542932510375977e-01,1.998500941394094899e-01
1.961078941822052002e-01,1.843400640154513326e-01
1.801499277353286743e-01,1.836619616475232419e-01
1.802266091108321866e-01,1.773067335249965959e-01
1.799343973398208618e-01,1.769506361745003253e-01
1.912952065467834473e-01,1.784260694073573628e-01
2.476447969675064087e-01,1.810651014173091378e-01
2.153915017843246738e-01,1.979357541912387664e-01
1.687171012163162231e-01,2.003002871086631276e-01
1.932636946439743042e-01,1.848626709769373988e-01
1.967433989048003873e-01,1.796247309373857348e-01
1.806160062551498691e-01,1.784755192077891461e-01
1.939498037099838534e-01,1.790836915409236008e-01
1.780927032232284546e-01,1.789530316092163842e-01
2.026619017124176025e-01,1.791451193439093093e-01
1.926424354314804077e-01,1.800830509037683047e-01
1.697379499673843384e-01,1.783486747752511259e-01
1.767573058605194092e-01,1.791785077047770014e-01
1.698893159627914429e-01,1.789510371458221671e-01
1.773128658533096591e-01,1.792014040782443085e-01
1.924645453691482544e-01,1.786331407930047688e-01
1.682408750057220459e-01,1.780006537049947657e-01
1.219834238290786882e-01,1.855351834016386314e-01
1.124273017048835754e-01,1.893504568115094155e-01
1.735682934522628784e-01,1.892715617261114258e-01
1.894755959510803223e-01,1.940481239284063408e-01
1.874510943889618197e-01,1.785447316897460779e-01
2.440665513277053555e-01,1.770587849388711721e-01
2.327407002449035922e-01,2.021069463598683669e-01
1.852974742650985440e-01,2.095637564472236924e-01
1.947617977857589444e-01,1.882115646979949375e-01
1.859644204378128052e-01,1.773144116782141289e-01
1.870556026697158813e-01,1.772570302221513072e-01
2.003259211778640747e-01,1.837997198255764408e-01
4.109843969345093329e-01,1.855868378548475583e-01
3.859764039516448975e-01,3.187082730717937240e-01
3.382981419563292902e-01,3.547728467256361373e-01
2.311079055070876798e-01,3.010964630048326707e-01
2.232432067394257147e-01,2.500429262003630027e-01
1.992976218461990634e-01,1.974169036591801041e-01
1.784480065107345581e-01,1.840055305412396924e-01
1.857410371303558627e-01,1.793555192797025855e-01
1.818749755620956421e-01,1.773591826389661064e-01
1.936471015214920044e-01,1.770934192221556847e-01
1.921849995851517001e-01,1.774113761770815811e-01
1.867637038230895996e-01,1.776277829143777243e-01
3.074838817119598389e-01,1.771753015447136426e-01
2.563236057758331299e-01,2.346529957180225889e-01
2.176708281040192206e-01,2.470092984943423609e-01
3.009566068649291992e-01,2.059535238882655439e-01
3.871228992938994806e-01,2.296218503104145159e-01
2.734268903732300360e-01,3.853528992002761000e-01
1.934034079313278476e-01,3.815877061725252428e-01
1.674667745828628540e-01,2.121483226284573143e-01
2.460200339555740634e-01,1.802884029785382924e-01
2.682054042816162109e-01,2.230924730079250629e-01
2.072546035051345548e-01,2.581165824858152602e-01
1.928880363702773770e-01,2.355355456947484938e-01
1.886100023984909335e-01,1.892827780289811079e-01
1.841135472059249878e-01,1.807472163235434581e-01
1.885657012462615967e-01,1.783152823688407551e-01
1.931996941566467285e-01,1.763694409109538008e-01
1.296745538711548129e-01,1.774810890866043156e-01
1.509044617414474487e-01,1.903150791371154282e-01
2.352031022310256958e-01,1.857406698744835660e-01
2.412368059158324918e-01,1.999465958773362917e-01
4.479171633720397949e-01,2.108998408616667986e-01
7.546014785766601562e-01,3.952544367508240564e-01
6.946486234664916992e-01,5.629769579822642145e-01
5.096258521080017090e-01,5.960699579899304545e-01
3.489852249622344971e-01,5.041107796047678002e-01
3.183498978614807129e-01,3.840630178082933832e-01
2.614668905735015869e-01,3.116832570385277834e-01
2.646197974681854248e-01,2.579459938026946730e-01
2.632848024368286133e-01,2.367249771464533248e-01
2.274889498949051181e-01,2.331078778408287033e-01
1.593737602233886719e-01,2.124399084993139064e-01
2.165970057249068659e-01,1.960407460169384664e-01
2.152127921581268588e-01,2.051462466889287795e-01
2.003736048936843872e-01,2.051056986909741975e-01
1.930765211582184393e-01,1.857027889705391011e-01
2.153376042842864713e-01,1.803057564602280061e-01
5.549836754798889160e-01,1.956416809714074390e-01
5.126557946205139160e-01,5.405835074568505760e-01
4.163484573364257812e-01,5.763877886531948436e-01
2.541934549808502197e-01,3.876173378319367480e-01
1.850019842386245728e-01,2.964481386440819821e-01
1.727939993143081387e-01,2.007201131008325701e-01
1.767069548368453979e-01,1.791528503069804157e-01
2.039509564638137262e-01,1.786058606498862333e-01
1.905422955751419345e-01,1.806592093575122293e-01
1.684180349111557007e-01,1.812760068641824929e-01
1.689333617687225342e-01,1.814783273300961675e-01
1.962249428033828458e-01,1.822431631030574373e-01
1.778897047042846680e-01,1.836142579973198408e-01
1.612316220998764038e-01,1.795133879184163395e-01
1.442013978958130160e-01,1.799150746385393962e-01
1.259213238954544067e-01,1.845783674888600567e-01
1.192706972360610962e-01,1.880659377018472633e-01
1.655126959085464478e-01,1.895097448797412598e-01
1.946723610162734708e-01,1.898835717789539856e-01
1.781254708766937256e-01,1.804925126682276337e-01
1.895092576742171964e-01,1.789350266257686839e-01
1.890345066785812378e-01,1.775453742442982541e-01
2.142671942710876742e-01,1.772542291395175218e-01
1.696722060441970825e-01,1.810212443903620461e-01
2.109026014804839810e-01,1.910979008769094212e-01
2.371999472379684448e-01,1.970159977598631706e-01
1.953185498714447021e-01,2.013704781910429231e-01
2.596421837806701660e-01,1.946911822628546729e-01
4.047906100749969482e-01,2.667499225261800722e-01
3.577617108821869452e-01,3.445039401558322445e-01
2.219824343919754306e-01,3.360369206813368925e-01
2.247738689184188565e-01,2.569771499469982734e-01
2.618205845355987549e-01,1.896084831425827733e-01
2.273367345333099365e-01,2.162059255700676252e-01
1.758806854486465454e-01,2.166746844450473108e-01
2.118712961673736850e-01,1.865931628703445533e-01
1.990658938884735107e-01,1.878051493906190417e-01
1.566408872604369840e-01,1.901755511977731017e-01
1.590297073125839233e-01,1.884875385025968908e-01
1.815824955701828280e-01,1.841484630695649216e-01
2.216224968433380127e-01,1.815340784616028547e-01
2.066582888364791870e-01,1.852838018848366741e-01
1.968932896852493286e-01,1.857467678551144308e-01
2.048864960670471191e-01,1.787491789006044329e-01
1.417246013879776001e-01,1.814180825440462330e-01
1.926406770944595892e-01,1.911638488355667798e-01
2.254680991172790527e-01,1.920903143582118333e-01
2.145293951034545898e-01,1.925031498350948944e-01
1.820016801357269287e-01,1.868693850653615207e-01
1.686857044696807861e-01,1.803518720402345343e-01
2.045876085758208673e-01,1.804202674913170101e-01
1.865548938512802124e-01,1.831605589050400995e-01
2.014583945274352750e-01,1.805833306284757300e-01
2.036586105823516846e-01,1.804668467172622082e-01
1.731049269437789917e-01,1.769712044787045691e-01
1.787570714950561523e-01,1.798031328034355447e-01
1.788225024938583374e-01,1.788344774125909531e-01
1.951155364513396662e-01,1.783686182180766189e-01
1.929849982261657437e-01,1.820336625432147637e-01
1.356869190931320190e-01,1.818786987670542588e-01
1.972582042217254639e-01,1.901252894915015368e-01
1.894697993993758878e-01,1.951062322536986082e-01
2.645494043827056885e-01,1.824427973529042790e-01
2.692976891994476318e-01,2.334044088363834146e-01
2.406771630048752109e-01,2.484879931380727658e-01
3.281686902046204168e-01,2.160562314662350381e-01
2.904906868934631348e-01,2.602654882078702658e-01
1.794345527887344915e-01,2.725553439051285887e-01
1.727855503559112549e-01,2.182069818232558189e-01
2.426082938909530362e-01,1.784867178459695614e-01
2.097309380769729614e-01,1.929740477861770220e-01
1.825350672006607333e-01,1.963714882188740407e-01
1.575669944286346436e-01,1.826548898889991668e-01
1.770704984664916992e-01,1.833627111936848852e-01
1.755136996507644376e-01,1.816983781383433860e-01
1.939594447612762451e-01,1.783254036504209050e-01
1.943469941616058627e-01,1.814402556980583558e-01
2.144328951835632602e-01,1.789969163199115199e-01
1.937792897224426547e-01,1.808778359712746309e-01
1.706998199224472046e-01,1.858479926079661393e-01
2.422726899385452548e-01,1.813864253208656574e-01
2.336400598287582397e-01,1.938451449856716802e-01
2.297928631305694580e-01,2.016678050047021886e-01
2.152034044265747070e-01,1.961745602640212749e-01
2.623189091682434082e-01,1.941049193231622061e-01
3.426670730113983154e-01,2.145183972301983877e-01
3.465315699577331543e-01,2.888030781608956210e-01
2.670845985412597656e-01,3.189594687156255270e-01
2.535850703716278076e-01,2.808274735115256493e-01
2.274277955293655396e-01,2.413363041388796038e-01
1.842167228460311612e-01,2.195307792116965584e-01
1.896838992834091187e-01,1.867032495165461825e-01
2.130100131034850797e-01,1.778891765955711857e-01
2.186074256896972379e-01,1.872990567914344096e-01
2.313981950283050537e-01,1.970698120647594587e-01
2.503419816493988037e-01,2.112241057841703629e-01
2.535111904144287109e-01,2.290873824033078376e-01
2.031902372837066650e-01,2.292227044587513696e-01
2.327843457460403442e-01,2.047540568682344464e-01
2.558321058750153143e-01,2.003171501317049241e-01
2.179704755544662476e-01,2.180267816303758377e-01
2.751700878143310547e-01,2.105142915260127534e-01
5.200669765472412109e-01,2.364917857306114701e-01
5.718095898628234863e-01,4.708939342038070963e-01
5.010549426078796387e-01,5.387530396603594784e-01
2.063424885272980291e-01,4.587952310034763559e-01
2.145204693078995029e-01,3.482393558874800066e-01
2.337387651205062866e-01,1.810011208018318385e-01
2.580747008323668878e-01,2.007167198609904613e-01
1.991674900054931918e-01,2.200593528323382397e-01
1.796395033597946167e-01,2.097611720439125360e-01
1.698227077722549438e-01,1.829995048574755978e-01
1.740261465311050415e-01,1.795613675363113837e-01
1.826220005750656128e-01,1.796469150464049258e-01
1.689846664667129517e-01,1.781562971494874692e-01
1.901344954967498502e-01,1.784046065788622570e-01
1.337733566761016846e-01,1.795376340993244946e-01
3.362798094749451239e-01,1.911652628555849109e-01
3.365317881107330322e-01,2.640316788459685093e-01
2.839955985546112061e-01,2.905858336419699928e-01
1.813106983900070468e-01,2.605042301305646180e-01
2.399948686361312866e-01,2.142397424619408852e-01
2.299271076917648871e-01,2.125871387571172388e-01
2.266699969768523892e-01,2.197683112531312322e-01
2.176461517810821256e-01,1.974484446369521584e-01
2.445257008075713834e-01,1.979659520814697204e-01
2.472106367349624911e-01,2.034039014854912009e-01
3.001447618007659912e-01,2.070844816275311528e-01
4.906117916107177734e-01,2.910699526978840490e-01
3.368788957595825195e-01,4.514054037083639614e-01
1.897923052310943881e-01,4.343200236851345597e-01
2.160292118787765225e-01,2.423431492895383454e-01
3.595648109912872314e-01,1.971935037485361975e-01
3.568296134471892755e-01,2.644887474888719114e-01
1.710169017314910889e-01,2.985635708313086889e-01
1.877582967281341275e-01,2.555581308413964470e-01
1.911910772323608398e-01,1.786120718431590537e-01
2.077021002769470492e-01,1.766262240850859644e-01
2.206149846315384189e-01,1.790570066632697077e-01
2.409625947475433072e-01,1.844542183553835868e-01
2.214455157518387118e-01,1.960355144343357003e-01
1.873570978641509732e-01,1.959545713867801853e-01
1.860239952802658081e-01,1.879577081507455005e-01
2.020407021045684537e-01,1.821005819433979822e-01
1.875655949115752619e-01,1.819900515417486320e-01
1.922361850738525113e-01,1.804834130253274993e-01
2.172528207302093228e-01,1.759956373672332819e-01
2.509359121322631836e-01,1.808340313230543117e-01
2.739968001842498779e-01,2.086119149178757015e-01
2.319672256708144864e-01,2.315639382463926255e-01
2.075911909341812134e-01,2.215868269955047209e-01
2.634023129940032959e-01,1.946178253919743362e-01
3.236212432384490967e-01,2.309867270954052698e-01
3.383783698081970215e-01,3.021910241963172705e-01
3.199611008167266846e-01,3.340283278966641456e-01
3.591096997261047363e-01,3.233909836548717331e-01
3.462464511394501288e-01,3.100408427767569197e-01
2.611905336380004883e-01,2.995833848164247137e-01
2.517339885234832764e-01,2.654752688224624180e-01
2.257324606180191040e-01,2.245437093762646386e-01
1.833177059888839999e-01,2.082553867687841898e-01
2.036423683166503906e-01,1.871615349034205233e-01
2.420464009046554288e-01,1.819001026589383008e-01
1.904003769159317017e-01,1.977351836932448870e-01
1.802364736795425137e-01,2.012695649597416314e-01
1.564234346151351929e-01,1.831071551623764671e-01
1.458736360073089600e-01,1.807293321411205245e-01
1.587697118520736694e-01,1.830526776307661863e-01
1.766731888055801392e-01,1.831654493443449216e-01
1.556300967931747437e-01,1.804096905979821475e-01
1.889611035585403442e-01,1.835723618226784704e-01
1.857852935791015903e-01,1.871851620134453997e-01
1.993034631013870517e-01,1.808100823287150105e-01
1.905056983232498447e-01,1.806507531198974781e-01
1.891844570636749268e-01,1.777694287127780659e-01
2.012605071067810059e-01,1.765345863609816546e-01
2.108775675296783170e-01,1.803379450939646411e-01
1.666497588157653809e-01,1.868365078175601990e-01
1.744651794433593750e-01,1.902384591983556639e-01
1.666028350591659546e-01,1.812613435841206044e-01
1.785626411437988559e-01,1.802285070199320938e-01
2.016437053680419922e-01,1.802499105687442038e-01
1.915986984968185425e-01,1.786467349680696537e-01
1.954402029514312467e-01,1.815190371674386682e-01
1.996463239192962369e-01,1.811680748421998777e-01
1.873520165681839267e-01,1.765721181612369961e-01
1.970120966434478760e-01,1.762406393683507988e-01
1.883477419614791870e-01,1.798323553963291355e-01
2.073840051889419833e-01,1.813960133032284927e-01
1.647335141897201538e-01,1.828591928264912680e-01
2.097074985504150391e-01,1.865180259892100234e-01
1.964578926563262939e-01,1.891759529021118658e-01
2.485178858041763583e-01,1.865839788635508256e-01
2.478968948125838956e-01,2.035899919576277806e-01
2.200151830911636353e-01,2.146651221737164439e-01
2.001868933439254483e-01,1.991405993186601553e-01
1.837853938341140747e-01,1.824422736198083039e-01
1.722060889005661011e-01,1.826997428319087624e-01
2.091183662414551059e-01,1.808377922583944142e-01
2.345576137304306308e-01,1.828536726437576532e-01
2.321032136678695956e-01,1.968978817913176194e-01
2.424474954605102539e-01,2.042481102636368728e-01
2.033241987228393555e-01,2.030734276302817443e-01
1.746149510145187655e-01,1.956780640339830513e-01
1.927646994590759555e-01,1.817315569465549341e-01
1.902115345001220703e-01,1.782587818744679475e-01
1.989603042602539062e-01,1.773271777343402855e-01
1.557538956403732577e-01,1.784356516717017505e-01
1.348650753498077393e-01,1.885040537945053829e-01
1.943633109331130981e-01,1.862008977031702484e-01
2.312179952859878540e-01,1.934047376584536460e-01
1.992108970880508423e-01,1.965068892037148685e-01
4.058226048946380615e-01,1.950292685948733784e-01
4.052526056766509455e-01,2.822033601774905365e-01
2.675450444221497137e-01,3.349392934042184078e-01
2.505743205547332764e-01,2.908671450009680526e-01
2.567990124225616455e-01,2.177593383726109943e-01
1.871584951877594272e-01,2.197572897076261189e-01
1.702336072921752930e-01,2.074611697476462235e-01
2.178041040897369385e-01,1.791198247537628407e-01
2.151906937360763272e-01,1.943060499238587757e-01
2.004701942205429077e-01,1.979980777264063463e-01
2.054219990968703946e-01,1.861780418726359798e-01
2.202302068471908847e-01,1.826921884019461206e-01
2.307367920875549039e-01,1.847679446992856467e-01
1.803357303142547885e-01,1.926579265067576152e-01
1.733369380235671997e-01,1.873956486233448182e-01
1.801446974277496615e-01,1.788889957561928534e-01
1.690454930067062378e-01,1.801334327405900160e-01
1.963465064764022827e-01,1.814518842640692464e-01
1.642222702503204623e-01,1.818658884161766520e-01
2.063633054494857788e-01,1.812288758251731913e-01
1.926020979881286621e-01,1.869049909343758753e-01
1.817457973957061768e-01,1.869926513621314734e-01
1.796555072069168091e-01,1.803994956222319812e-01
1.700639575719833374e-01,1.781329517763560466e-01
1.699959039688110629e-01,1.790862928940469279e-01
1.734361052513122559e-01,1.809187866203525175e-01
1.864347159862518588e-01,1.808495975286491253e-01
1.785273402929306030e-01,1.784781477698351160e-01
1.158849000930785994e-01,1.802550952092684955e-01
1.127520129084587236e-01,1.917534381878355787e-01
1.757429093122482577e-01,1.895459515693972419e-01
1.788239777088165283e-01,1.922462163063790030e-01
2.961472272872924805e-01,1.772966325708707769e-01
2.756402194499968927e-01,2.519519074219851440e-01
2.648843526840210516e-01,2.690822938716108115e-01
2.934317588806152344e-01,2.589031009840478403e-01
2.612319886684417725e-01,2.624874121050578823e-01
1.807138323783874512e-01,2.333947332094464533e-01
2.054681032896042148e-01,2.014828716565611466e-01
1.878930032253265658e-01,1.821025402890521783e-01
1.992990970611572266e-01,1.839144682449539714e-01
2.207290083169937134e-01,1.796883900620137031e-01
2.160932719707489014e-01,1.924090737285136243e-01
1.806241124868392944e-01,1.955042337094933247e-01
1.736052930355072021e-01,1.808010967843131922e-01
2.613951861858367920e-01,1.817594656972439104e-01
2.367069572210311890e-01,2.102218075237438644e-01
1.872550845146178922e-01,2.156814720631226312e-01
1.886087059974670410e-01,1.888898991708950204e-01
1.907265037298202515e-01,1.774923365138871278e-01
1.732929944992065430e-01,1.799684571478840922e-01
2.095063477754592896e-01,1.820434553535849320e-01
4.529328942298889715e-01,2.004474259066958974e-01
4.101786911487578791e-01,3.157046522571801961e-01
2.999480962753295898e-01,3.575421461359024056e-01
2.636764347553253174e-01,3.087879175231134643e-01
3.030085861682891846e-01,2.527469210579736947e-01
2.769187986850738525e-01,2.602744532346118467e-01
3.595731556415557861e-01,2.678124291934100842e-01
3.489974141120910645e-01,2.971212500121083178e-01
2.530409693717956543e-01,3.179824087330779259e-01
2.099061757326126099e-01,2.678256245747809294e-01
2.169338017702102661e-01,2.039664599781683407e-01
2.144929021596908847e-01,1.932896408426660328e-01
2.123427987098693570e-01,1.908650991588385915e-01
2.024399936199187955e-01,1.893518679316866238e-01
1.932131946086883545e-01,1.839564574947444853e-01
1.841152161359786987e-01,1.778508824108827879e-01
1.946409046649932861e-01,1.774556473289542469e-01
1.966055035591125211e-01,1.770813877247899848e-01
1.790176033973693848e-01,1.781552368776836426e-01
2.000912129878997525e-01,1.817165362854315791e-01
1.927433013916016180e-01,1.805224516065519480e-01
2.095497995615005493e-01,1.767053011796976547e-01
2.050999999046325406e-01,1.785030868289842199e-01
2.005678713321685513e-01,1.781010761642448925e-01
1.948222815990447720e-01,1.763322160030536545e-01
1.811457574367523471e-01,1.767637276410943536e-01
2.015465050935744407e-01,1.766493059539591404e-01
1.874635964632034302e-01,1.775541853598326669e-01
2.041694968938827515e-01,1.790993824964785819e-01
2.533474564552307129e-01,1.799704205826520853e-01
3.017286956310272217e-01,2.339463624537629349e-01
3.397559225559234619e-01,2.901846430678238220e-01
2.932764291763305664e-01,3.172367652726932330e-01
1.747480928897857388e-01,2.899847101439884667e-01
1.857970058917999545e-01,2.178522600234611695e-01
2.045923024415969571e-01,1.775000700474406445e-01
2.008861005306243896e-01,1.792057005020392113e-01
2.219119668006896695e-01,1.804931796085605944e-01
2.135767042636871893e-01,1.947429999907427378e-01
2.023674994707107822e-01,1.968428281585232198e-01
1.969362944364547729e-01,1.827890709103262290e-01
2.066201269626617154e-01,1.785332713611699762e-01
2.266834974288940430e-01,1.863955385950089028e-01
2.064162045717239380e-01,1.953395876367583495e-01
2.136748582124710083e-01,1.897795025309240158e-01
2.210098206996917169e-01,1.968667758045604121e-01
2.026610970497131625e-01,2.000136303878118083e-01
1.840810924768448154e-01,1.859446883500204539e-01
1.945068985223769864e-01,1.832942919868534581e-01
1.860962957143784124e-01,1.804927554028388781e-01
2.998737990856171209e-01,1.774901912084412559e-01
2.435151785612106323e-01,2.217234891261774532e-01
1.468971520662307462e-01,2.314719633728779813e-01
1.691907048225402832e-01,2.001738244199788019e-01
1.851512044668197632e-01,1.833908016309004907e-01
1.983390152454375666e-01,1.807415553340392389e-01
2.147694528102874756e-01,1.766259230836481620e-01
2.910268306732177734e-01,1.814461626654122195e-01
2.695364058017731268e-01,2.462719355558457834e-01
2.071107774972916205e-01,2.573369924769751682e-01
1.965135931968689242e-01,2.081404268635186627e-01
2.025545984506607056e-01,1.778452689089389527e-01
1.871117651462555209e-01,1.799456908612943329e-01
2.005362063646316528e-01,1.813648484305565578e-01
2.371928393840789517e-01,1.788890419183478964e-01
2.096156179904937189e-01,2.047114979210322705e-01
2.188799381256103516e-01,2.061579765537900344e-01
2.092117965221405029e-01,1.883761294477763470e-01
3.725849986076354980e-01,1.875112005293566864e-01
7.407343983650207520e-01,2.866798256138598511e-01
2.537753880023956299e-01,5.478910900649868188e-01
2.583504617214202881e-01,5.342496683129720481e-01
2.349327653646469116e-01,2.156487974672702257e-01
2.010751813650131226e-01,2.088830494252675862e-01
2.233009040355682373e-01,1.915722295247903884e-01
2.084790617227554599e-01,1.872682668429263564e-01
2.063921540975570679e-01,1.894524902757211693e-01
1.915937960147857388e-01,1.847380435224696693e-01
2.065229862928390503e-01,1.832601655477593405e-01
2.108760029077530185e-01,1.835896472394799583e-01
1.988846510648727417e-01,1.825304480916039029e-01
2.070428282022475919e-01,1.800476074699322859e-01
3.285667896270751953e-01,1.812202247040221315e-01
4.017376005649567206e-01,2.920638724101333739e-01
3.933891355991364081e-01,3.414026055779365576e-01
2.748836874961853027e-01,3.294992907584962105e-01
2.935220301151276190e-01,2.877284012891266340e-01
3.149933218955993652e-01,2.419782659845881312e-01
2.829472124576569159e-01,2.644220276804263858e-01
2.236190885305404663e-01,2.586233680389758982e-01
1.970064640045165738e-01,2.189089826412732864e-01
2.222929000854491910e-01,1.884330614828710615e-01
2.163385450839996338e-01,1.892290234146073169e-01
2.239284068346024115e-01,1.939185435790589662e-01
2.111652940511703491e-01,2.002549047132305693e-01
1.949672847986221591e-01,1.985278457239876837e-01
2.242754995822906217e-01,1.795860649687490151e-01
2.110134959220886230e-01,1.837017490022848365e-01
1.926469951868057251e-01,1.858466573593207105e-01
1.927028000354766846e-01,1.810567852287524870e-01
2.494726628065109253e-01,1.782016349860114368e-01
1.843072175979614535e-01,1.971761579949998511e-01
1.996876001358031949e-01,1.978308270456281825e-01
1.888218969106674472e-01,1.790587834444627713e-01
1.885980367660522738e-01,1.775757915580307711e-01
1.893583983182907104e-01,1.772678593609125497e-01
1.822073012590408603e-01,1.772075910045712299e-01
1.726381331682205200e-01,1.790401373407971841e-01
1.893453001976012906e-01,1.802518924458450522e-01
2.041255980730056485e-01,1.808321018671121549e-01
1.950753927230834683e-01,1.804052083566386466e-01
1.940153539180755893e-01,1.797478972072997228e-01
2.548274099826812744e-01,1.786851963644691954e-01
2.269057929515838623e-01,2.143933073330600569e-01
2.461629658937454224e-01,2.196422194558063090e-01
2.234285175800323486e-01,2.050759670738000195e-01
2.169086933135986606e-01,2.042388564527020944e-01
1.956495195627212802e-01,1.880309187548695193e-01
1.911281347274780551e-01,1.880988266162074984e-01
1.682610064744949341e-01,1.818085331874033372e-01
1.789516657590866089e-01,1.853534754690902564e-01
2.044772058725357056e-01,1.846908072230255549e-01
1.983377933502197266e-01,1.823430406594274134e-01
2.265556752681731900e-01,1.811868298655837095e-01
2.234009951353073120e-01,1.874288756538666778e-01
2.588768005371093750e-01,1.926381132647355943e-01
2.280115038156509122e-01,2.059988208205999483e-01
1.778044104576110562e-01,2.070055272200026497e-01
1.860933601856231967e-01,1.900341103502122264e-01
1.859123855829238614e-01,1.806672412550427154e-01
1.785075962543487549e-01,1.775187973240124617e-01
2.542034089565277100e-01,1.781940986240585223e-01
2.529518902301788330e-01,2.041653357321890905e-01
2.110380530357360840e-01,2.178598745990583674e-01
2.390624135732651034e-01,1.995046375649360548e-01
2.384739071130752841e-01,1.945474620646549246e-01
2.205873429775237760e-01,2.082705110865552822e-01
1.979559957981109619e-01,2.014911648888444151e-01
1.824693381786346436e-01,1.824206479392605496e-01
1.944653987884520929e-01,1.866220678684832046e-01
1.634901016950607300e-01,1.870973401686289728e-01
1.773174256086349487e-01,1.844442750792325281e-01
2.009179741144180575e-01,1.820007304050798025e-01
1.519723981618881226e-01,1.804297967731964825e-01
1.608350872993469238e-01,1.912441286220968595e-01
1.789468824863434115e-01,1.872930909253323062e-01
1.762941032648086548e-01,1.820534511730406702e-01
1.410365849733352661e-01,1.816698392248389249e-01
2.020718008279800137e-01,1.876517926396081282e-01
2.467120736837387085e-01,1.909059730970347479e-01
2.420776039361953458e-01,2.206855903608910541e-01
1.608465462923049927e-01,2.315974884425206215e-01
1.329861283302307129e-01,2.027498786540762321e-01
1.795337647199630737e-01,1.870209317860358489e-01
1.848126053810119906e-01,1.882188856396769527e-01
1.993591934442519864e-01,1.768021827634952692e-01
1.895201951265334805e-01,1.775051486655651323e-01
2.597720026969909668e-01,1.811690102675806990e-01
2.407727241516112726e-01,2.172548676070066020e-01
2.282528877258301059e-01,2.283819878652407487e-01
2.107089906930923462e-01,2.059959456727150084e-01
1.978048980236053189e-01,1.950828674029512488e-01
2.423519939184188843e-01,1.840079661618135853e-01
2.591018974781036377e-01,2.169349277500912387e-01
2.398502230644226074e-01,2.311702596538363352e-01
1.646265089511871338e-01,2.113834139192601047e-01
1.715828478336334229e-01,1.933511130775228681e-01
2.222049087285995483e-01,1.798105707256514585e-01
2.281305044889450073e-01,1.901927217061232522e-01
2.251530140638351718e-01,1.962327566328316564e-01
2.331852018833160400e-01,1.927208872144096641e-01
2.020958065986633301e-01,1.950770534172636406e-01
1.845946013927459994e-01,1.897452085617551687e-01
2.119678109884262363e-01,1.833831121994066449e-01
2.234034091234206876e-01,1.853444706591062252e-01
2.418016940355300903e-01,1.985690099919007745e-01
2.017266303300857266e-01,2.086342239563627743e-01
1.734066754579544067e-01,1.948412270177795613e-01
1.653245985507965088e-01,1.815235415672316333e-01
1.766120344400405884e-01,1.812042740209886260e-01
2.151339054107665738e-01,1.817978180130845611e-01
2.899451851844788153e-01,1.821433157621083210e-01
3.044671118259429932e-01,2.665178365944114725e-01
2.604539990425110418e-01,2.870017391545153229e-01
2.598164081573486328e-01,2.393573008282487147e-01
2.179778963327408114e-01,2.290055176207862753e-01
2.050486057996749878e-01,2.204278332347906488e-01
2.097736448049545288e-01,1.892320543293557755e-01
1.972219944000244141e-01,1.790137644439131481e-01
1.988296955823898593e-01,1.800716056190395375e-01
2.033157944679260531e-01,1.774237632197321057e-01
2.031327337026595792e-01,1.763689446233164815e-01
2.274394929409027377e-01,1.859265627119219555e-01
2.466137260198592585e-01,1.979322757230749796e-01
2.308412343263625821e-01,2.078282616327660759e-01
1.903560012578963956e-01,2.048197005005697180e-01
2.246207594871520996e-01,1.866946632657792704e-01
2.103735655546188632e-01,1.927495666108811623e-01
1.817755550146102905e-01,1.951717782225254605e-01
1.930263042449951172e-01,1.789401056630542941e-01
1.897509992122649869e-01,1.767735199139270352e-01
1.858561486005783081e-01,1.759419743339094844e-01
1.774827986955642700e-01,1.773695720562335765e-01
1.615741997957229614e-01,1.798883779153682416e-01
1.936000734567642489e-01,1.813373755016300382e-01
2.083924710750580112e-01,1.828431705407658203e-01
1.796658039093017578e-01,1.797513207611019237e-01
1.821167021989822388e-01,1.850980164854316434e-01
1.848223060369492132e-01,1.801572495385947992e-01
1.947717964649200439e-01,1.798684326876011375e-01
1.828583031892776489e-01,1.803144531717111310e-01
1.527018994092941284e-01,1.784560531159780361e-01
1.779081076383590698e-01,1.830915448960072356e-01
1.754582375288009366e-01,1.827942687070859551e-01
1.580465734004974365e-01,1.778466224954705910e-01
1.731242984533309937e-01,1.810021430427932732e-01
2.204860746860503873e-01,1.811753946424803363e-01
2.881226837635040283e-01,2.068365398336305949e-01
2.804358899593353271e-01,2.756074479046443093e-01
3.555045723915100098e-01,2.911051209084883351e-01
3.495651185512542725e-01,3.581766413287911788e-01
2.400473654270172119e-01,3.643488911243792372e-01
1.951503008604049405e-01,2.555467867471006849e-01
1.784625351428985596e-01,1.919725208565113139e-01
1.679867953062057495e-01,1.786635573454149750e-01
2.073428332805633267e-01,1.802326952920476622e-01
3.016481101512908936e-01,1.938644715356544757e-01
3.267253041267395020e-01,2.307511245234362129e-01
2.114182710647582730e-01,2.645969470461415618e-01
2.050412595272063931e-01,2.436891040814856413e-01
2.621370851993560791e-01,1.831235803940325091e-01
2.543610632419586182e-01,2.033719498210553034e-01
2.207816988229751864e-01,2.220332799622340425e-01
2.450377047061919888e-01,2.091929052888424068e-01
2.463154047727585116e-01,1.980609700446843979e-01
2.683678865432739258e-01,2.100591215518123889e-01
2.536134123802185059e-01,2.501532795424860067e-01
2.278259247541427612e-01,2.535786920771085917e-01
2.406570017337799072e-01,2.152278423506527039e-01
2.355776131153106967e-01,2.043568940567622727e-01
2.014831006526947021e-01,2.023949986190565764e-01
1.968656927347183228e-01,1.917236095768388715e-01
1.748276948928833008e-01,1.792543679033152537e-01
1.819289028644561490e-01,1.824464106496621330e-01
2.163158357143402100e-01,1.817576650240059766e-01
1.841740161180496216e-01,1.845890754869924655e-01
2.706716060638427734e-01,1.919638721139247106e-01
2.765875160694122314e-01,2.138391540426530790e-01
3.372164070606232245e-01,2.456476136020280532e-01
3.424106836318969727e-01,2.995431818423323067e-01
3.334882259368896484e-01,3.385852376826012922e-01
2.241699099540710172e-01,3.211338306781049146e-01
2.231916040182113647e-01,2.555065610184906189e-01
2.555466890335083008e-01,1.955804337663209769e-01
2.643494009971619207e-01,2.231975377002696215e-01
2.339650541543961126e-01,2.420624734010642376e-01
2.242033332586288730e-01,2.277821505280171466e-01
2.012783437967300415e-01,1.995306462260718894e-01
2.178835868835448664e-01,1.859372878762003412e-01
2.213913053274154663e-01,1.849005833850279334e-01
1.992403119802475253e-01,1.888701160473582052e-01
1.901159286499023160e-01,1.892371120119371031e-01
1.898488998413085660e-01,1.831806774953491090e-01
1.874057054519653598e-01,1.826232072537031237e-01
1.881960034370422363e-01,1.818701717236898552e-01
2.257640063762665072e-01,1.796934291390581973e-01
1.905837059020996094e-01,1.883445504003026794e-01
2.389943003654479980e-01,1.879724232523984351e-01
2.203326970338821134e-01,1.953468670965453624e-01
1.995152980089187900e-01,1.981122306924216758e-01
2.036905288696288785e-01,1.826830374278806401e-01
1.914628148078918457e-01,1.779414552461188459e-01
2.303853929042815607e-01,1.781466407211899083e-01
2.651697993278503418e-01,1.902410245004485523e-01
2.410915046930313110e-01,2.168452229699630029e-01
2.060085982084274570e-01,2.179027976496971941e-01
1.719783544540405273e-01,1.948946382937198074e-01
1.757052987813949585e-01,1.874800003556169603e-01
1.635388135910034180e-01,1.835078015881930480e-01
1.943304240703582486e-01,1.828726706920578426e-01
2.030708640813827792e-01,1.874405915227777830e-01
2.182700932025909146e-01,1.808821105686112263e-01
2.186232060194015503e-01,1.850890346748025328e-01
1.787614673376083374e-01,1.891665331761269719e-01
2.417660057544708530e-01,1.844019947678345039e-01
2.201220840215682983e-01,2.136372209212602513e-01
2.470148950815201083e-01,2.176747605866667656e-01
2.227835953235626498e-01,2.142501977359008436e-01
2.456143051385879517e-01,2.157123030322229129e-01
2.149323076009750366e-01,2.017287819871146637e-01
1.983320713043213168e-01,1.992792320474152112e-01
2.150899022817611972e-01,1.812407353048752223e-01
2.187249064445495883e-01,1.808235559862870212e-01
2.260476946830748957e-01,1.886005751398791008e-01
2.273865938186645230e-01,1.947473600496725243e-01
1.765360683202743530e-01,1.953424670881577230e-01
3.349621891975402832e-01,1.893670287236668415e-01
3.160460889339447021e-01,2.589921730001444322e-01
2.454170137643814364e-01,2.841276013859545535e-01
2.043210864067077637e-01,2.398734547380417248e-01
2.639636099338531494e-01,1.968609440641364838e-01
2.840686142444610596e-01,2.048035244557207535e-01
2.698352336883544922e-01,2.305599474979154739e-01
1.737418919801712036e-01,2.323580267046124748e-01
1.598615348339080811e-01,2.086438742100178156e-01
1.780257374048233310e-01,1.828175310455037450e-01
1.990472823381424228e-01,1.804676284247465623e-01
1.969612538814544678e-01,1.784988558977737561e-01
1.797540038824081143e-01,1.796657115712620156e-01
3.833623826503753662e-01,1.839547368426822926e-01
2.216559946537017267e-01,2.811175681252423009e-01
2.184751033782958984e-01,2.830314525813013016e-01
2.180604040622711182e-01,1.969070108269979635e-01
2.412912994623183927e-01,2.011493804183757117e-01
2.391991466283798495e-01,2.009220033400283822e-01
2.403284162282944003e-01,2.124163958900952553e-01
2.023217231035232544e-01,2.130405087184925605e-01
2.082566022872924805e-01,1.931712476049091687e-01
1.949775964021682739e-01,1.780730137078223585e-01
1.989800930023193359e-01,1.864992551213876248e-01
1.943044960498809537e-01,1.853691545021674825e-01
2.246519029140472412e-01,1.803971329092586007e-01
1.886185854673385343e-01,1.853720522293345885e-01
1.893669962882995883e-01,1.938059019259900650e-01
1.995205432176589966e-01,1.846758840904040300e-01
1.920076012611388883e-01,1.781713254292296988e-01
1.980955004692077637e-01,1.797364071001149588e-01
2.022272646427154819e-01,1.808745501034919878e-01
2.055149674415588379e-01,1.802242029143509838e-01
1.921776980161666870e-01,1.786740506384070781e-01
1.978288739919662476e-01,1.829362210122585097e-01
1.929751932621002475e-01,1.804257284032820263e-01
1.787372082471847534e-01,1.780901154284110777e-01
1.954015046358108521e-01,1.802204152822243222e-01
1.786402463912963867e-01,1.805234648667572994e-01
1.924515962600708008e-01,1.810951671914279304e-01
2.029816657304764072e-01,1.812219967561609080e-01
2.076473981142044345e-01,1.803167915457122572e-01
1.837998628616333008e-01,1.804465479484964052e-01
3.492729067802429199e-01,1.790829702211511609e-01
3.246645033359528143e-01,2.880034268407481446e-01
2.013491839170455655e-01,3.148415947004843951e-01
2.125197052955627164e-01,2.457278902798593900e-01
2.026299685239791593e-01,1.889193957276094904e-01
1.967180371284484863e-01,1.814606336752714044e-01
1.683970987796783447e-01,1.771357512450285887e-01
1.571273952722549438e-01,1.822239654445595713e-01
1.925273537635803223e-01,1.824295219220816722e-01
1.979987621307372769e-01,1.875467909009476963e-01
1.713397651910782138e-01,1.821114286361666113e-01
1.448902040719985962e-01,1.835107274310349701e-01
1.324006021022796631e-01,1.874951648812391014e-01
1.147388964891433299e-01,1.891438261995569414e-01
1.773481070995330811e-01,1.903849820782560487e-01
1.872349977493286133e-01,1.922394144457113818e-01
1.901565045118331909e-01,1.791493394634701142e-01
2.105930447578430731e-01,1.772402838535853953e-01
2.011387944221496860e-01,1.803220510732143622e-01
1.862777769565582275e-01,1.800640858887666840e-01
2.313299924135208130e-01,1.775522665576858006e-01
2.672828137874603271e-01,2.247335062036173725e-01
2.939947843551635742e-01,2.439681804082967365e-01
2.766048014163970947e-01,2.531029486742241152e-01
2.223459333181380670e-01,2.555115113186058329e-01
2.186183035373687744e-01,2.197702784706109524e-01
1.907453685998916626e-01,1.913315780361498353e-01
2.226422727108001709e-01,1.833691865196298010e-01
2.252217978239059448e-01,1.966938890117135297e-01
2.066775113344192505e-01,2.056615091236493886e-01
2.097374200820922574e-01,1.895377955562009831e-01
2.342368513345718384e-01,1.817262894727380562e-01
2.170636057853698730e-01,1.925019927525769281e-01
2.301114946603774747e-01,1.998203726352441867e-01
2.047397941350936890e-01,2.046150507162415311e-01
2.222295254468917569e-01,1.964798461097320148e-01
2.129457294940948486e-01,1.859137075213184442e-01
1.835393011569976807e-01,1.870729759163266281e-01
1.722192019224166870e-01,1.840173505692271894e-01
1.739563494920730591e-01,1.785910820814306521e-01
1.938352584838867188e-01,1.794080481188640996e-01
1.942632943391799927e-01,1.814558618995240624e-01
1.873460412025452215e-01,1.789763283662487436e-01
2.008862048387527466e-01,1.807650714250466084e-01
1.927679926156997403e-01,1.811876740941084918e-01
1.832018047571182806e-01,1.769212048680744165e-01
1.902956068515777310e-01,1.771941040663706779e-01
1.891089975833892822e-01,1.802650464178917333e-01
1.840091049671173096e-01,1.801256739534452533e-01
1.854998767375946322e-01,1.767782731604374824e-01
2.226949036121368408e-01,1.768803549433714817e-01
2.009170949459075928e-01,1.911043245961957238e-01
1.943915784358978271e-01,1.918731285620988436e-01
1.774574071168899536e-01,1.762825875092200456e-01
1.895107030868530551e-01,1.840411803810151070e-01
2.074400931596755981e-01,1.834151169653782387e-01
2.000678032636642456e-01,1.797271780591319368e-01
1.849348992109298706e-01,1.805698367663579607e-01
1.688267737627029419e-01,1.781977832967283903e-01
1.822085529565810880e-01,1.796637705227859538e-01
2.055577039718627930e-01,1.807628659751614741e-01
2.256706357002258578e-01,1.868463431688319187e-01
1.874290108680725098e-01,1.912948789607622491e-01
1.834661066532135010e-01,1.840858827640721729e-01
1.979932039976119995e-01,1.773855619100307424e-01
1.810770928859710693e-01,1.778297327913886672e-01
4.604647159576416571e-01,1.808441499527758123e-01
4.378605186939240057e-01,3.141210989245934448e-01
2.561259269714355469e-01,3.704874459355442795e-01
2.201671004295349121e-01,3.075958635772161887e-01
1.984222531318664828e-01,2.075646415863691696e-01
1.805235445499419611e-01,1.899631270796107718e-01
2.088513970375061035e-01,1.840294257997143190e-01
2.052325755357742587e-01,1.837706215113249775e-01
1.864733994007110596e-01,1.801816564050620628e-01
1.736753731966018677e-01,1.817974009885899300e-01
1.996680051088333130e-01,1.809435979668360395e-01
1.754488945007323941e-01,1.808087159507441588e-01
2.038332223892211914e-01,1.821091283909364034e-01
1.958734989166260321e-01,1.854321299123284639e-01
1.724482625722885132e-01,1.807381159367055790e-01
1.713635921478271484e-01,1.807331061058487787e-01
1.702087521553039551e-01,1.814748604934653120e-01
1.913181245326995850e-01,1.810827224149415826e-01
2.021497935056686124e-01,1.799154001915582723e-01
1.973596364259720126e-01,1.764634874347069671e-01
1.518772840499877930e-01,1.761007507374275916e-01
1.766516566276550293e-01,1.897527915072650395e-01
2.190984636545180997e-01,1.891062496010282312e-01
2.723162174224852961e-01,1.982794721873986366e-01
2.842651307582855225e-01,2.625344767126265300e-01
3.393641114234924316e-01,2.804672792207226761e-01
2.359429746866226196e-01,2.760990516526541372e-01
1.764906942844390592e-01,2.571102747681154876e-01
2.070471495389938354e-01,1.921530285202768251e-01
2.076206952333450595e-01,1.857750430747569792e-01
2.094228416681289395e-01,1.833142723769748128e-01
2.029076218605041504e-01,1.783484048462696814e-01
1.715861856937408447e-01,1.790623500786602262e-01
1.865625381469726562e-01,1.825056192606871741e-01
1.824795007705688754e-01,1.804701142994192820e-01
1.910450011491775513e-01,1.785470550407089463e-01
1.942836940288543979e-01,1.787590823322479372e-01
1.823579072952270230e-01,1.775171163810536634e-01
2.122309356927871982e-01,1.819518630279394478e-01
2.061766982078551969e-01,1.850678324028864896e-01
2.036442905664443692e-01,1.806620641070700306e-01
2.072980999946594516e-01,1.795466714328057822e-01
1.624802798032760620e-01,1.788202612416669723e-01
1.887350976467132846e-01,1.885261788951366202e-01
1.948221027851104736e-01,1.872969500187033065e-01
2.063589692115783691e-01,1.838391400653250907e-01
1.980886012315749845e-01,1.801215062611608853e-01
2.041638940572738092e-01,1.805648274169822931e-01
1.815092116594314575e-01,1.816020344616356141e-01
1.704124957323074618e-01,1.846557573422436815e-01
1.620960831642150879e-01,1.803801992318934400e-01
2.152855992317199985e-01,1.807421617122941249e-01
2.119203954935073575e-01,1.864604174830213068e-01
1.966343224048614224e-01,1.862623439522046731e-01
1.994546651840210238e-01,1.830819872426774630e-01
1.885830014944076538e-01,1.766660226745447038e-01
1.777306050062179565e-01,1.767742588238591372e-01
1.724444031715393066e-01,1.783355150671192269e-01
1.860917955636977872e-01,1.799730636557257402e-01
1.783816069364547452e-01,1.799319170025844572e-01
1.979020982980727872e-01,1.785531432601028534e-01
1.862878054380416870e-01,1.794370591119291702e-01
1.807115972042084295e-01,1.792364156784651830e-01
1.879478991031646729e-01,1.795243881405436392e-01
1.885761320590972623e-01,1.786971865601893472e-01
1.887152642011642178e-01,1.770852394281363373e-01
2.029483020305633267e-01,1.779505196290451507e-01
1.880519986152648648e-01,1.809732737493461308e-01
1.818363368511199674e-01,1.847266940275344160e-01
1.934503465890884399e-01,1.834885876438570873e-01
1.718572974205017090e-01,1.807031327768243434e-01
1.934519559144973477e-01,1.798905129001676928e-01
2.148046046495437622e-01,1.797697471039761963e-01
2.087343037128448486e-01,1.809868457678387721e-01
1.829220354557037354e-01,1.830599445418750748e-01
1.987580806016921997e-01,1.818497647157021613e-01
1.991298943758010864e-01,1.801577704641235955e-01
1.789479851722717285e-01,1.765265489428340939e-01
1.769941002130508423e-01,1.799226255615983816e-01
1.811666339635848721e-01,1.806712611542063418e-01
2.228865027427673340e-01,1.805120562772648263e-01
1.650676876306533813e-01,1.838815848715529278e-01
1.990987807512283325e-01,1.870169499394017387e-01
1.885309964418411255e-01,1.817734667324097664e-01
1.826629936695098877e-01,1.765442683505881460e-01
2.735207974910736084e-01,1.773197180458450650e-01
2.687470018863677979e-01,2.077630230893364183e-01
2.419617027044296265e-01,2.285575391400470613e-01
2.487231940031051636e-01,2.173882063881593663e-01
2.237731963396072388e-01,2.064385297999440927e-01
1.998770385980606357e-01,2.034338085878986124e-01
2.061658948659896851e-01,1.912874561216941494e-01
1.921332776546478549e-01,1.811100253753460121e-01
1.724504977464675903e-01,1.791393048631583496e-01
1.866747587919235229e-01,1.786269703367116546e-01
1.450039297342300415e-01,1.807861129426461821e-01
1.404531002044677457e-01,1.929981016640643365e-01
1.343677937984466553e-01,1.875835501908073855e-01
1.571162045001983365e-01,1.875081541703051691e-01
1.624787002801895142e-01,1.869687727337984162e-01
1.815999448299407959e-01,1.815739891003647077e-01
1.884922981262207031e-01,1.821408950316291686e-01
1.918683052062988559e-01,1.784711621145036731e-01
2.014196962118148804e-01,1.788734601028249271e-01
1.973526030778884888e-01,1.809563928485296014e-01
2.078395932912826538e-01,1.807569039612224038e-01
2.030725032091140747e-01,1.804150279332938367e-01
1.920516937971115112e-01,1.825942143642905746e-01
1.887437999248504361e-01,1.813465615913958384e-01
1.873788982629776001e-01,1.789187083360138375e-01
1.895716041326522550e-01,1.792751739349186524e-01
1.986678987741470614e-01,1.770956825944070556e-01
2.600212097167968750e-01,1.768351520536657895e-01
2.486595213413238803e-01,2.234469343251401230e-01
2.238901853561401367e-01,2.325480882643561342e-01
1.912304461002349576e-01,2.008993903655383328e-01
2.349424958229064941e-01,1.829991413385505250e-01
2.342955172061919888e-01,1.929016866165111088e-01
2.107733041048049927e-01,2.127698680259622332e-01
2.195045053958892822e-01,2.040391028590907430e-01
1.782344579696655273e-01,1.884920271127057401e-01
1.992904990911484042e-01,1.869794852565919152e-01
2.188781946897506714e-01,1.796294243241445543e-01
2.986789345741271973e-01,1.928724721009639764e-01
3.000943064689636230e-01,2.299616197441463061e-01
2.014694958925247192e-01,2.523036810065524271e-01
2.050123065710068027e-01,2.276723152264868988e-01
1.987702995538711548e-01,1.793211091504183785e-01
2.083670347929000854e-01,1.793641132690272921e-01
2.080235034227371216e-01,1.851558023645539230e-01
2.174742072820663452e-01,1.882792867183306351e-01
2.117234021425247192e-01,2.000412465779765891e-01
2.041544467210769376e-01,1.999437820825467060e-01
2.150782048702239990e-01,1.849652151443670345e-01
2.338068932294845581e-01,1.838655243131403494e-01
3.246116042137145996e-01,2.116703398147033455e-01
3.095698356628417969e-01,2.705806168980333104e-01
2.792485058307648260e-01,2.968853185884201551e-01
2.526278495788574219e-01,2.858351880805190537e-01
2.839281857013702393e-01,2.602906474322056463e-01
2.706804275512695312e-01,2.619242510598702722e-01
2.309004068374633512e-01,2.614307011707772133e-01
2.387782931327820102e-01,2.260245027805492246e-01
2.565485239028931219e-01,2.198949545268955030e-01
2.649432718753815252e-01,2.228170441004440061e-01
2.503576874732971191e-01,2.383236406394908247e-01
3.117785453796387274e-01,2.373207643351422924e-01
2.945955097675323486e-01,2.846488702391508641e-01
2.395841330289840976e-01,2.953332014113006498e-01
1.883951872587203979e-01,2.309315768636242550e-01
2.226487994194031039e-01,1.915269740319504033e-01
2.097330987453460693e-01,1.956610532142988301e-01
1.943479031324386597e-01,1.990641210784879489e-01
2.030006051063537875e-01,1.824843168321565179e-01
1.910956948995590488e-01,1.799192633396684560e-01
1.376174986362457275e-01,1.787646118187632138e-01
2.001304924488068182e-01,1.876858719298663547e-01
1.929156184196471890e-01,1.920399037620621752e-01
1.619705408811569214e-01,1.796444233194899598e-01
1.905120015144348145e-01,1.811442035245278970e-01
1.769654452800750732e-01,1.810706270279969499e-01
2.045527994632720947e-01,1.805799594553702814e-01
2.115447074174881259e-01,1.846080561998541814e-01
1.859614849090575894e-01,1.849207730292935226e-01
1.966694146394729337e-01,1.818167713670995889e-01
1.857832968235015869e-01,1.783387304159711750e-01
2.057538926601410190e-01,1.780541500920553022e-01
2.078094035387038907e-01,1.840400055746624908e-01
2.044339925050735196e-01,1.860758978247147866e-01
2.053123414516448975e-01,1.836934810214062297e-01
1.927201002836227417e-01,1.830463611690676118e-01
1.575461775064468384e-01,1.871471937259886476e-01
1.327996999025344849e-01,1.908578527106451483e-01
1.669837534427642822e-01,1.890227642088773419e-01
1.829388290643691739e-01,1.865533361318510164e-01
1.971024274826049527e-01,1.798948435735054918e-01
2.025007009506225586e-01,1.775202627092291874e-01
1.924629509449005127e-01,1.767014640485436716e-01
