7.307389974590000614e-01,5.709174268651259210e-01
1.074290990829999792e+00,5.238904134908063392e-01
9.521890282630000035e-01,1.438523791307718458e+00
9.879170060160000766e-01,9.904004097109977423e-01
1.011654973029999960e+00,5.883818640909249664e-01
0.000000000000000000e+00,9.036490844362162767e-01
7.643579840659999736e-01,-7.988631660955143599e-02
7.788103222849999119e-01,5.118940221315340100e-01
3.306220054629999794e+00,2.040881838452549335e+00
1.055441975589999970e+00,2.363568238714740311e+00
7.543110251430000801e-01,1.484974014653473562e+00
7.915459871289999283e-01,-2.262606813526294225e+00
1.409499049189999909e+00,1.441359999007983062e+00
8.875439763070001042e-01,1.472602495217743890e+00
6.401469707490000660e-01,9.582637787168869492e-01
5.082880258560000808e-01,-1.405996898066497747e-01
8.640019893649999450e-01,6.562808596252082127e-01
5.725920200349999822e-01,1.108150315528622087e+00
8.469420075419999971e-01,9.888711757849641959e-01
9.181020259860001032e-01,6.483355469959437567e-01
7.976629734039999420e-01,1.269958809815110445e+00
9.608020186419998776e-01,6.835444134691177620e-01
9.555831551549999192e-01,8.074822833715069592e-01
3.470349907879999862e-01,1.012724112528111231e+00
9.546210169789999256e-01,2.151247530650806927e-01
1.293938040730000072e+00,7.569526000574233748e-01
5.251880288119999962e-01,1.946192918370337477e+00
4.773890078070000542e-01,2.622027846941520912e-01
1.275226235389999907e+00,-1.021458243300443214e-01
8.723750114439999814e-01,1.756095138824573132e+00
8.355640172959999390e-01,1.295147182598585189e+00
7.321749925609999377e-01,9.234708063688988611e-02
7.640249729160000225e-01,8.387754532191268320e-01
4.072830080990000323e-01,7.601723114196875519e-01
4.752210080619999610e-01,5.836611656558825523e-01
8.781340122220000488e-01,5.343650203218881511e-01
7.414129972460000717e-01,1.408604678281755840e+00
1.258002042770000051e+00,1.102493716948095281e+00
1.069700956339999953e+00,9.679563814288033585e-01
7.274609804150000691e-01,1.204858542734015714e+00
7.892770171170000459e-01,1.369323333024523026e-01
6.237750053410000550e-01,5.990228114429925199e-01
6.914690136910000007e-01,8.683181621985118781e-01
8.557710051540000640e-01,7.018246493802403618e-01
7.093830108640000187e-01,1.103655954311797638e+00
1.014547944070000041e+00,8.388885495506557266e-01
1.115731000900000103e+00,8.751875408640988896e-01
4.182830154900000208e-01,1.251787067968804790e+00
1.002280950550000105e+00,1.906316129506122614e-01
1.218860983849999968e+00,6.010859827269431355e-01
1.143296003339999922e+00,1.845982341364378998e+00
6.528189778330000248e-01,7.338964750091894196e-01
6.746559739110000731e-01,2.275770852521957210e-01
6.009536385540000802e-01,3.798738535647160908e-01
6.694570183749999348e-01,9.713330569401539272e-01
6.538079977039999990e-01,8.163887992883507305e-01
7.814120054240000224e-01,9.211762969706845938e-01
1.206303954120000022e+00,9.056440226376606395e-01
8.469259738919999725e-01,1.314219068123261280e+00
8.286409974099999687e-01,8.771507806517958583e-01
6.482390165329999787e-01,2.839319570426367956e-01
5.623700022700000023e-01,7.757407937452815982e-01
7.183309793469999649e-01,5.793554505985353265e-01
1.099647998810000082e+00,9.557147299312992450e-01
9.541710019110001273e-01,1.345559987145898084e+00
7.290139794350000146e-01,1.011304154615747297e+00
6.694499850270000385e-01,3.316824890614299970e-01
8.631219863889999511e-01,5.966818447848518669e-01
6.464660167689999515e-01,1.018070647973622567e+00
8.223180174830000411e-01,8.539188241879424046e-01
9.235979914669999458e-01,6.913582578385488731e-01
8.300920128820000743e-01,1.166368389556231566e+00
1.067314028740000031e+00,7.720289396229385037e-01
1.546175003050000107e+00,8.817824684073745090e-01
6.827279925350000500e-01,1.451321633130620459e+00
6.385620236399999206e-01,4.479666103790268528e-01
6.464239954950000699e-01,-2.394880088429449383e-01
6.881093978879999629e-01,1.116343559728041335e+00
7.273989915849999877e-01,8.980622235313165946e-01
6.500350236890000133e-01,9.084364039158987492e-01
8.693690299990000092e-01,7.887538241749116885e-01
4.408580064769999640e-01,9.284350860561130236e-01
4.518609941010000020e-01,7.011216679979158650e-01
7.575070261959999662e-01,3.391861478072393243e-01
4.952389895920000229e-01,1.293919036989372273e+00
6.850870251659999521e-01,9.227855319942084300e-01
7.243813276289999825e-01,6.342302680261662218e-01
8.653740286830000628e-01,1.164629953424286546e+00
7.400469779970000328e-01,9.233709470705796507e-01
8.070759773250000269e-01,8.412065621736211085e-01
8.204330205920000729e-01,7.027862986267032763e-01
1.114411950110000049e+00,9.464537411337725636e-01
1.108605027200000093e+00,1.052258276141057269e+00
4.751499891279999943e-01,1.083092011991745096e+00
1.039268016820000140e+00,1.435799355051098070e-01
9.457899928090000019e-01,6.817390743458472402e-01
7.877500057220000462e-01,1.541949682138240130e+00
3.504549860949999762e-01,3.777676883895489945e-01
9.367713332179998797e-01,3.102102070191855021e-01
9.868059754369999936e-01,9.706837094411070455e-01
6.470239758489999549e-01,1.630178684449193893e+00
1.029777050020000084e+00,3.592619345757644411e-01
1.187446951870000156e+00,7.888744316795558431e-01
9.328820109369999614e-01,1.447360194394406330e+00
7.528370022769999004e-01,5.997072527143562093e-01
6.420040130619999452e-01,3.432375205612924196e-01
2.307340055699999837e-01,6.368886230821593220e-01
4.714997112749998998e-01,4.197484069437589782e-01
8.772729635240000823e-01,7.005930472197310355e-01
7.876309752460000091e-01,1.623244319047434825e+00
2.742219865320000283e-01,1.086586474414170223e+00
3.992269933219999567e-01,1.336187739144126807e-01
9.923512339589999343e-01,4.773939307022848633e-01
7.627239823340000724e-01,1.701839194357438467e+00
7.200859785079999353e-01,1.196754615002318056e+00
6.264780163759999798e-01,3.405927658295142546e-01
7.269890308380000388e-01,7.864931954608007647e-01
9.301019906999999920e-01,8.426199629270836322e-01
6.872699856759999504e-01,1.140415821630395010e+00
8.662552833559999943e-01,7.778545352533198232e-01
8.352038264269999734e-01,6.591682488411731988e-01
9.402499794959999768e-01,1.062587013882094311e+00
1.023357987399999836e+00,8.088967114766183464e-01
7.322629690170000538e-01,9.953430778145705426e-01
9.300749897960000068e-01,6.023268019620607872e-01
8.702930212019999168e-01,6.645709282058787082e-01
5.104020237919999481e-01,1.068695727846132204e+00
1.025817990299999982e+00,3.712670034473407044e-01
4.551239907739999535e-01,9.340250869572854775e-01
7.345349788670000324e-01,9.809679722574909944e-01
7.012919783589999234e-01,3.211964891232065855e-01
1.014386057849999911e+00,1.304047596172856815e+00
1.123770236970000225e+00,9.614665175666197161e-01
4.825370013710000294e-01,1.226303614343969173e+00
4.689320027830000681e-01,2.459550696333578923e-01
8.755196928980000237e-01,1.381663929540406510e-01
1.145424962039999883e+00,1.427369386947631824e+00
1.943787455560000099e+00,1.473612764905364303e+00
1.557039022450000143e+00,1.529829804994469411e+00
2.104775905609999942e+00,1.129076925675815080e+00
1.062240004540000005e+00,5.318665422118675767e-01
7.867829799650000178e-01,6.219245142514131519e-01
2.247971057890000068e+00,-5.951769964460026374e-01
5.664669871329999218e-01,2.058426868363480544e+00
8.389729857439999217e-01,9.347828536630684582e-01
3.188189864160000386e-01,-1.054528332920912082e+00
6.386680006980000046e-01,1.283876953742664861e+00
7.540266513819999794e-01,5.081972201114075549e-01
1.085826039310000102e+00,1.472116329381012889e+00
6.014299988750000381e-01,1.113514710505565164e+00
6.923220157619999204e-01,6.861297831361669042e-01
8.782439827919999997e-01,2.998004973591457123e-01
1.279224038119999962e+00,1.262102543891788553e+00
7.251669764520000117e-01,1.302774494740105427e+00
4.283109903339999969e-01,6.606983032901888597e-01
7.012249827380000466e-01,-1.376292120164532562e-01
8.846225738529999161e-01,9.872995630323141425e-01
7.809653878210001121e-01,1.387248618314432802e+00
9.259700179100002204e-01,8.206263279482616246e-01
9.178640246389998536e-01,7.713571025585859164e-01
9.073020219799998731e-01,9.891215968305100414e-01
4.099450111390000040e-01,7.398428106020752404e-01
8.741459846500000408e-01,3.723239940302316975e-01
1.231343984599999830e+00,7.450608179276799747e-01
7.683960199359999299e-01,1.779067329462932667e+00
9.357339143750000865e-01,5.984664738864388100e-01
7.523270249369999885e-01,3.661574742294140816e-01
6.247839927670000293e-01,9.950415515702810687e-01
1.977947235109999591e+00,4.654483375142987600e-01
2.476479291920000048e+00,1.842018980760315561e+00
6.822599768639999729e-01,2.468219468156562790e+00
1.294077992440000102e+00,-6.518930506767302013e-01
2.116506099700000032e+00,-4.946250498242266147e-01
2.030230045320000176e+00,2.700350258106692714e+00
1.727593064309999926e+00,1.237826945268307721e+00
1.321619033810000010e+00,1.769469975104519810e-01
1.114274978639999913e+00,2.387402187893242766e-01
1.618482947350000201e+00,3.603820315944586405e-01
1.102354049679999948e+00,1.141385056857009639e+00
8.501269817350000091e-01,9.262034135821354264e-01
6.531813144679999850e-01,-9.377609646496627704e-02
6.168276071549999573e-01,5.850995021678293551e-01
1.023204803470000090e+00,6.901773190215686471e-01
1.176781058310000017e+00,1.216839432526193310e+00
1.108754038809999898e+00,1.361306367621765823e+00
9.838110208509999177e-01,7.415812778862910237e-01
1.829927563669999868e+00,5.681175698530407381e-01
1.342131018639999951e+00,1.362743656479941778e+00
1.265669584270000092e+00,1.249920151584338779e+00
7.930377125740000199e-01,-4.165521286943312668e-02
1.030689358710000114e+00,5.093643403508233414e-01
8.210232257839999992e-01,5.730840665022122193e-01
1.099169254300000009e+00,1.041439452783933683e+00
5.255355238910000004e-01,7.487786346835624274e-01
7.758393883709999717e-01,6.680424855562495656e-01
7.209759950640000081e-01,3.712877321311294221e-01
8.666771054269999386e-01,1.249799530324900321e+00
8.462041020389999835e-01,8.065831636505449431e-01
7.614132165909999195e-01,9.686246900386070724e-01
6.587246060370000045e-01,6.706602445322497053e-01
1.078659296040000104e+00,6.554462106629747042e-01
1.281940340999999872e+00,1.111094368895918283e+00
6.600005030629999547e-01,1.430194887776881085e+00
1.112500548360000119e+00,3.167671645654771551e-01
6.280704736709999958e-01,5.088777441679285252e-01
6.864575743680000341e-01,1.079115606002261751e+00
9.000409841539999123e-01,2.271126937575183302e-01
7.342569231990000445e-01,1.251640460864471782e+00
1.011121273039999879e+00,8.731348553102012966e-01
8.827599883079999543e-01,8.111075888081173968e-01
7.521411776540001259e-01,1.039892654317875698e+00
9.489411115650000506e-01,4.710973063986899079e-01
6.799052953720000625e-01,9.021260337655256922e-01
7.211565971369999772e-01,8.294455119062961179e-01
6.504104733470000843e-01,5.182534585949636341e-01
7.167106270790000178e-01,9.086099159018192761e-01
9.056316018100001308e-01,8.047523783748948834e-01
6.526464819910000603e-01,1.085376277402321898e+00
7.056654095649999014e-01,7.685166861988199649e-01
6.581057906149999637e-01,5.500674341119542454e-01
6.592794060709999959e-01,9.369666226374964157e-01
6.634064316750000190e-01,7.681889093498924792e-01
7.808002829549999246e-01,8.581443597314091232e-01
7.565907239910000248e-01,9.405695360420162077e-01
9.280405640600000172e-01,9.246951869931616663e-01
7.073829770089999913e-01,9.026627308721421050e-01
3.888399899009999383e-01,8.080489196819865549e-01
3.422417938710000107e-01,2.599125249148788730e-01
2.337300032380000281e-01,5.647770596617076588e-01
1.459127068520000015e-01,8.418771190006886229e-01
3.949534893039999828e-01,7.113404811700940744e-01
9.678409695629999199e-01,1.076684307452140610e+00
7.839220166210000285e-01,1.677792965630343192e+00
8.333759903910000766e-01,1.174896424230378100e+00
9.723259806630000224e-01,4.712166309060232261e-01
6.905210018160000685e-01,1.051419364646059229e+00
1.345324039460000121e+00,6.914046553756686420e-01
7.227010130879999439e-01,1.028894970005497456e+00
6.804850101469999135e-01,1.031312551015142631e+00
7.610610127449999318e-01,-7.211378818660345302e-02
8.075709938999999782e-01,1.085847787904037132e+00
5.886639952659999953e-01,9.645356729395950790e-01
9.960750937460000065e-01,6.516105031266096193e-01
1.045413970949999882e+00,9.422457174983629447e-01
4.713059961800000197e-01,1.346924774865358776e+00
1.047140955920000005e+00,2.126754647733587189e-01
1.126214265820000060e+00,7.308311246833991692e-01
2.560461759570000329e+00,1.673384203866108866e+00
7.747610211370000721e-01,1.713344692917339263e+00
7.172060012819999608e-01,7.014094065237989062e-01
8.005080223080000001e-01,-1.383553902985700690e+00
5.680390000339999856e-01,1.524858823833204147e+00
1.195780038829999947e+00,7.284173761747898546e-01
7.970449924470000003e-01,1.097602309141081367e+00
4.899359941480000979e-01,1.188937316551031742e+00
9.918130040170001216e-01,-7.497773598303254794e-02
7.445690035819999553e-01,1.104319965328763420e+00
6.096370220180000743e-01,1.232715514655949640e+00
8.565919995309999591e-01,2.758273677681517544e-01
8.144299983980000102e-01,9.994430984832910481e-01
7.605929970739999657e-01,1.087865281232786918e+00
9.157519936560000184e-01,6.415858765128369390e-01
7.421634793279999753e-01,9.145978071840954460e-01
7.329360246660000522e-01,8.430397879476302370e-01
8.745691180230000805e-01,5.826894347603908120e-01
9.644910097120000803e-01,1.000624812580540812e+00
1.477671980859999845e+00,1.039384690875682749e+00
6.752679944040000937e-01,1.257220755768930331e+00
5.030400156970000758e-01,5.892669185971812773e-01
7.066659927370000371e-01,-3.068669688504239712e-01
2.968195915220000369e+00,1.142456234796697556e+00
1.255300998690000114e+00,2.763904617008626996e+00
4.084815025330000182e+00,1.573888620867181398e+00
1.692322969440000158e+00,3.106271327176269859e-01
4.121052026750000041e-01,2.401821394660433651e+00
1.035750985149999970e+00,-3.057755225968145307e+00
6.408920288089999806e-01,1.112716105075759021e+00
7.065470218660000468e-01,1.593846004445481856e+00
1.060830354689999977e+00,2.633929899306036715e-01
1.880954027180000043e+00,1.340018854434447793e+00
1.886373996729999725e+00,1.772570418168955442e+00
1.328773975370000082e+00,1.418300709571169937e+00
3.931840062139999592e-01,5.154333876073212417e-02
6.382430195809999374e-01,-5.129194931021779924e-01
1.045531988140000035e+00,3.343199751788963892e-01
6.588029861449999913e-01,1.787136963150419477e+00
8.046740293499999863e-01,8.097404608010991822e-01
8.740410208700001293e-01,4.143288809703787878e-01
8.532550334930000258e-01,1.171953821502220716e+00
8.952109813689997919e-01,8.157729906260381414e-01
7.301589846610000434e-01,8.040548089644574681e-01
4.149410128589999802e-01,7.222787964296008001e-01
2.700940072540000125e-01,3.654430356627645371e-01
4.911319911480000466e-01,4.571367887434945043e-01
5.079169869420000483e-01,1.038900374334877030e+00
1.224020004270000017e+00,1.169217482708585720e+00
1.267657995220000222e+00,1.400226861987212024e+00
2.633487939829999736e+00,1.556119042894976934e+00
3.999615430829999596e+00,1.549978937471856444e+00
6.651418209080000032e+00,2.750730679576762761e+00
2.102678060530000170e+00,2.350147019558473716e+00
1.283689975739999989e+00,4.140302484420989027e-01
1.291347503659999951e+00,-2.877752379568395913e+00
1.353754043579999733e+00,2.067991729764946385e+00
2.390191078189999985e+00,1.155534801286455915e+00
1.461441040039999972e+00,1.591581541443766623e+00
1.599208951000000045e+00,1.009811391091171018e+00
1.471150994300000070e+00,-3.114654954774957463e-01
1.298205018039999992e+00,1.167893750484793713e+00
1.579622030259999921e+00,4.724779395961687944e-01
1.360355019570000268e+00,8.871096096087017768e-01
8.036410212519999874e-01,9.353511412920370027e-01
4.276689887049999750e-01,1.634707361513477314e-02
2.694070041180000041e-01,2.133584745141177755e-02
3.897170126439999938e-01,5.253190690776732286e-01
4.179170131680000067e-01,9.564387889126978459e-01
1.546036005019999937e+00,1.087907620848000523e+00
1.017611026760000037e+00,1.792641115851784761e+00
8.653150200839999640e-01,1.490849845451374112e+00
6.194109916690000439e-01,-2.454175100140069121e-01
8.454149961469999974e-01,6.454965208525321740e-01
8.048596382139999728e-01,8.309006502700342356e-01
1.435889005660000217e+00,1.108043621059412454e+00
2.565752029420000024e+00,1.209711004409061319e+00
6.206179142000000759e+00,2.223252115456721967e+00
9.309499859810000943e-01,3.184437417502480994e+00
9.077759981159998492e-01,3.311322977636669829e-01
4.609797894950000141e-01,-3.737318231089168385e+00
5.264570117000000327e-01,2.644749102945692432e+00
7.942249774930000283e-01,4.537117449424403759e-01
9.704009890560000295e-01,1.315206510613355473e+00
6.695889830590000535e-01,1.232061264619134233e+00
6.997730135920000594e-01,6.368701416058423215e-01
6.903669834139999351e-01,4.844462827400326521e-01
6.361600160600000553e-01,9.637007520187399479e-01
9.726700186730000697e-01,7.652219893488205749e-01
6.393389701839999884e-01,1.070063493275838606e+00
5.123779773709999930e-01,8.922943470843707203e-01
5.699130296709999932e-01,2.594555723475104325e-01
8.318089842800000522e-01,8.881959613507414142e-01
4.694110155110000071e-01,1.180021008599326127e+00
9.054309725759998040e-01,7.614623263665325492e-01
8.482750058169999940e-01,7.563941186480727108e-01
6.566630005839999562e-01,1.354095603133625536e+00
6.324055790899999474e-01,4.384151193973063743e-01
3.268550038340000130e-01,6.347490603949924592e-01
3.047409951689999952e-01,6.118213027342984667e-01
2.159480005499999911e-01,5.363084629185869145e-01
2.148479968310000043e-01,8.873969212702866871e-01
1.512310057880000003e-01,8.073732310417913727e-01
4.153338372709999837e-01,8.722222236434573617e-01
7.344200015070000420e-01,1.079898611026548938e+00
9.913370013240001555e-01,1.468138829023112102e+00
7.910000085830000138e-01,1.298640278517725788e+00
7.429170012469999973e-01,7.885068363498427546e-01
7.426548600200000294e-01,4.818187091280477508e-01
8.799139857289999256e-01,8.484463720589129343e-01
7.376829981800000491e-01,9.599712422605016782e-01
1.240342974660000097e+00,8.353706116430441586e-01
8.343409895899999151e-01,1.045356001445706395e+00
3.054729998110000122e-01,1.013032531890270649e+00
8.929460048680000206e-01,-2.363568108515388955e-01
1.285866022110000007e+00,9.742726552561903341e-01
4.146400094030000538e-01,1.950728521716798447e+00
1.090137004850000091e+00,2.344663387960251588e-01
5.923830270769999684e-01,3.994642534323659677e-01
3.773260116580000045e-01,1.399917967667733132e+00
2.693597316740000469e+00,-1.029143731268618300e-01
2.288666009900000020e+00,2.590511534259756665e+00
8.955270051960000366e-01,2.780121957203965266e+00
8.070570230480000884e-01,-1.439504924848791001e+00
1.194862961769999954e+00,-3.663497333978167347e-01
8.929409980770000033e-01,1.579949506895615530e+00
9.776080250740001309e-01,9.649396937512413341e-01
1.832507014270000179e+00,4.376086651518551474e-01
1.403792977329999747e+00,1.667509875284800547e+00
7.223749756810000644e-01,1.228476501643241292e+00
6.599410176280000595e-01,-4.880578520994363623e-01
7.407349944109999917e-01,2.578188119038204440e-01
5.553659796709999874e-01,1.089203076497661460e+00
1.236768960949999885e+00,7.744406182767132885e-01
6.214020252229999208e-01,1.193229147005059554e+00
7.108730077739999764e-01,1.039821960297752534e+00
3.064779937269999643e-01,4.276235117065081692e-02
6.473349928859999380e-01,7.923517231196723909e-01
5.458269715310000159e-01,7.144588105932739852e-01
1.024247765539999966e+00,1.264931145456797967e+00
8.176820278170000567e-01,1.029387648365305719e+00
7.440620064740001149e-01,1.164480439628864827e+00
7.367150187490000279e-01,3.733503729872233445e-01
5.768560171130000525e-01,8.180588065540078668e-01
9.152600169180000744e-01,7.078407962052960523e-01
1.137029051779999911e+00,9.678078828477215678e-01
4.960080087179999930e-01,1.404911022329754289e+00
4.941360056399999312e-01,3.522107699282567839e-01
8.834533095360000976e-01,1.073882218575204633e-01
1.271524906160000024e+00,1.421243096525157013e+00
8.864369988439999570e-01,1.543760749949041555e+00
8.988280296330000141e-01,7.194262349328270911e-01
9.049779772759998231e-01,2.959149190584125511e-01
8.299319744109999730e-01,9.701476467147629457e-01
8.756300210950000995e-01,7.491191627603397407e-01
5.502920150760000073e-01,7.763065181710488982e-01
1.073919415470000027e+00,6.082728465103727222e-01
8.491920232770000521e-01,9.328386845767224766e-01
6.393229961399998773e-01,1.271636679586510610e+00
7.995309829709998928e-01,2.197524106771622243e-01
9.646000266079999275e-01,8.368058928879447134e-01
8.413559794430000016e-01,1.203519163535103909e+00
7.011449933050000194e-01,8.151093122818047210e-01
7.240070104600000445e-01,5.108364597469406965e-01
1.010308027270000020e+00,7.485893059968272700e-01
6.538060307499999890e-01,1.143921658999714319e+00
7.932850122450000319e-01,7.879194702401740580e-01
6.538396477699999210e-01,4.830016441716410980e-01
1.160789966579999888e+00,9.774353768987528168e-01
8.085789680480000019e-01,1.063882800764443415e+00
3.743770122530000188e-01,1.069479844240357247e+00
2.556999921800000020e-01,-9.927356601139326886e-02
4.893150031570000502e-01,4.281146758649485573e-01
1.151844024660000132e+00,1.123630036888153994e+00
7.372779846189999597e-01,1.720356446537103734e+00
1.088750958439999916e+00,1.055547443943923414e+00
1.975852966309999958e+00,4.601893976020006161e-01
8.547700047490001118e-01,1.985260322608556116e+00
7.977370023729999371e-01,5.985575166671841529e-01
1.052428960799999924e+00,-6.242305380320121166e-01
3.179450988770000208e+00,1.396256985268891304e+00
1.797067999840000541e+00,2.567487149735617979e+00
1.056702017779999947e+00,1.662180047548990069e+00
8.751260042189999977e-01,-1.680052053957409086e+00
6.645399928090000019e-01,5.126079403382162170e-01
7.571684122089999969e-01,7.283842990904588754e-01
1.368484020229999931e+00,7.603632750773153814e-01
9.052469730380000579e-01,1.498931384581291271e+00
1.032060980800000083e+00,9.841448707973420307e-01
6.141330003739999821e-01,2.338845991048216222e-01
9.733130335809999645e-01,7.459197462008551049e-01
6.452289819719999597e-01,6.660003219425375542e-01
4.894390106200000035e-01,1.052031269437361249e+00
8.408679962160000576e-01,2.310304866486452280e-01
7.771940231319999226e-01,1.111159657368099296e+00
6.755350232119999854e-01,1.192149688819329922e+00
6.592059731480000018e-01,5.450237124099504005e-01
1.084153056139999904e+00,7.358307211171681850e-01
9.314100146290000826e-01,1.212280683689878069e+00
1.359479665760000122e+00,1.114413804210545589e+00
7.633988261220000515e-01,8.468159474509064921e-01
5.357339978220000409e-01,7.712028020512936566e-01
6.781889796259998882e-01,-1.268103483957140065e-01
7.839810252189999273e-01,9.511966986449783557e-01
1.169367671010000054e+00,1.158664740735691145e+00
1.015287995340000027e+00,1.202983111043819608e+00
9.259430170060000131e-01,1.018151241256618933e+00
1.319244027140000108e+00,4.333275474922680948e-01
9.717460274700000511e-01,1.093532179725379416e+00
1.176299691200000108e+00,9.235775956319637325e-01
1.714609026910000056e+00,4.840699477685229679e-01
1.307337045669999975e+00,1.539584489931604239e+00
6.186890006069999393e-01,8.917769402827959713e-01
2.298435926440000276e+00,-3.678033234188237688e-01
1.808241009709999680e+00,1.595215301430557453e+00
8.794149756429999742e-01,2.271809627871127724e+00
1.570945024490000064e+00,-9.946088620837600924e-01
1.578516006470000121e+00,6.746072036074641787e-01
6.200309991839999535e-01,1.802641403668909570e+00
9.928810000419999726e-01,-2.541929720728168807e-01
4.551869928839999968e-01,2.017533218294088049e-01
1.017398953439999865e+00,1.083194627140676936e+00
8.378469943999999892e-01,6.424750635809098886e-01
4.884769916529999589e-01,1.435697101210136939e+00
1.246340990070000210e+00,1.308304845743914480e-01
1.209630966189999990e+00,1.188137323321390104e+00
1.252451062200000020e+00,1.663379745221788220e+00
1.519726991650000025e+00,5.133517213179011884e-01
1.063797950739999942e+00,1.049995079266971665e+00
1.571495056150000069e+00,6.524139783757753053e-01
1.278105020519999968e+00,6.592829882911382944e-01
1.192077994349999948e+00,1.204225536666033491e+00
8.304439187050000060e-01,2.505288932971339033e-01
1.402015686039999931e+00,5.180365963541800900e-01
1.156504034999999986e+00,9.489278172363017072e-01
1.162554860120000200e+00,1.283391199189128251e+00
6.007519960399999581e-01,3.490478154547926870e-01
1.253835797310000055e+00,4.169044259186170942e-01
1.791844010349999960e+00,8.070120582469549886e-01
1.734062552449999961e+00,2.068894009852080274e+00
4.939970970150000085e+00,9.935911497243913315e-01
2.394351005549999911e+00,2.330279030988029021e+00
2.212575912479999740e+00,2.079270946008711984e+00
1.886527061460000265e+00,-2.041651315834096536e+00
9.343829751010001017e-01,1.518414833375943740e+00
9.099829792979999832e-01,-1.606298779626958440e-01
8.112999796870000724e-01,1.988532445235812601e-02
1.049708962440000004e+00,1.060447331986919650e+00
1.351788043980000076e+00,9.249431673275219090e-01
1.277305960659999906e+00,1.320212182036005988e+00
7.854449748989998925e-01,9.313500036974508012e-01
4.846229851250000165e-01,1.970249714128532725e-01
6.676359772680000582e-01,9.456929406554061279e-02
8.322510123249999836e-01,8.766219028352500997e-01
5.959370136259999340e-01,1.280267375769308602e+00
3.410890102390000123e-01,7.235189346923674991e-01
6.860110163689999707e-01,3.095576107852462955e-01
8.153510093690000682e-01,9.885906396863769485e-01
3.985430002210000322e-01,1.409022227480185574e+00
6.998159885410000225e-01,4.718787956506100278e-01
4.263690114019999533e-01,6.412581205017210406e-01
6.866139769550000382e-01,1.066388027302853647e+00
1.826770007609999913e-01,6.937583238145084152e-01
7.018824815749999946e-01,7.630088777521892851e-01
1.796682000159999681e+00,7.207967510421319224e-01
7.204269766809999753e-01,2.452086573858071716e+00
4.680640101429999755e-01,8.000302348905687921e-01
6.408870220180000743e-01,-8.384403575604039149e-01
7.520520091060001189e-01,1.141452321290373551e+00
1.001817584040000098e+00,1.210691047117975483e+00
1.660804033279999814e+00,1.092833547761014490e+00
1.450595021250000061e+00,1.539447869133744318e+00
1.085010051729999869e+00,1.154475344674630088e+00
1.099555015560000015e+00,4.834004128293496738e-02
7.694180011750000325e-01,5.347282757666967923e-01
1.254430413249999932e+00,6.704961531338037295e-01
1.496320962910000052e+00,8.809161898980132355e-01
7.186369895940000196e-01,1.584112057621880565e+00
8.902019858359999649e-01,1.969345127422604258e-01
9.891759753229998342e-01,1.121216784478378803e-01
2.849014520649999938e+00,1.359179753407647295e+00
4.281075000759999583e+00,2.184851875890826634e+00
1.248739004139999942e+00,3.187352410260290814e+00
7.096589803699999699e-01,-6.059218662748867557e-01
7.497439980509998936e-01,-2.403572971992844032e+00
8.907449841500001408e-01,1.563297211140443732e+00
1.469527959819999952e+00,1.183840812197272996e+00
1.608888030049999918e+00,1.410154207544061622e+00
1.043460965159999976e+00,1.401241069609331369e+00
1.184751033780000018e+00,2.440253715026856896e-01
5.063725113870000127e-01,3.203072873838700430e-01
6.946156024930000283e-01,5.691972690117960143e-01
9.299110174179999744e-01,2.649958057544985479e-01
7.754629850390000190e-01,1.478494090310202846e+00
8.564696311949999696e-01,8.569660566427300674e-01
9.269009828569999554e-01,6.474000724506242532e-01
7.506660223010001021e-01,1.013970762366303013e+00
9.248849749570000611e-01,7.030581561861366513e-01
1.070162653919999984e+00,7.645863337452369901e-01
8.752880096439998869e-01,1.172790466150715583e+00
7.511039972310000756e-01,7.196490613387775959e-01
8.627579808239999037e-01,4.571218415941264990e-01
5.096570253369999692e-01,8.619653627542860352e-01
8.495249748229999343e-01,6.712716842335142431e-01
6.711369752879999817e-01,7.332951430380989510e-01
6.132180094720000030e-01,1.150585216610921391e+00
3.810549974440000098e-01,4.767896994666961374e-01
8.710420131680000067e-01,6.388942656024860778e-01
6.540319919589999698e-01,1.066304873245179197e+00
9.089673757550000843e-01,1.235416810137872412e+00
9.709029793739999414e-01,6.528906773631522054e-01
9.856920242309999969e-01,1.206141829429928647e+00
1.356256246570000101e+00,7.888163322570255209e-01
1.309872984889999925e+00,1.094618671235245255e+00
6.344919800760000506e-01,1.103293589930912866e+00
5.933508276940000492e-01,4.217023502824562148e-02
8.796380162239999523e-01,1.352567789436498746e-01
1.131836414339999930e+00,1.291010368608990433e+00
1.841274023059999987e+00,1.337291870049411857e+00
2.261745929719999992e+00,1.491831308677756374e+00
2.597975969309999744e+00,1.641484651481574852e+00
2.399192094800000064e+00,1.102572893908787988e+00
1.982298016549999931e+00,7.923799833280730232e-01
2.269547939300000206e+00,2.372886463196127171e-01
2.017889976500000238e+00,7.276547393411019193e-01
1.452262043950000026e+00,1.024921470725594030e+00
1.342797994609999934e+00,4.538751760970646809e-02
1.311915040020000145e+00,2.919337121683605041e-01
1.276762008670000226e+00,8.724025762175744436e-01
1.275267004970000118e+00,7.669151636129709626e-01
1.210446000100000141e+00,7.612252093597120517e-01
8.153480291369999966e-01,7.446672589312951507e-01
7.271119952200000291e-01,4.000960422150482976e-01
6.043019890790000126e-01,3.694808997860407063e-01
9.830358624459998307e-01,7.741066580840597622e-01
1.101529002189999940e+00,1.065373376292219065e+00
1.183724999429999869e+00,1.340285549560337186e+00
4.356400072569999726e-01,8.444456434301302883e-01
3.270040154459999959e-01,1.934653710377951807e-01
8.039849996569999879e-01,-4.126602273893617556e-02
4.216859936710000145e-01,1.447790710824165883e+00
5.734559893609999515e-01,1.041949999345897382e+00
3.959457874300000291e-01,4.237787196476051066e-01
4.163750112060000119e-01,9.912088209462555088e-01
5.603970289230000290e-01,6.429078407698094466e-01
7.749050259590000156e-01,1.081064829700380203e+00
6.370840072629999629e-01,1.184943631542978437e+00
3.839260041709999793e-01,8.834154797323449104e-01
5.648739933969999516e-01,3.939225357214782286e-01
1.054715037350000051e+00,8.068107278769364177e-01
6.537709832190000681e-01,1.550561536824118569e+00
5.931029915809999942e-01,9.080810496357821782e-01
1.022608995439999946e+00,1.935786132415463490e-01
8.359869718549999273e-01,1.287936730590047318e+00
6.375340223309999832e-01,1.114262968322033975e+00
9.755985140800000899e-01,3.022300385930557498e-01
4.898079931740000337e-01,9.839304121976382156e-01
1.098647952079999879e+00,8.118194901254583984e-01
1.151165962220000116e+00,7.414439732518856019e-01
8.061249852179999120e-01,1.647024143902628524e+00
4.744769930840000427e-01,3.396123869260432859e-01
7.896029949189999897e-01,1.632411998148499688e-01
4.762530028820000094e-01,9.045366893269851660e-01
5.455229878430000179e-01,1.005087053655968843e+00
6.212809681889999158e-01,4.742694271886859214e-01
7.707700133319999036e-01,1.103448291746176535e+00
9.337069988249999675e-01,1.027343179275285845e+00
8.110550045970000843e-01,1.093041002048076749e+00
6.005529761310000048e-01,8.203833269771827474e-01
1.002521038060000036e+00,4.533644766267012072e-01
8.921650052070000392e-01,1.005767550369499830e+00
9.160850048069999474e-01,1.204785294102403981e+00
7.413420081139999729e-01,5.748930793730862021e-01
9.283249974250000758e-01,7.263193091911472887e-01
6.429409980770000033e-01,7.945042137624013234e-01
9.950090050700001187e-01,8.226973448906478303e-01
6.271365880970000140e-01,7.703699309344904655e-01
1.038689017300000073e+00,9.597587446631945518e-01
6.888009905820000611e-01,6.780351201281035189e-01
5.214130282399999095e-01,1.064472956258760705e+00
6.510270237919999481e-01,1.775725605172167598e-01
1.159701943399999990e+00,9.132051055941815543e-01
6.456400156020000169e-01,1.461828451748083957e+00
1.195862650870000099e+00,8.375155677677695865e-01
1.304703950880000018e+00,5.852809954807683956e-01
8.844429850579998975e-01,1.624976177283764533e+00
7.697709798810000725e-01,3.470898419132206758e-01
7.702100276950000213e-01,2.567221983523716999e-01
6.418280005459999771e-01,8.593867516292920117e-01
8.937159776689999058e-01,7.551720240386320393e-01
5.247250199319999364e-01,9.169310232459392251e-01
5.142210125920000374e-01,8.046382205562472301e-01
7.172748446459999982e-01,3.635136611656192285e-01
6.410769820210000525e-01,1.151497489254424522e+00
4.689820110800000386e-01,9.859130528931588922e-01
1.203750014310000171e+00,5.351230140847642591e-01
7.911959886550000709e-01,1.322128970740899190e+00
1.136301159859999910e+00,1.270862555821940409e+00
8.642929792399999256e-01,4.264695009884293397e-01
8.814030289650001126e-01,1.069197711529749961e+00
5.817409753800000249e-01,4.281520729337093822e-01
8.651199936869999885e-01,6.728570232534749618e-01
9.078124761579998703e-01,7.664809796524807428e-01
7.377740144730000615e-01,1.256270114757604306e+00
1.120375037189999867e+00,6.093487569245773505e-01
9.422479867940000142e-01,9.539228387528387865e-01
1.060060024260000011e+00,1.099404254322408070e+00
7.158420085910000008e-01,5.864701047278951807e-01
4.040209949019999969e-01,6.932402706417463145e-01
2.920779883859999648e-01,1.593585887090120390e-01
6.317924261089999938e-01,5.565977653594311736e-01
1.124665260310000026e+00,1.174110896310671892e+00
1.115690946580000009e+00,1.665867647278223229e+00
1.247418999670000028e+00,1.175964401664481906e+00
6.976169943809999996e-01,7.129969325182239359e-01
3.693974971769999893e+00,4.628793546179292284e-01
8.204839825630000361e-01,2.295286681390163785e+00
8.573070168499999921e-01,1.682967592988709793e+00
6.902359724040000311e-01,-2.615433384731159716e+00
8.385969996449998964e-01,1.855560577990016613e+00
1.287726998329999928e+00,7.707622810305979622e-01
9.632229804990000144e-01,1.399853213235011662e+00
1.343299984930000024e+00,9.170645912003234645e-01
7.316169738770000874e-01,6.266112605226689114e-01
6.809219717980000697e-01,7.733457482340523326e-01
7.014784216880000089e-01,2.972248301699596806e-02
6.698030233380000142e-01,1.021518112003796386e+00
1.365643024439999964e+00,8.440456278373943411e-01
9.781420230869999344e-01,1.367260800025588807e+00
6.786789894100000442e-01,1.181139687129555416e+00
5.976330041890000055e-01,-8.360588275688671245e-02
8.193774819369999962e-01,5.958277959505460242e-01
7.911109924320000042e-01,1.055333954581143985e+00
1.044147372249999872e+00,1.058288788180053341e+00
1.400015950200000026e+00,9.244610768208899598e-01
8.748620152470000244e-01,1.353021582755762786e+00
6.228179931639999944e-01,6.092254379504056239e-01
7.164059877399998610e-01,-5.288474634170371030e-02
6.523500084880000660e-01,8.499607102999331421e-01
9.379299879070001067e-01,9.642980167925686574e-01
5.936999917030000296e-01,9.784011895363325939e-01
5.393440127369999448e-01,8.352753190688328999e-01
9.370089769359999377e-01,3.332526234415477129e-01
8.087720274930000341e-01,1.256087933750379859e+00
5.654280185700000239e-01,1.138260823264178212e+00
6.020820140839999723e-01,3.359888784788768179e-01
1.146679997439999932e+00,6.678399017181877451e-01
9.824249744419998320e-01,1.426914019731488015e+00
5.671510100359999917e-01,1.206416269296990862e+00
7.866399884220000027e-01,8.941799104008142651e-02
7.388439774510000557e-01,6.621171497349452872e-01
6.810299754140000106e-01,1.163564255891827548e+00
7.086979746820000203e-01,6.495143274924064514e-01
6.642330288889999323e-01,8.134869820422164777e-01
5.124790072439999733e-01,8.422786845195158190e-01
6.040380001070000393e-01,6.463465211720317294e-01
6.728799939159999521e-01,7.875872502640683948e-01
8.265414834020000656e-01,1.055661955232642057e+00
4.546860158439999799e-01,1.007664480555312325e+00
5.594509840010000179e-01,6.331407022401349671e-01
1.332218050960000122e-01,5.029149558616597959e-01
1.633069962260000063e-01,7.114118732500692710e-01
1.797860413789999778e-01,4.301591162871386542e-01
5.747918486599999932e-01,1.107132796794118246e+00
8.508148789409999413e-01,1.270623903172691360e+00
8.527640104289999634e-01,1.518507743453999081e+00
1.687628030779999788e+00,9.730901782657058741e-01
2.149522066120000297e+00,1.382738582199197763e+00
8.122850060459999577e-01,1.914080160343932580e+00
1.239639997479999867e+00,-1.568069862438783435e-01
2.128437280650000041e+00,-2.515791361743560661e-01
2.139239072800000141e+00,2.387530259448641168e+00
9.779880046840000452e-01,1.435832973090732212e+00
6.937779784199998856e-01,-4.274945231366138465e-01
7.218790054320000094e-01,-5.034142951061141291e-01
7.631160020829999002e-01,1.003477452134363013e+00
8.565329909319999713e-01,9.963645521976155495e-01
1.109338045120000116e+00,9.371621693395938424e-01
6.476340293879999654e-01,1.106834563890024326e+00
9.241870045660001143e-01,6.293727930273392834e-01
7.877320051189998784e-01,5.047389063791208885e-01
1.305567026139999864e+00,1.149850984954107869e+00
9.107710123060001051e-01,1.006408695539311449e+00
8.699640035629999657e-01,1.030807864153690412e+00
5.743020176890000217e-01,1.942236397121104019e-01
8.599532246590000373e-01,6.634312443909511359e-01
4.775849878790000558e-01,7.942780831701182764e-01
1.108017444610000179e+00,8.920728891708848973e-01
1.290724992749999966e+00,8.862943766153026370e-01
8.591579794879999898e-01,1.735569477703387875e+00
3.058980107309999807e-01,3.840888508755520014e-01
9.039019942279998832e-01,-1.668859315995197823e-01
6.352750062940000220e-01,9.675790625163187553e-01
1.023422956470000145e+00,1.420093188235737491e+00
6.730669736859999919e-01,6.747189108497718690e-01
8.504790067669999454e-01,1.004590606423085397e+00
5.141969919200000128e-01,4.834862346574079761e-01
1.527956604959999964e+00,8.382936890244951922e-01
4.094385623930000051e+00,1.268534712747620752e+00
9.952359795569999390e-01,3.513789925601646491e+00
8.670449852940000923e-01,5.513768784889173658e-01
1.141056060789999993e+00,-2.658562986037306342e+00
1.622257947919999888e+00,2.165087804690802198e+00
1.980204939840000344e+00,1.491786695195067125e+00
1.375547051430000112e+00,1.394202060920634700e+00
1.851865053179999610e+00,4.616109674243468186e-01
1.420923948290000016e+00,4.606174147240870154e-01
1.589177966120000285e+00,1.117527738802953863e+00
1.673199415210000041e+00,3.373614332929645299e-01
2.123934030530000072e+00,1.160124812844723907e+00
1.648401975629999905e+00,1.114103176279654939e+00
1.204741954800000014e+00,7.987788784665483810e-01
7.920839786529999538e-01,-1.535014702868859049e-01
1.227027416229999890e+00,2.166048643541410856e-01
1.226951003070000157e+00,9.301356633904573901e-01
1.131343960759999989e+00,1.376454578870471623e+00
1.252465009690000075e+00,5.513489767109061024e-01
1.116891980170000132e+00,7.963327429641661181e-01
1.122387051579999850e+00,8.306225029144815863e-01
1.040153026579999862e+00,6.204340434161192963e-01
8.091310262680000420e-01,7.817917527058775296e-01
7.681059837340000751e-01,5.223533220780690600e-01
7.982919812199998910e-01,5.785578099587556089e-01
7.666722536090000428e-01,8.904625021169897403e-01
1.057360053060000027e+00,8.402293067102836188e-01
8.607699871060000563e-01,1.023131707532614065e+00
1.070777058600000053e+00,9.440570026556091010e-01
5.301510095600000527e-01,6.834178163402832018e-01
6.604189872739999467e-01,6.231762967119203189e-01
9.909179806709998983e-01,3.256613382266823620e-01
3.561530113220000016e-01,1.450007204981346831e+00
9.618239998819998471e-01,5.531767648667338388e-01
1.244829058649999931e+00,6.069763592947321484e-01
8.381230235100001202e-01,1.907409707815197031e+00
9.245989918709999200e-01,5.190494428339296196e-01
8.131660223010001021e-01,3.769587065743708609e-01
1.003061056139999963e+00,9.528732156254490215e-01
8.752340078350000496e-01,8.317077125709816388e-01
7.991399765009998823e-01,9.306286141455879513e-01
8.812961578369999938e-01,5.496721303927331048e-01
1.063080191609999892e+00,8.574149701636994969e-01
9.057049751279999672e-01,1.075834828696890400e+00
6.909559965129999926e-01,8.222435906900885660e-01
1.355970025060000195e+00,4.024476678448397071e-01
7.572399973869999856e-01,1.212893122318551731e+00
2.043754577640000125e+00,1.037426672265538308e+00
8.576130270960000690e-01,9.864758405332781921e-01
2.364957094190000220e+00,1.298489515216779022e+00
4.179231166840000178e+00,3.630390794863188053e-01
2.233561992649999883e+00,3.657220996734994234e+00
8.013390302660000630e-01,5.972984609659672817e-01
8.372840285299999463e-01,-2.282403309724176044e+00
8.851529955859999133e-01,3.499718961649341264e-01
9.040349721909999303e-01,1.437991128245792005e+00
1.302939534190000082e+00,8.646139032430280036e-01
7.228699922560000157e-01,1.137245575137592501e+00
8.009120225910000279e-01,6.948817268532212488e-01
1.032919287679999965e+00,1.637894786271164860e-01
1.321628212929999879e+00,1.307979082400722026e+00
9.367759823799999275e-01,1.242040686742346356e+00
7.007700204850000336e-01,6.698032052797028291e-01
7.624319791789999634e-01,1.203625403852915249e-01
1.144938945770000105e+00,7.804015142166482732e-01
7.721610069269999599e-01,1.292273720202201881e+00
8.772150278090000697e-01,8.500048867124971874e-01
1.243505001070000171e+00,3.940424800817554085e-01
6.381840109830000385e-01,1.357570258453945078e+00
7.468199729919999807e-01,6.112574496149308922e-01
6.839929819109999976e-01,1.804152761834689478e-01
1.419505119320000119e+00,1.107439135235336547e+00
6.141470074649999500e-01,1.331304005525898004e+00
7.347676754000000976e-01,8.752510468085777928e-01
6.770560145379999062e-01,-1.349282352067289470e-01
1.074026942249999950e+00,1.200584844966188669e+00
6.156389713290000287e-01,1.063711833606696411e+00
9.692379832270000550e-01,8.401713470795441063e-01
9.916120171550001361e-01,5.235754744721012877e-01
8.089560270310000023e-01,1.357945541091410302e+00
2.435143947599999859e+00,5.460225547115358236e-01
8.223479986189999869e-01,1.851878660483113004e+00
5.938220024110000272e-01,1.133977150881777973e+00
5.762249827380000466e-01,-1.456203615918640448e+00
4.224239885809999429e-01,1.203951713629300313e+00
6.765879988670000511e-01,7.734057848048595529e-01
5.520349740979999531e-01,9.290919055845011654e-01
9.015229940410000031e-01,1.055774065630824321e+00
7.489960193629999763e-01,9.264077697830724878e-01
8.627583980560000754e-01,1.094916944496536759e+00
9.480749964710000199e-01,6.393673678646170089e-01
1.055613875389999956e+00,1.059193089458860371e+00
1.970020055770000056e+00,9.420795717295676885e-01
9.391199946399999554e-01,1.577468443077953530e+00
1.009042978289999892e+00,7.893023820119579037e-01
7.824029922490001177e-01,-4.441062116926563497e-01
1.016265034679999957e+00,1.072173484987120284e+00
8.782749772069999850e-01,7.597104177251149393e-01
7.353619933130000064e-01,1.008453209773629178e+00
1.109990954399999952e+00,4.664532141703767176e-01
7.727199792860000027e-01,1.041179828529216866e+00
1.164981961250000086e+00,9.482603840691764541e-01
7.157210111620000426e-01,6.687614907736018077e-01
1.475479006770000101e+00,9.376310133786375234e-01
8.354520201680000202e-01,8.475124940636062920e-01
7.344660162930000125e-01,1.179376247353810747e+00
7.861927747729999805e-01,-1.781203971519830231e-01
1.143465042110000107e+00,1.002411199855727242e+00
9.246990084649998609e-01,1.208982643750685426e+00
2.958764553069999970e+00,9.569721056754271205e-01
2.138324022289999959e+00,1.921691895062315858e+00
2.038712024690000124e+00,2.155592601666227903e+00
1.480209946629999829e+00,-6.836852728873276108e-01
9.367650747299999248e-01,6.236403219593689151e-01
1.715939760209999942e+00,-1.108674837479128594e-01
1.001402020450000041e+00,1.107547812804831722e+00
8.896229863169999863e-01,1.161197913185766151e+00
7.492939829829999843e-01,-2.612688331591460633e-01
1.115183949470000213e+00,8.470900558759701937e-01
9.457820057870000019e-01,1.025415477044553825e+00
6.452180147170000213e-01,1.078931608036893364e+00
1.164842009540000056e+00,2.485628865747257221e-01
1.244351029399999975e+00,1.020550848619092621e+00
9.045109748840001185e-01,1.495663955046853566e+00
5.575259923929999362e-01,3.982082691800198360e-01
5.778343677520000332e-01,1.445747317845180180e-01
7.199835777280000348e-01,6.254112008691852242e-01
7.607790231700000128e-01,1.115352318412994537e+00
5.404400229450000426e-01,1.009119594819857246e+00
8.009672760959999360e-01,6.268532668542452502e-01
7.710149884220000027e-01,8.263272423606402572e-01
6.709719896319999988e-01,1.150738306466714489e+00
2.768970489500000021e+00,6.142220948459754526e-01
3.086133003230000060e+00,2.301289153174481683e+00
1.116358041760000086e+00,2.943793481993365546e+00
1.018260955809999979e+00,-1.068342731113430810e+00
7.442610263819999794e-01,-1.035089490120398414e+00
1.114386796949999869e+00,1.250933189699608539e+00
1.380516409870000238e+00,8.886806046778298329e-01
1.229098439219999950e+00,1.483503221143423367e+00
1.573238968849999919e+00,7.844272093892415976e-01
1.245597958560000107e+00,8.111810208149383694e-01
8.298619985580000247e-01,9.019870739680320160e-01
5.376980304720000436e-01,6.714928870285617225e-03
8.593800067899999284e-01,2.716644640426890689e-01
7.949647903440000274e-01,9.698752389234681637e-01
8.122889995569999577e-01,1.205294783114877921e+00
1.209460973739999945e+00,6.545506833540649660e-01
1.043611049649999956e+00,1.187991188118308727e+00
9.914460182189999138e-01,1.048070000925615863e+00
1.377645969390000058e+00,4.467980369407793528e-01
7.495359778399999229e-01,1.122148790438469712e+00
7.549669742579999676e-01,6.639609351371886792e-01
8.522210121150000095e-01,5.956612198408993419e-02
1.312628030780000010e+00,1.143812549655864430e+00
9.499999880789999906e-01,1.290713702609001423e+00
8.433979749680000637e-01,9.132150269801578846e-01
6.329939961430000039e-01,1.895585066696990062e-01
6.848490238189999246e-01,6.602925883828810738e-01
8.296039700509999504e-01,7.011121059573081071e-01
1.117776036259999994e+00,1.087309065381971029e+00
1.060515046120000138e+00,1.190216909134382162e+00
9.966710209850000446e-01,9.877809219225865967e-01
6.726049780850000825e-01,5.832035378184479146e-01
8.499810099600000335e-01,4.856400004098734291e-01
7.929700016980000266e-01,6.728670658933117998e-01
7.509549856190000927e-01,1.070279215040480958e+00
9.556260704989999466e-01,6.628719093485556657e-01
6.085839867589999397e-01,9.746636279442028039e-01
7.782499790189999489e-01,7.377334236299146752e-01
5.098140239720000411e-01,5.515197075155293671e-01
6.364319920540000286e-01,8.948673379965447205e-01
6.015599966049999248e-01,6.189102476474163117e-01
6.556333899499999784e-01,1.040876034499392366e+00
6.385549902920000243e-01,8.085719322092734807e-01
8.762890100480000832e-01,8.924232442379994579e-01
7.967479825020000739e-01,1.004432752439186727e+00
6.824830174449999509e-01,1.001909133249662576e+00
8.025500178340000401e-01,5.557459909212481008e-01
7.950311899190000142e-01,8.444405091840510025e-01
1.584897041320000088e+00,9.812889507267381628e-01
1.017485976220000143e+00,1.405508224665409367e+00
9.177780151369998585e-01,1.102759806412807464e+00
1.230221033100000083e+00,-1.189117318266998957e-01
1.027899026870000121e+00,1.175110134890529512e+00
9.125559926030000213e-01,9.710917343832043969e-01
7.935979962350000472e-01,3.896608487036051227e-01
1.030437946320000187e+00,6.668569949679248321e-01
5.325379967690000438e-01,9.379652692595321639e-01
6.127780079839999505e-01,6.621516997875486199e-01
8.741289973260000234e-01,3.156033162005375536e-01
3.667230010029999820e-01,1.330618983724656035e+00
7.391750216480000857e-01,6.196296906091520729e-01
5.604230165479999748e-01,5.649409779023115696e-01
7.758178114889999755e-01,1.255779493294542970e+00
8.102909922600001202e-01,7.131186821719520674e-01
6.437510252000000488e-01,1.145385244873478481e+00
7.236457467079999706e-01,6.366088012731299095e-01
9.113870263100000146e-01,7.188621888464169496e-01
6.627830266949999993e-01,1.132132391574208308e+00
1.002035975460000117e+00,7.656904482804638423e-01
8.224419951440000709e-01,7.949838097477817112e-01
1.030576944350000135e+00,1.093484973709856645e+00
6.781139969830000114e-01,6.857313157730695607e-01
5.333459973340000104e-01,7.809688304160257166e-01
3.209959864620000047e-01,2.678508819440598709e-01
7.608630061149999069e-01,6.344953451956504287e-01
7.439860105509998878e-01,1.086260750518306617e+00
5.468400120740000148e-01,1.362294351818766458e+00
7.004669904709999173e-01,4.840515311658911135e-01
8.356525897980000561e-01,7.792367499625595384e-01
1.274258971210000091e+00,1.181428683616866149e+00
8.934450149539999719e-01,1.264025010903162549e+00
6.211659908290000365e-01,8.649768336918284284e-01
7.900159955019999680e-01,3.890810455106812060e-02
1.067494988440000014e+00,8.396986009774187742e-01
6.698009967800000464e-01,1.329256114464012706e+00
1.265694975850000015e+00,6.865812976573685278e-01
6.380620002750000408e-01,8.179684071831603287e-01
9.348030090330000652e-01,1.012553297733187918e+00
8.006410002709999363e-01,2.350711220354132214e-01
1.085708975790000030e+00,1.233397685656317577e+00
3.527039885520000251e-01,8.128844779139278165e-01
5.883709788319999578e-01,5.064667699756024710e-01
4.875420033929999120e-01,2.089782788400005031e-01
4.636880159380000754e-01,1.276648162378004603e+00
3.637039959430000136e-01,6.460529346466525880e-01
8.750243186949999696e-01,7.822017334570533498e-01
6.435279846190000708e-01,1.219025769376621327e+00
4.834130108359999678e-01,1.199660039716985427e+00
2.120890021319999930e-01,2.744549781254090881e-01
4.560469985010000005e-01,5.245184446170489956e-01
4.367910027499999903e-01,8.746010132931281156e-01
7.238804101939999569e-01,1.213227618196271784e+00
5.560690164570000205e-01,1.011838111683156072e+00
4.748429954049999679e-01,1.000465937778252323e+00
2.674640119080000100e-01,4.973119970089635578e-01
9.588437080379998978e-01,6.452995473274993898e-01
7.868980169300000549e-01,1.291065178515208078e+00
1.794360995290000149e+00,1.476142354553619640e+00
1.337677955630000026e+00,1.199223749447559273e+00
1.210453987120000185e+00,1.459937054850682703e+00
5.654799938200000264e-01,-1.126108722801080347e-01
4.008429944520000565e-01,2.986395662380726401e-01
2.727654874320000200e-01,8.604530999214753118e-02
5.836449861529999783e-01,8.084937930976101583e-01
8.533802628519999711e-01,1.082560366506640337e+00
8.660610318179999823e-01,1.465073964821081542e+00
1.158349990839999899e+00,1.003475129336421023e+00
7.764859795569999390e-01,9.720064436835545996e-01
1.068807005880000105e+00,7.646541257740208097e-01
5.888479948040000744e-01,5.722246234363713713e-01
1.588868498799999918e+00,8.295449145292971282e-01
4.327859878540000205e-01,1.055916764006308295e+00
3.996030092239999942e-01,9.911633260382176625e-01
5.545349717140000134e-01,-6.961169348850844152e-01
6.221979856490000849e-01,1.393809513157059810e+00
1.149551987649999996e+00,1.090358306797654553e+00
1.121260046960000034e+00,1.302286226272969305e+00
9.776459932330001656e-01,1.287988524731038753e+00
1.732741951940000025e+00,4.572175539779833597e-01
2.302707910540000125e+00,1.263410066453067415e+00
1.053477048870000043e+00,1.951414539141183235e+00
7.962800264360000435e-01,6.015644312071387334e-02
5.203329920770000117e-01,-7.586273656102000551e-01
6.104800105090000262e-01,7.989619999315270560e-01
4.453057944770000276e-01,7.317373329235162815e-01
6.522138714790000069e-01,8.926066859286567734e-01
1.175541162490000069e+00,8.347905966116090370e-01
1.032202124599999937e+00,1.556993886768384794e+00
7.193930149079998948e-01,1.137352608300196799e+00
8.200139999390000378e-01,2.051953573022920196e-01
9.497330188749999458e-01,6.450958711272583024e-01
1.039114952089999822e+00,1.145835563159806725e+00
5.883830189700000046e-01,9.778899882026190760e-01
9.508559703829999599e-01,4.610954263010784149e-01
5.277600288389999728e-01,6.517870255940789725e-01
7.736063003540000205e-01,9.866104797065908816e-01
9.703559875489999875e-01,4.903309059521757107e-01
1.383889913560000018e+00,1.402459290371576461e+00
7.795230150220000542e-01,1.253826596260601001e+00
6.069999933240000090e-01,6.216962974221130755e-01
4.660570025440000097e-01,-8.120788300441489360e-02
9.455270171170000459e-01,7.576994377568341266e-01
6.238729953770000280e-01,1.181773845872066797e+00
3.923240005969999555e-01,1.090936360076813383e+00
5.156549811360000568e-01,1.294298640479753792e-01
9.679385423659998544e-01,8.444695942671118782e-01
1.356565952299999989e+00,1.458438064517638022e+00
9.072690010070001421e-01,1.552353891811614872e+00
8.162760138510000152e-01,6.380013260999151115e-01
2.479866981509999846e+00,1.458433286265650719e-01
1.133080005649999888e+00,2.141839240453802695e+00
1.045583963389999926e+00,1.359334542216580566e+00
8.474370241169999485e-01,-1.091162639474048124e+00
1.536522984499999911e+00,1.068640319227933011e+00
9.008989930149998715e-01,1.199739707862238269e+00
4.812009930610000041e-01,1.013797353938792778e+00
8.572540283199999722e-01,-4.246768771806039289e-01
8.617479801180000232e-01,9.743734354708958323e-01
1.008694052699999899e+00,1.368606759959676955e+00
1.127727031710000105e+00,8.081892021561191131e-01
7.795569896699999779e-01,1.047384044546923354e+00
9.895502924919998833e-01,5.693475310368559805e-01
8.363329768179998958e-01,6.005894232419649592e-01
9.099559783939999980e-01,1.017852402311228088e+00
5.511059761050000061e-01,6.458130428115869126e-01
1.239764332770000088e+00,6.341069696672576583e-01
1.211838960649999963e+00,1.021436278813291798e+00
1.379981994630000042e+00,1.600147905746036381e+00
1.148460984229999982e+00,6.450451044378737731e-01
7.663900256160000035e-01,7.682163648720342630e-01
9.660840034480000504e-01,1.878722002717608530e-01
8.156750202179999798e-01,6.893757258075131622e-01
1.142272949220000111e+00,1.024121823500203199e+00
1.299479961400000105e+00,8.626171563288832500e-01
8.583310246469999516e-01,1.303503908966381575e+00
7.149469852449999996e-01,4.575513302325379117e-01
8.764400482179999230e-01,1.944825970280655569e-01
8.305460214609999836e-01,9.788114228754516422e-01
8.535240292550000385e-01,9.944991243420586713e-01
9.092410206789999227e-01,7.314924619897786862e-01
5.202720165249999917e-01,9.023497805747136002e-01
7.411040067669999454e-01,5.253927035994022665e-01
5.853319764140000325e-01,6.140999545149381511e-01
5.047770142559999673e-01,1.067661177019656904e+00
5.519493222240000607e-01,5.307796499669228396e-01
9.697520136830000137e-01,8.656218260930456099e-01
1.116515994070000017e+00,1.286001765833193478e+00
1.049844980239999837e+00,1.347672692804036787e+00
6.342629790310000404e-01,7.372909457330257821e-01
5.644329786300000817e-01,3.276324863649033858e-01
9.184709787369998990e-01,3.720510885095996700e-01
9.593539834020000656e-01,1.225392457116286193e+00
5.984159708020000412e-01,1.240970160629393471e+00
9.383450150489998087e-01,4.139683207580464597e-01
4.542250037189999867e-01,7.405523363029365980e-01
7.079470157619999204e-01,8.769311724790102014e-01
3.876500129699999575e-01,4.497578226233537313e-01
4.484339952469999502e-01,9.959874198232538944e-01
8.405709862710000202e-01,4.906295823449606797e-01
5.337110161779999862e-01,1.383732540353790119e+00
7.211350202559999589e-01,9.508534526616795324e-01
5.215386152269999576e-01,5.502894771767069537e-01
7.050759792330000275e-01,9.658782317693288544e-01
6.405649781229999506e-01,7.332219723543448309e-01
5.168589949609999623e-01,1.043207258259395198e+00
1.660409450529999997e+00,5.971922040469572757e-01
2.465307950970000217e+00,1.676557473506908869e+00
1.622156023979999917e+00,2.525527464750574325e+00
1.866270065309999948e+00,4.674368568930174495e-01
3.623536109919999859e+00,-6.195722279949847366e-02
7.948709726329999947e-01,2.432307514574078233e+00
9.065989851949999290e-01,2.224153938833626221e-01
8.571879863740000660e-01,-2.072224725431150549e+00
7.756379842759999477e-01,2.007991911999792212e+00
7.006700038909999817e-01,6.546878284265164050e-01
6.443409919740000769e-01,6.919709800534163957e-01
7.579550147059999077e-01,7.331610440621260105e-01
5.499600172040000068e-01,9.026344640556254184e-01
4.964669942860000518e-01,7.857045645790314836e-01
1.367677569390000070e+00,5.406147364884313911e-01
1.397894024850000250e+00,1.598941617791503234e+00
8.148130178450000427e-01,1.713704532533225855e+00
1.278898954390000009e+00,1.836095583907704221e-02
8.623980283740000363e-01,6.094692456221570964e-01
1.093865990639999897e+00,1.123940869209481663e+00
8.134710192680000285e-01,4.201057394292869174e-01
1.466687083240000078e+00,9.498356774902865229e-01
9.060310125349999577e-01,9.782397543494064651e-01
7.652140259739999006e-01,1.073672528073640109e+00
1.311033964160000176e+00,-9.858553985461426805e-02
7.892500162119999718e-01,1.333862172212903152e+00
1.474902033810000068e+00,9.541868457969483464e-01
9.167850017550001063e-01,6.548599597711260989e-01
1.186140060420000086e+00,1.198248351495278419e+00
1.411391973500000008e+00,2.317036989494425658e-01
2.092472076419999993e+00,1.444379807545319805e+00
7.189220190049999681e-01,1.401400989328183799e+00
1.301861047739999888e+00,2.338084619014313137e-01
1.268974781040000055e+00,-2.463760443498018982e-01
1.221997022629999874e+00,1.862498967757676427e+00
9.061110019679999850e-01,5.031615248603887869e-01
1.078873991970000112e+00,4.956263614177919830e-01
1.028025031089999874e+00,6.545907708426559335e-01
7.863690257070000689e-01,1.045237389323772081e+00
1.276852965350000035e+00,4.840525600983306975e-01
7.093420028689999546e-01,9.957945914996244596e-01
5.201929807659999572e-01,8.962981156321176979e-01
5.645610094070000473e-01,-8.750295141391345455e-02
9.855200052259998067e-01,8.967369258475166305e-01
1.092841982840000004e+00,1.321666749646090988e+00
4.786899983879999709e-01,1.317329907145582624e+00
3.955059945579999514e-01,2.304759636139033230e-01
1.850703001020000071e+00,1.040784544540844375e-01
1.195796012879999815e+00,2.181480144832085966e+00
1.702510833739999896e+00,1.745212505992000063e+00
2.998351097109999586e+00,4.204602060480437664e-02
2.407080888749999925e+00,2.370587423329779675e+00
2.585943937299999718e+00,1.331720944137298135e+00
2.233839035029999920e+00,-1.464593138229615052e-02
1.655773043629999997e+00,9.730729915148900178e-01
1.430611014370000156e+00,3.862710383785879220e-02
8.921740055079999676e-01,2.550646808260949583e-01
1.231696963309999893e+00,3.637326450858540672e-01
8.955079913140000514e-01,6.455161798975297405e-01
1.602033019070000064e+00,1.050336763225856451e+00
1.585399031639999956e+00,9.138836413692769112e-01
1.232059955600000034e+00,1.570982390794474437e+00
1.210371017459999976e+00,2.228322904878229371e-01
1.242141008379999967e+00,4.431437789966347074e-01
9.857040047650000858e-01,9.253868783829678479e-01
7.289689779279999726e-01,6.169002512631818202e-01
6.761519908910000876e-01,3.211441423987492216e-01
1.071573019029999907e+00,6.116399715542596427e-01
9.457439780239998983e-01,1.203025417791051765e+00
4.376370012759999706e-01,1.119878161099671754e+00
5.141820311550000522e-01,9.974438373779544176e-02
3.387190103530000052e-01,4.399717477616615358e-01
7.144280076029999593e-01,9.633666654831963827e-01
4.996199905870000180e-01,9.908245450199280047e-01
7.917379736899999854e-01,1.113268371867141227e+00
8.646243214609999894e-01,7.474613833169359012e-01
6.024960279459999901e-01,1.271386219763263936e+00
1.260069966320000123e+00,5.622594274035888073e-01
1.012339949610000067e+00,1.088645362831861529e+00
1.004528999329999950e+00,1.350445542017671086e+00
6.310235261919999727e-01,3.116816974313424971e-01
1.141221046449999887e+00,5.692021009428374079e-01
5.426099896430000014e-01,8.815987047253188713e-01
8.547459840769999762e-01,9.467039197751787594e-01
7.744219899179999311e-01,3.145324141844387800e-01
3.084340095520000102e-01,1.293718356595915830e+00
8.376209735870000506e-01,2.196699944256938486e-01
7.293469905850000767e-01,8.708071387667342123e-01
7.503905892370000830e-01,1.460600303583464710e+00
1.134822010990000019e+00,5.469485496509081113e-01
1.614240050320000064e+00,1.206772988776505073e+00
1.244793057440000128e+00,1.552700043541418218e+00
7.141630053519999466e-01,8.035759456942177525e-01
7.293040156360000026e-01,-1.797541320309609947e-01
6.486989855770000091e-01,4.441471694558629113e-01
3.427990078929999962e-01,9.680344545490517927e-01
3.861860036850000011e-01,4.765541505824860136e-01
6.366299986840000535e-01,6.131932978946239565e-01
3.990480005740000280e-01,1.249653615357852576e+00
4.178859889509999870e-01,8.886051094269135087e-01
1.103790521619999909e+00,5.418856616782632418e-01
6.956189870829999622e-01,1.557899291926988727e+00
8.070139884950000564e-01,1.167124473676840024e+00
5.947690010070000310e-01,2.627442443185508125e-01
1.107607960700000005e+00,9.022840717419703394e-01
9.713580012320001122e-01,1.011605570978081570e+00
7.170349955560000321e-01,1.289032994894657502e+00
6.764810085300000386e-01,2.685977674884923450e-01
1.687772989270000190e+00,5.809041020406462419e-01
9.907569885250001596e-01,1.696851277609152886e+00
8.082039952280000161e-01,1.232597570995140002e+00
1.087718963619999979e+00,-3.884265035811649280e-01
1.564818024639999861e+00,1.125667216488193789e+00
6.673809885979999912e-01,1.522839646486849663e+00
1.256489992140000123e+00,4.016572131470648732e-01
1.091886043549999963e+00,2.563561590165014947e-01
7.375509738919999725e-01,1.582474577054805653e+00
6.224380135540000802e-01,1.237233094482117074e-01
8.364729881290000613e-01,4.257533253338559587e-01
5.774260163309999916e-01,1.030023445519590908e+00
1.015761017800000054e+00,8.613071725448478988e-01
1.106158971790000001e+00,8.679160988366931839e-01
6.945540308949998964e-01,1.425104093712586062e+00
1.130903959270000092e+00,3.832604417982318212e-01
9.518219828609998379e-01,7.407435625280045510e-01
7.524570226669999862e-01,1.242050520260882474e+00
5.585229992869999993e-01,3.005377464624927053e-01
1.415836334229999771e+00,5.170461945505939738e-01
1.855298042299999839e+00,1.422830429721582135e+00
7.845479845999999702e-01,2.047447956134632818e+00
8.210539817810000862e-01,1.762407931381113069e-02
5.835890173909999978e-01,-3.392371413350162013e-01
8.359720110889999889e-01,1.052876139291583968e+00
2.184663057329999880e+00,7.976591091505680353e-01
6.805480122570000123e-01,2.204202581677629613e+00
1.238904953000000031e+00,7.813293590489130969e-01
1.030328035349999949e+00,-6.233315916173474136e-01
7.914109826090000022e-01,1.752726928948234120e+00
8.423720002169999832e-01,1.911613693926803303e-01
4.464710056779999658e-01,6.964650174907588420e-01
5.589337944979999584e-01,6.130100516802352573e-01
7.099329829220000221e-01,5.220080017266491845e-01
7.334340214730000751e-01,1.243105507644302943e+00
7.833399772640000647e-01,9.732181733579401417e-01
8.426809906959999985e-01,8.418878965514828838e-01
1.099761009220000085e+00,9.167337816865204214e-01
8.706315755840000614e-01,1.073392643060853802e+00
5.862460136410000411e-01,8.450843570018312656e-01
8.863990306849999223e-01,2.443020432183359847e-01
1.019399046900000050e+00,8.854298722165472313e-01
8.493610024450000129e-01,1.340578267719900074e+00
1.010666966439999870e+00,6.875128332845742429e-01
1.331516027449999973e+00,7.280201760049819226e-01
1.215008974079999859e+00,1.286619627256194942e+00
1.645591020579999952e+00,9.462999735701320692e-01
9.708780050280001461e-01,8.911717950306928815e-01
1.411272048950000135e+00,6.896244655763636988e-01
7.953929901119999313e-01,3.493619606786373399e-01
1.046331048010000098e+00,9.613574819577672681e-01
8.879339694979999642e-01,2.556480729430659071e-01
8.349300026890000836e-01,1.150712709167393655e+00
9.847199916840001510e-01,5.154541534932821634e-01
1.090394020079999970e+00,9.450526932013713077e-01
4.901649951929999971e-01,1.063025682061502275e+00
6.141669750209999279e-01,3.375437625429801858e-01
6.314740180969999894e-01,3.007935031599921483e-01
8.252440094949999860e-01,1.206637439470390039e+00
1.051450967789999913e+00,9.808988036170255276e-01
1.047114968300000060e+00,1.204949099072771812e+00
3.921430110930000379e-01,9.566558145240661171e-01
4.695149958129999912e-01,1.505247188799198887e-01
7.720900177959999500e-01,2.506165972052736279e-01
7.520099878309999264e-01,1.443009393695769083e+00
6.877393722529999698e-01,1.104632499808454904e+00
6.718119978899999012e-01,6.427700364917309228e-01
1.185933232310000029e+00,7.585253701662429959e-01
6.571980118750000432e-01,1.269472478179363373e+00
8.213180303569999063e-01,8.796402449660897238e-01
7.795739769939998842e-01,2.492998638579189130e-01
1.030122995379999962e+00,1.147615060913223850e+00
6.211889982220000217e-01,9.302099324154944338e-01
8.660820126530001106e-01,7.263777836350195916e-01
9.608931541440000057e-01,5.344964710715788270e-01
6.760399937630000577e-01,1.298210609271851723e+00
7.402380108830000083e-01,5.742357711484993299e-01
5.984709858890000511e-01,5.586349332070230655e-01
6.151059865950000427e-01,8.750068517306777149e-01
9.358735680579999272e-01,6.845081230151190965e-01
5.818247795100000008e-01,1.183061030201511654e+00
7.156659960750000327e-01,8.360335997381160844e-01
6.529520154000000298e-01,4.750559340032318723e-01
9.700022935870000751e-01,1.045429890188407152e+00
7.834500074390000623e-01,9.916983933743430679e-01
7.448130249979999506e-01,1.000809034045843759e+00
8.276180028919999376e-01,4.832149536359002240e-01
8.943400979039998200e-01,9.236713797327954500e-01
2.505017042159999985e+00,9.744234954901773715e-01
1.620712041850000062e+00,2.052881666571679364e+00
1.417585968970000110e+00,1.608461045030985970e+00
1.049872040749999957e+00,-7.315373047233352244e-01
1.226507544519999993e+00,6.469236980753766408e-01
1.043179035189999881e+00,6.613621022944814465e-01
9.694439768789999690e-01,9.496773411167643841e-01
8.192250132559999454e-01,4.917409696764125648e-01
8.129550218580000598e-01,6.720184844861305518e-01
6.712080240250000163e-01,6.857279662034387879e-01
5.289899706839999993e-01,7.458748861362831661e-01
3.461930155749999849e-01,5.639742340995739234e-01
4.789490103719999392e-01,5.878576825395208649e-01
1.153810977940000093e+00,8.466831134637603506e-01
9.671270251270001062e-01,1.641972468216005954e+00
7.845839858059999727e-01,1.295383533193257053e+00
4.701859951019999873e-01,2.225567930005170614e-01
5.632782578470000301e-01,4.294334817751754296e-01
2.416239976880000251e-01,6.718530342994507576e-01
2.709859907630000064e-01,7.737454239207971485e-01
1.994680017229999991e-01,5.341520822963957693e-01
1.327169984580000017e-01,9.714167615557157687e-01
4.732620120050000101e-01,7.514565636248664582e-01
6.585559844969999244e-01,1.172035702435791027e+00
9.621880054470000054e-01,1.429221571231357402e+00
5.111979842189999790e-01,1.177757926181510539e+00
9.829789996150000153e-01,6.709900887834675531e-01
9.100099802019999684e-01,6.739776698320889547e-01
1.026576042179999870e+00,1.400553941679085534e+00
8.309389948840000262e-01,6.637776115665185994e-01
9.651920199390000565e-01,7.819699710384212521e-01
1.000543951989999902e+00,6.873588749727855829e-01
1.983185052869999687e+00,1.043248379051396446e+00
1.274855017659999978e+00,1.545886257989943058e+00
1.286525964740000028e+00,1.146364655169043845e+00
1.382244944570000245e+00,-2.184200549942361680e-01
1.736924052240000016e+00,1.141981707838818583e+00
1.257668018339999971e+00,1.137679499350961354e+00
7.533379793170000838e-01,6.965000375868242166e-01
1.084908962249999886e+00,-2.095723473470642861e-01
1.062494039539999990e+00,7.747851241604974959e-01
7.787629961969999570e-01,1.301154959184070092e+00
8.256469964979999965e-01,4.181666722705382200e-01
9.891830086710000636e-01,5.802535821131630245e-01
1.418092012410000047e+00,1.106454321334598756e+00
1.151677966120000063e+00,1.298290953034556994e+00
1.250364065170000094e+00,9.275893318260849396e-01
8.794019818310000458e-01,4.551796986138948453e-01
1.089423060420000144e+00,6.782057479825748247e-01
1.809062957760000145e+00,5.789845324148038541e-01
8.687390089040000207e-01,1.701782935679000186e+00
8.521729707719999380e-01,6.331451466638670089e-01
1.307837963100000112e+00,-3.684162385330417844e-01
1.262575984000000151e+00,1.522435307135475258e+00
7.601559758189999627e-01,1.207784637925172655e+00
1.069887042049999959e+00,1.603793809965881889e-01
8.579840064049999437e-01,5.935514404386232901e-01
1.149323940279999956e+00,1.121962632105730107e+00
1.067142963410000034e+00,7.275621635147893063e-01
7.400619983670000401e-01,1.096108779090301244e+00
6.799880266190000411e-01,3.356429139519031546e-01
7.323921322820000634e-01,4.698088407103601649e-01
8.352749943730000126e-01,9.336523266104025387e-01
6.000829935070000065e-01,9.923248095731495022e-01
1.010563969610000168e+00,7.044048982378794399e-01
7.613970041280000434e-01,9.060801317333790905e-01
7.260069847110000030e-01,1.104474152289272260e+00
1.064324021340000037e+00,3.906160122587982730e-01
5.901079773899998715e-01,1.164688301284658500e+00
7.744659781460000447e-01,7.570521637306448781e-01
7.406870126719998781e-01,3.885781116690742443e-01
8.908360004430001533e-01,1.161065116466852176e+00
7.620100975040000613e-01,8.531777274280706314e-01
7.774500250820000069e-01,8.712603929969473526e-01
5.811070203779999943e-01,6.499401310546040200e-01
7.908779978749999051e-01,7.162436329963826065e-01
8.903719782829999652e-01,8.123971894147279382e-01
7.882059812549999656e-01,1.198246121835515154e+00
7.301949858670000459e-01,7.542751786864035912e-01
9.248933196070001639e-01,6.305593430406106759e-01
1.265586972239999941e+00,9.685124301565145588e-01
7.884140014650000694e-01,1.309308546264777329e+00
9.180610179899998391e-01,6.616601962791126557e-01
6.569269895549999516e-01,3.256662840832917349e-01
8.252680301670000107e-01,8.958982345743604636e-01
4.257229864599999525e-01,6.607061406731747910e-01
9.114630222319998198e-01,7.421389918857369539e-01
7.238519787790000937e-01,7.982740367037157725e-01
9.657319784160000031e-01,1.309950071276487549e+00
7.194200158119999911e-01,6.653217800783997049e-01
7.146480083470000411e-01,9.154392993526015987e-01
6.188799738879999790e-01,4.827630002659373809e-01
8.502969741820000094e-01,8.308320582522157327e-01
6.113014817240000065e-01,9.390162498113611145e-01
8.405809998509999881e-01,8.890688701493291157e-01
5.909900069240000553e-01,7.039545118446817185e-01
1.191807866100000002e+00,9.298363325498529841e-01
1.072478055950000009e+00,1.002559027905251421e+00
7.976800203319999172e-01,1.399410044684321397e+00
7.140370011329999489e-01,2.327815916351015924e-01
8.885610103609999921e-01,5.126975441496927077e-01
7.367290258409999737e-01,9.897278833292272315e-01
9.655410051350000744e-01,8.954088152367952747e-01
8.569459915160000385e-01,7.993958916300016870e-01
5.838339924809999859e-01,1.005801393363752183e+00
3.047562122340000457e+00,3.869456204039223857e-01
8.865389823909999301e-01,2.403481577656076507e+00
1.186460971829999878e+00,1.591485787594789647e+00
8.750730156899999557e-01,-1.719107429228763806e+00
1.111973047260000014e+00,1.680490284745747909e+00
6.929270029070000447e-01,5.860521673560131761e-01
5.632749795910000357e-01,7.969508587583933323e-01
5.519689917560000048e-01,2.031382585043476074e-01
9.211350083349998386e-01,8.511105457269672048e-01
5.465030074119999748e-01,1.199441418786546532e+00
9.997850060459999577e-01,8.816793892771893626e-01
7.512239813800000166e-01,7.097194349890255660e-01
8.402569890019999654e-01,1.202450912150420548e+00
7.843149900439999600e-01,4.828378680660929678e-01
5.915480256080000165e-01,9.519028965729261493e-01
6.109840273859999948e-01,5.660702784277024113e-01
9.328789710999999540e-01,6.769810058706207112e-01
7.992020249369999885e-01,1.205893167286871126e+00
9.833549857140000405e-01,1.026297245408706260e+00
5.405290126799999761e-01,7.217597724099695800e-01
1.093670010570000128e+00,6.636952122400560095e-01
9.266330003740002041e-01,7.879646527659192046e-01
7.972419857979999858e-01,1.391823129006225068e+00
5.896059870719999596e-01,3.324016047172286825e-01
7.799540162090000672e-01,5.694193288007670661e-01
5.182790160179999717e-01,8.352197470721954842e-01
7.263879776000000676e-01,8.724602619316480512e-01
6.216366887090000182e-01,6.879756642350897122e-01
8.810679912569999717e-01,1.054322671366974662e+00
7.315016984940000411e-01,8.775371406059272461e-01
9.703850150109999406e-01,9.960088024525654005e-01
8.715350031849999901e-01,7.806315538585316682e-01
5.505740046500000595e-01,1.023244259637309694e+00
2.576299905780000121e-01,3.507042621316325270e-01
6.952109932899999123e-01,2.843776006205489537e-01
3.547430038449999601e-01,1.070764380518486547e+00
1.308350920679999918e+00,1.114483236844836744e+00
1.424710035319999957e+00,1.160679122913865546e+00
2.422243118290000385e+00,1.984241738812959843e+00
1.588093161580000023e+00,1.266059906784824385e+00
2.882889986040000352e+00,1.025736046903499288e+00
1.510810017590000109e+00,5.752056584580210741e-01
5.103110075000000245e-01,1.284809840294178773e+00
6.637499928469999810e-01,-1.667934027573382494e+00
5.865659713749999948e-01,5.261222772504998701e-01
9.182999730110000813e-01,1.299558502168663976e+00
1.126363039020000123e+00,9.919052767231326673e-01
9.455379843709997845e-01,1.356726556109938864e+00
7.979699969290000583e-01,7.355992006574997299e-01
8.895260095599999417e-01,4.250636463050762037e-01
5.017459988589999531e-01,8.118366103861643923e-01
7.889080047609999813e-01,6.264059403241983848e-01
5.571460127830000220e-01,6.609213146498321700e-01
8.079270124439998924e-01,1.066886029829040128e+00
7.382910251620000697e-01,7.169749126625423186e-01
6.742079854009999096e-01,1.109512817491967285e+00
8.787713646889999675e-01,6.101987152692897043e-01
7.401880025859999268e-01,9.657219982033315997e-01
8.886500000949999478e-01,9.326265237411417441e-01
7.983270287510000340e-01,7.350588019428544451e-01
5.137799978260000344e-01,9.401228160184421645e-01
7.760372757910000141e-01,4.277817964963741559e-01
8.528280258179999906e-01,8.108852402815749372e-01
7.851629853249999513e-01,1.269573508634021852e+00
8.431609868999999646e-01,7.453050642068690390e-01
1.024798870089999925e+00,7.732760365630150234e-01
8.044279813770001120e-01,1.052303455525438469e+00
8.841310143469999216e-01,7.809970716328891172e-01
3.615649938579999501e-01,5.955869959960784499e-01
1.171491026879999842e+00,5.208784828506244358e-01
4.477910101409999788e-01,9.779559042265889568e-01
7.665730118750000432e-01,1.211778408197340395e+00
7.735599875449999940e-01,9.800793645756765426e-02
1.054823040959999902e+00,1.432891594085929476e+00
7.843300104139999673e-01,9.533323955121566495e-01
1.034250974660000155e+00,8.580861048792076673e-01
1.096979022029999973e+00,6.522668462124074917e-01
7.633029818529999400e-01,1.205263296404478712e+00
5.883730053899999257e-01,4.891548231259704727e-01
6.365630030629999547e-01,3.094452317445331446e-01
5.750700235369999858e-01,8.218631714712936187e-01
5.399640202519999654e-01,8.995655240599205182e-01
1.324671149250000068e+00,7.330751265098799374e-01
8.178460001949999780e-01,1.489157005253589183e+00
6.359609961509999909e-01,1.182598151335886749e+00
8.135920166969999867e-01,-1.277019458476281177e-01
9.872140288349999793e-01,9.852044980669504293e-01
9.839289784429999797e-01,1.217069639078850685e+00
5.904790163040000150e-01,9.156677798817780545e-01
8.986790180210000312e-01,4.030521539517128993e-01
6.268000006680000125e-01,6.978837041904093486e-01
6.926850080490000172e-01,1.044770026533295537e+00
5.757049918169999669e-01,5.017765669878309076e-01
6.764680147170000213e-01,8.985424301542784820e-01
8.279470205309999997e-01,7.856909398082242424e-01
6.547859907149999881e-01,1.113201590890642079e+00
1.085815548900000094e+00,7.935492105995336498e-01
8.509550094600001335e-01,9.625680763897809245e-01
8.879359960560000431e-01,1.107884595771331915e+00
6.557850241659999302e-01,4.524403381751969655e-01
6.597809791559999804e-01,7.378674843620044443e-01
8.856279850010000398e-01,5.834438736697346028e-01
7.502999901769999980e-01,1.115976501526961373e+00
9.303160309790001747e-01,9.331184230268886326e-01
7.259460091590000941e-01,7.561240471934492779e-01
7.123904824259998936e-01,8.707575753222580595e-01
9.326570034030000622e-01,5.397934707692939593e-01
6.544970273969999974e-01,1.075603709019074428e+00
4.987269937989999846e-01,8.057464130731970542e-01
9.782410264020000579e-01,3.309920710734211013e-01
5.593240261080000275e-01,1.198691510501701307e+00
8.733990192409999409e-01,1.007556277862686311e+00
6.232500076290000690e-01,5.078633421737824838e-01
6.319249868390000024e-01,1.081800078470919857e+00
8.335350155830000274e-01,4.732126943200842262e-01
8.613430261610000027e-01,1.110959698688102071e+00
1.036013007159999999e+00,1.050403729888403026e+00
6.160370111469999355e-01,9.166528268265027313e-01
9.874529838559999995e-01,6.124350688352749872e-01
6.686739921569999634e-01,6.565861539919103373e-01
6.455339789389999972e-01,1.072497693974974631e+00
1.007030010220000049e+00,3.507057629012618194e-01
7.763000130650000719e-01,1.233545818249322412e+00
9.358490109439999705e-01,9.924613750173210125e-01
6.626719832419999401e-01,5.901310229785439176e-01
1.113351941109999910e+00,8.243414944376401543e-01
5.495319962500000432e-01,8.710322265275800557e-01
9.273632764820000096e-01,8.795757653056324177e-01
8.215330243109999486e-01,4.249420102810884670e-01
9.193540215489999223e-01,1.320596305768835910e+00
6.899859905239998925e-01,6.566701486330684956e-01
6.497738957409999738e-01,7.538050293990998796e-01
9.705049991609999704e-01,5.234353858339301224e-01
8.034440279009998909e-01,1.148711128851396701e+00
8.920990228650002019e-01,1.013229996792336607e+00
7.462270259859999921e-01,6.078632985649347065e-01
1.495407462120000197e+00,8.403533145847936758e-01
7.597569823270000633e-01,1.250817238213759897e+00
9.677280187609998974e-01,9.750529877149535229e-01
1.126011013979999920e+00,-3.733370345647474362e-03
7.641419768330000029e-01,1.420666616802802151e+00
1.423818945879999909e+00,5.758430420774698355e-01
8.309190273280000483e-01,9.349216099660007107e-01
5.316870212550000030e-01,1.085889574469719010e+00
6.942920088770000442e-01,-2.693546360558033981e-01
1.097100019450000019e+00,8.942154501657799681e-01
8.623710274700000511e-01,1.450664878362938781e+00
9.711959958079999788e-01,9.575486062504608986e-01
7.501904964450000213e-01,5.215664413020896228e-01
5.659890174870000346e-01,8.155866527783008912e-01
7.235890030859999378e-01,3.987411153047658030e-01
1.088876962660000114e+00,8.676257368667453784e-01
2.614549994470000138e-01,1.368281110563302372e+00
1.923168003559999895e-01,4.011154540814914626e-01
2.048390060660000012e-01,-1.827892623489860424e-01
3.752999901769999980e-01,1.131633074052923682e+00
1.878910064700000104e-01,1.095711414711484810e+00
4.178839921949999980e-01,8.934942321613696947e-01
6.128349900249999704e-01,8.443526207862928068e-01
4.822100102899999352e-01,1.363872230720778456e+00
8.136649727820000066e-01,8.615874819965785303e-01
8.997989892959999958e-01,9.365351568494122425e-01
7.667459845540000041e-01,1.292072506531157350e+00
6.762999892229999421e-01,6.703553882979264023e-01
9.804093837739999984e-01,5.773704095825080707e-01
1.075533032420000090e+00,1.043606375728355795e+00
6.459739804270000496e-01,1.230397366195116415e+00
7.601699829100000416e-01,4.214793557991765582e-01
8.707180023190000950e-01,4.571838476285423059e-01
1.045557022089999899e+00,1.194366264619821205e+00
4.832339882849999713e-01,1.033314772329704700e+00
1.085988998409999962e+00,4.576502856293308552e-01
7.320979833600000930e-01,7.177990941130093505e-01
7.128990292550000385e-01,1.331900578747325703e+00
1.045389056210000112e+00,2.325883092611839287e-01
7.359200119969999676e-01,1.216966258601930306e+00
8.956930041309999480e-01,8.890396207498239001e-01
8.745509982110000191e-01,5.242697469399985044e-01
9.237470030779999508e-01,1.071746098186829643e+00
9.997780323029999971e-01,7.752431084598857547e-01
1.739534020420000049e+00,9.299659715656140024e-01
8.107889890670000321e-01,1.441460121175526243e+00
7.049050331119999235e-01,7.122186460711098510e-01
8.328269720080000438e-01,-4.440025953623836230e-01
8.276600241660000412e-01,1.174824589834760014e+00
8.953109979630000659e-01,9.850046203009488188e-01
1.459501028060000039e+00,8.236050005850079625e-01
1.179519057270000060e+00,1.337472843154370761e+00
1.443411946299999915e+00,1.086188103221680246e+00
1.306735038760000078e+00,5.217007828580434436e-01
7.634999752040000365e-01,1.029137622827849707e+00
1.145148038860000161e+00,1.088519070719959625e-01
7.253450155259999477e-01,6.470099056278121319e-01
7.633590102199999672e-01,1.029530096412923923e+00
6.174820065499999622e-01,2.936678141896484906e-01
1.029322981830000039e+00,8.912497135926163994e-01
1.302055954929999926e+00,1.021294381547845465e+00
3.164124965670000122e+00,1.500227468184568203e+00
9.734439849849999549e-01,2.181819768340442778e+00
1.229671001429999855e+00,7.610994383370450755e-01
7.441530227660000385e-01,-1.538975761818840438e+00
1.063034057620000139e+00,1.503278047559187147e+00
1.123872041700000102e+00,5.073236853070840491e-01
8.984770178790000283e-01,1.351306410110854284e+00
7.175139784810000698e-01,5.526137260818717589e-01
5.367509722709999931e-01,4.078331047706624246e-01
1.175443053249999981e+00,5.662208526836833844e-01
1.101048946379999949e+00,1.260804188908630552e+00
5.734490156170000130e-01,1.454571040173628482e+00
1.431144952770000200e+00,4.585417239661018773e-02
1.037794947620000130e+00,1.034844387659005216e+00
6.568620204930000206e-01,1.520917524553083933e+00
1.074908018110000141e+00,-2.165920133148832305e-01
1.385972023009999887e+00,9.395849913242493301e-01
1.004804968829999812e+00,1.614302185036650572e+00
1.609539985660000116e+00,6.256760685981259673e-01
2.817575931549999524e+00,7.916836070705575157e-01
1.962562561039999709e+00,2.328659181474036721e+00
1.279752016069999998e+00,1.032078399882613073e+00
1.995329976079999845e+00,-8.740659490433575485e-01
2.033385992049999924e+00,1.050063635198930312e+00
1.307443976400000096e+00,1.716869780601219864e+00
1.611258029939999892e+00,-1.710639515861904752e-03
2.040218114850000042e+00,3.524458385639449021e-01
2.183244943620000100e+00,1.652069833644611130e+00
1.351415991779999937e+00,1.143322333478898445e+00
7.242180109020001089e-01,1.295132940184530179e-01
1.363389015200000109e+00,-5.220084265845386096e-01
1.526808977129999967e+00,1.044969896405150811e+00
1.784019589420000163e+00,1.778440819901804693e+00
1.103597044940000105e+00,8.890140664388259673e-01
1.763007998470000004e+00,4.188937354141547553e-01
1.157549023629999896e+00,5.713076063239357349e-01
1.153326034550000045e+00,1.183247701349002146e+00
2.362811088559999551e+00,-2.584915681337384905e-02
2.580787897110000007e+00,1.910779476704793201e+00
1.242146968839999976e+00,2.018259946761852497e+00
1.712821006770000265e+00,-4.395648686267275007e-01
6.676509976389999323e-01,-8.264044548834462156e-02
8.271329998970000652e-01,8.958236638361837256e-01
9.642647504809997994e-01,-2.291927237468658340e-01
1.394161701200000048e+00,1.487515451801535438e+00
7.584049701689999923e-01,1.235404163236809794e+00
6.900759935379999765e-01,6.326465944247759987e-01
6.740249991419999809e-01,-2.698441041602002433e-02
8.615220189090000424e-01,9.799691904037971524e-01
7.907469868659999790e-01,1.001684810853114893e+00
7.285000085830000138e-01,9.571499526321327611e-01
2.411980032920000294e-01,6.278653633844539783e-01
3.354600071909999981e-01,3.574766586431552540e-01
5.912460088730000507e-01,4.704768214591401598e-01
1.058426976200000036e+00,1.384741865749896661e+00
7.669919729230000316e-01,1.489063796452679833e+00
5.881239771840000019e-01,9.512013667199312739e-01
5.922303199769999305e-01,2.031819878844897398e-01
8.753510117530000079e-01,7.639574218259599370e-01
7.038279771799998974e-01,1.154995803927468145e+00
5.677499771120000371e-01,9.647814949085171676e-01
7.133870124819999825e-01,4.328466940556385256e-01
1.077505946160000061e+00,8.897876219239067019e-01
6.909419894220000247e-01,1.339074059890646318e+00
7.724580168719999973e-01,7.951030609703249041e-01
7.237120270730000859e-01,3.725917726108488592e-01
9.752489924429998958e-01,1.007553276635669182e+00
9.151769876479998178e-01,9.604963632061153112e-01
7.574009895319999686e-01,1.032280583330895896e+00
6.912069916730000374e-01,5.244009613212562426e-01
