1.074290990829999792e+00,9.600086665559086629e-01
9.521890282630000035e-01,1.030878667573146501e+00
9.879170060160000766e-01,1.025679220877340203e+00
1.011654973029999960e+00,1.010971635215103470e+00
0.000000000000000000e+00,1.016974621893254493e+00
7.643579840659999736e-01,9.554494335862105947e-01
7.788103222849999119e-01,9.111652933277896160e-01
3.306220054629999794e+00,1.072343346060547375e+00
1.055441975589999970e+00,1.148385803704426555e+00
7.543110251430000801e-01,1.262440932768461588e+00
7.915459871289999283e-01,7.769306103913089512e-01
1.409499049189999909e+00,9.908959752434823853e-01
8.875439763070001042e-01,8.748283340549368736e-01
6.401469707490000660e-01,1.036816710447358680e+00
5.082880258560000808e-01,9.449578256693138556e-01
8.640019893649999450e-01,9.746150258408498024e-01
5.725920200349999822e-01,9.605245331726345315e-01
8.469420075419999971e-01,1.023937765392742838e+00
9.181020259860001032e-01,9.924582232512144664e-01
7.976629734039999420e-01,1.056255562426655192e+00
9.608020186419998776e-01,1.002922323549745975e+00
9.555831551549999192e-01,1.014079766621157397e+00
3.470349907879999862e-01,1.019968204249701804e+00
9.546210169789999256e-01,9.743752499475318851e-01
1.293938040730000072e+00,9.611677900996995483e-01
5.251880288119999962e-01,1.074671291648316540e+00
4.773890078070000542e-01,1.002986706777918569e+00
1.275226235389999907e+00,9.521544390997532803e-01
8.723750114439999814e-01,1.020977006835884549e+00
8.355640172959999390e-01,1.042192155366880257e+00
7.321749925609999377e-01,9.801459736706860104e-01
7.640249729160000225e-01,1.020216789840603600e+00
4.072830080990000323e-01,9.618272844311288594e-01
4.752210080619999610e-01,9.888510345708937388e-01
8.781340122220000488e-01,9.634020884317675559e-01
7.414129972460000717e-01,1.028365438021387579e+00
1.258002042770000051e+00,1.042825278715599824e+00
1.069700956339999953e+00,1.038218999813754095e+00
7.274609804150000691e-01,1.078597842059778156e+00
7.892770171170000459e-01,9.687975758321680786e-01
6.237750053410000550e-01,9.758825902458739820e-01
6.914690136910000007e-01,9.736660149940126185e-01
8.557710051540000640e-01,9.690459933327311148e-01
7.093830108640000187e-01,1.021352769732899013e+00
1.014547944070000041e+00,1.016051828655046840e+00
1.115731000900000103e+00,1.012315621077883865e+00
4.182830154900000208e-01,1.050784739814234259e+00
1.002280950550000105e+00,9.872495871277536805e-01
1.218860983849999968e+00,9.583602738450994751e-01
1.143296003339999922e+00,1.064006136917029943e+00
6.528189778330000248e-01,1.007276812630525820e+00
6.746559739110000731e-01,1.007774159299939187e+00
6.009536385540000802e-01,9.403258967669263502e-01
6.694570183749999348e-01,9.748781973531029932e-01
6.538079977039999990e-01,9.732327851211622916e-01
7.814120054240000224e-01,1.018831985864903755e+00
1.206303954120000022e+00,1.013855728695752134e+00
8.469259738919999725e-01,1.049041695303312594e+00
8.286409974099999687e-01,1.046871085015488756e+00
6.482390165329999787e-01,9.768532158485826455e-01
5.623700022700000023e-01,9.979181950998452511e-01
7.183309793469999649e-01,9.530846598326202512e-01
1.099647998810000082e+00,9.955348611293608485e-01
9.541710019110001273e-01,1.033193517931298766e+00
7.290139794350000146e-01,1.051192080374366844e+00
6.694499850270000385e-01,9.978919778318028344e-01
8.631219863889999511e-01,9.841089609905059321e-01
6.464660167689999515e-01,9.842823206719126805e-01
8.223180174830000411e-01,1.005514420273982523e+00
9.235979914669999458e-01,9.913401454076546937e-01
8.300920128820000743e-01,1.035854623628244431e+00
1.067314028740000031e+00,1.007443148563354596e+00
1.546175003050000107e+00,1.015539464955718119e+00
6.827279925350000500e-01,1.055115077792847744e+00
6.385620236399999206e-01,1.019573140161197600e+00
6.464239954950000699e-01,9.114639787213959510e-01
6.881093978879999629e-01,9.826987585714144213e-01
7.273989915849999877e-01,9.542870265955227804e-01
6.500350236890000133e-01,1.016202449731525626e+00
8.693690299990000092e-01,1.014861434591401768e+00
4.408580064769999640e-01,1.013322736348160502e+00
4.518609941010000020e-01,1.018709514902104818e+00
7.575070261959999662e-01,9.613750817900955647e-01
4.952389895920000229e-01,1.024078506558074642e+00
6.850870251659999521e-01,1.019884698867140393e+00
7.243813276289999825e-01,1.004821516975554774e+00
8.653740286830000628e-01,1.047841484351875740e+00
7.400469779970000328e-01,1.015065858707812518e+00
8.070759773250000269e-01,1.034895893878882367e+00
8.204330205920000729e-01,1.000641564032419550e+00
1.114411950110000049e+00,1.016895450797051126e+00
1.108605027200000093e+00,1.013819850979799320e+00
4.751499891279999943e-01,1.042979791970653158e+00
1.039268016820000140e+00,9.820577377039815259e-01
9.457899928090000019e-01,9.577565435968298235e-01
7.877500057220000462e-01,1.041554521839715530e+00
3.504549860949999762e-01,9.680152704027514821e-01
9.367713332179998797e-01,9.945471794785782915e-01
9.868059754369999936e-01,9.615211002952072095e-01
6.470239758489999549e-01,1.059106504852636688e+00
1.029777050020000084e+00,9.976471248712451834e-01
1.187446951870000156e+00,1.014400036563524843e+00
9.328820109369999614e-01,1.045470697886503819e+00
7.528370022769999004e-01,1.001830597641447884e+00
6.420040130619999452e-01,9.833933865237496352e-01
2.307340055699999837e-01,9.661786421988222129e-01
4.714997112749998998e-01,9.508900653894312160e-01
8.772729635240000823e-01,9.562113286940833179e-01
7.876309752460000091e-01,1.044920413900431999e+00
2.742219865320000283e-01,1.053076012315957044e+00
3.992269933219999567e-01,1.014570863525029010e+00
9.923512339589999343e-01,9.738171504705368520e-01
7.627239823340000724e-01,1.031787977194519756e+00
7.200859785079999353e-01,1.058387170358261686e+00
6.264780163759999798e-01,1.013422452285056119e+00
7.269890308380000388e-01,1.023184209520542565e+00
9.301019906999999920e-01,9.831382602743915511e-01
6.872699856759999504e-01,1.024281712414625511e+00
8.662552833559999943e-01,1.021815191012231727e+00
8.352038264269999734e-01,9.964873066564211568e-01
9.402499794959999768e-01,1.027446392163810618e+00
1.023357987399999836e+00,9.964715767700998983e-01
7.322629690170000538e-01,1.028278627728333561e+00
9.300749897960000068e-01,9.991062988960208724e-01
8.702930212019999168e-01,9.793228426485841576e-01
5.104020237919999481e-01,1.014799357046201500e+00
1.025817990299999982e+00,9.693905980133945555e-01
4.551239907739999535e-01,9.896765458435147211e-01
7.345349788670000324e-01,1.029421362085486402e+00
7.012919783589999234e-01,9.467279441722230571e-01
1.014386057849999911e+00,1.051629439829227408e+00
1.123770236970000225e+00,9.963161169420400309e-01
4.825370013710000294e-01,1.067908780164709581e+00
4.689320027830000681e-01,9.983380454526320502e-01
8.755196928980000237e-01,9.417913239798203495e-01
1.145424962039999883e+00,1.001850899860529553e+00
1.943787455560000099e+00,1.036509328866402679e+00
1.557039022450000143e+00,1.101340387439510460e+00
2.104775905609999942e+00,1.113523000220724368e+00
1.062240004540000005e+00,1.009397420334898765e+00
7.867829799650000178e-01,1.017962192805212052e+00
2.247971057890000068e+00,8.180164838948761341e-01
5.664669871329999218e-01,1.008719899049730806e+00
8.389729857439999217e-01,1.019697502487546537e+00
3.188189864160000386e-01,8.244696040601793285e-01
6.386680006980000046e-01,1.021444201599007950e+00
7.540266513819999794e-01,8.610648575183530440e-01
1.085826039310000102e+00,1.056393430212826390e+00
6.014299988750000381e-01,1.025902904246265734e+00
6.923220157619999204e-01,1.055151960543767808e+00
8.782439827919999997e-01,9.662820504629713314e-01
1.279224038119999962e+00,1.023822152366973715e+00
7.251669764520000117e-01,1.022650421751956973e+00
4.283109903339999969e-01,1.042186845764672576e+00
7.012249827380000466e-01,9.428726516179687378e-01
8.846225738529999161e-01,9.762969847990146111e-01
7.809653878210001121e-01,1.006209317250219781e+00
9.259700179100002204e-01,1.024010280857043265e+00
9.178640246389998536e-01,1.024325516640826716e+00
9.073020219799998731e-01,1.027303314891123254e+00
4.099450111390000040e-01,9.984394813033073968e-01
8.741459846500000408e-01,9.869862938670863617e-01
1.231343984599999830e+00,9.585268428358948434e-01
7.683960199359999299e-01,1.061711828697987636e+00
9.357339143750000865e-01,1.019194898745880984e+00
7.523270249369999885e-01,9.900115867646595014e-01
6.247839927670000293e-01,1.011911755431234017e+00
1.977947235109999591e+00,9.502324403485533644e-01
2.476479291920000048e+00,1.058700301079958050e+00
6.822599768639999729e-01,1.194945235127116145e+00
1.294077992440000102e+00,1.009500221265784869e+00
2.116506099700000032e+00,8.666429566084433711e-01
2.030230045320000176e+00,1.052407395628449205e+00
1.727593064309999926e+00,1.005336876981378857e+00
1.321619033810000010e+00,1.019063252361168903e+00
1.114274978639999913e+00,9.457342642979724712e-01
1.618482947350000201e+00,8.805181045607834989e-01
1.102354049679999948e+00,9.352750434337151475e-01
8.501269817350000091e-01,9.860377267924660405e-01
6.531813144679999850e-01,9.110829340617945249e-01
6.168276071549999573e-01,9.527014227037685634e-01
1.023204803470000090e+00,9.266458646845797675e-01
1.176781058310000017e+00,9.946467679365803560e-01
1.108754038809999898e+00,1.052538628731062076e+00
9.838110208509999177e-01,1.032231561608804471e+00
1.829927563669999868e+00,1.009431467067505750e+00
1.342131018639999951e+00,1.023474952365067026e+00
1.265669584270000092e+00,1.062752105548358195e+00
7.930377125740000199e-01,9.406777021585951415e-01
1.030689358710000114e+00,9.749362306334623529e-01
8.210232257839999992e-01,8.985973146016056345e-01
1.099169254300000009e+00,9.878607902474920710e-01
5.255355238910000004e-01,9.632267037844134405e-01
7.758393883709999717e-01,1.014940533951844914e+00
7.209759950640000081e-01,9.360162955998203582e-01
8.666771054269999386e-01,1.027077996748508859e+00
8.462041020389999835e-01,9.823122634661981545e-01
7.614132165909999195e-01,1.037808451546588184e+00
6.587246060370000045e-01,1.000400973723498232e+00
1.078659296040000104e+00,9.963066411178480575e-01
1.281940340999999872e+00,1.005000020272618588e+00
6.600005030629999547e-01,1.057980161578775835e+00
1.112500548360000119e+00,1.008201228739788791e+00
6.280704736709999958e-01,9.681783837461069853e-01
6.864575743680000341e-01,1.017979926771563015e+00
9.000409841539999123e-01,9.214552138887220911e-01
7.342569231990000445e-01,1.028063644395733389e+00
1.011121273039999879e+00,9.989569864286697021e-01
8.827599883079999543e-01,1.009148546646087885e+00
7.521411776540001259e-01,1.038107691755840722e+00
9.489411115650000506e-01,9.794685997673382438e-01
6.799052953720000625e-01,1.003227322227324247e+00
7.211565971369999772e-01,1.001226757348308460e+00
6.504104733470000843e-01,9.706542433741488507e-01
7.167106270790000178e-01,1.008339823947741909e+00
9.056316018100001308e-01,9.871380237652693790e-01
6.526464819910000603e-01,1.025642158845347263e+00
7.056654095649999014e-01,1.019701467178575127e+00
6.581057906149999637e-01,9.882485563418373919e-01
6.592794060709999959e-01,1.012594666355798978e+00
6.634064316750000190e-01,9.899722342051172630e-01
7.808002829549999246e-01,1.012573489316960451e+00
7.565907239910000248e-01,1.013621368188195593e+00
9.280405640600000172e-01,1.024277291583032490e+00
7.073829770089999913e-01,1.017313900799580395e+00
3.888399899009999383e-01,1.023655467522819329e+00
3.422417938710000107e-01,9.697509228411461679e-01
2.337300032380000281e-01,9.693814238495105373e-01
1.459127068520000015e-01,9.834439134083053924e-01
3.949534893039999828e-01,9.919778022730418865e-01
9.678409695629999199e-01,1.026520531378265044e+00
7.839220166210000285e-01,1.079568408291654569e+00
8.333759903910000766e-01,1.095886999349789948e+00
9.723259806630000224e-01,1.031038802863786463e+00
6.905210018160000685e-01,1.043771474047644698e+00
1.345324039460000121e+00,9.976217133980576079e-01
7.227010130879999439e-01,1.004023648346341169e+00
6.804850101469999135e-01,1.051459713216136294e+00
7.610610127449999318e-01,9.255279809965254456e-01
8.075709938999999782e-01,1.010871932947073892e+00
5.886639952659999953e-01,9.767220757408042742e-01
9.960750937460000065e-01,1.005313319314435461e+00
1.045413970949999882e+00,1.003735778189265293e+00
4.713059961800000197e-01,1.053846212819560924e+00
1.047140955920000005e+00,9.886725412831046667e-01
1.126214265820000060e+00,9.797548316162515425e-01
2.560461759570000329e+00,1.058424748423273387e+00
7.747610211370000721e-01,1.084890700424006260e+00
7.172060012819999608e-01,1.125751285208260066e+00
8.005080223080000001e-01,8.069588477423352835e-01
5.680390000339999856e-01,9.874075869037667319e-01
1.195780038829999947e+00,8.876930210938492882e-01
7.970449924470000003e-01,1.005542804183779060e+00
4.899359941480000979e-01,1.063340304017535543e+00
9.918130040170001216e-01,9.506713731033282766e-01
7.445690035819999553e-01,1.006418277597400213e+00
6.096370220180000743e-01,1.021599068921933640e+00
8.565919995309999591e-01,9.720300779499139177e-01
8.144299983980000102e-01,1.019651033668360407e+00
7.605929970739999657e-01,1.015374233040114982e+00
9.157519936560000184e-01,1.000885892341030203e+00
7.421634793279999753e-01,1.017543429423642953e+00
7.329360246660000522e-01,1.010581078918946885e+00
8.745691180230000805e-01,9.838781943593932766e-01
9.644910097120000803e-01,1.011048232509643929e+00
1.477671980859999845e+00,1.015399085174466531e+00
6.752679944040000937e-01,1.044050217906992373e+00
5.030400156970000758e-01,1.037804185476606467e+00
7.066659927370000371e-01,9.094639878703674185e-01
2.968195915220000369e+00,9.822892630230696254e-01
1.255300998690000114e+00,1.112198754814405000e+00
4.084815025330000182e+00,1.205960503978171339e+00
1.692322969440000158e+00,1.073413215884549299e+00
4.121052026750000041e-01,1.269349499985816809e+00
1.035750985149999970e+00,5.990454722871707549e-01
6.408920288089999806e-01,8.874216176912185228e-01
7.065470218660000468e-01,8.507870353661948215e-01
1.060830354689999977e+00,9.032844263025023857e-01
1.880954027180000043e+00,1.052109216386478474e+00
1.886373996729999725e+00,1.071248072790562667e+00
1.328773975370000082e+00,1.123937827871277051e+00
3.931840062139999592e-01,1.007437096490099382e+00
6.382430195809999374e-01,9.053681578274099806e-01
1.045531988140000035e+00,8.454340925147475483e-01
6.588029861449999913e-01,9.741491785637163003e-01
8.046740293499999863e-01,9.969596109588905186e-01
8.740410208700001293e-01,9.958106495857690366e-01
8.532550334930000258e-01,1.033876336666818219e+00
8.952109813689997919e-01,9.941689829135953449e-01
7.301589846610000434e-01,1.013926212136528004e+00
4.149410128589999802e-01,1.002688431742603914e+00
2.700940072540000125e-01,9.696400012446629857e-01
4.911319911480000466e-01,9.599678504735593698e-01
5.079169869420000483e-01,9.860750681186540856e-01
1.224020004270000017e+00,1.028965854730750751e+00
1.267657995220000222e+00,1.058439707435591348e+00
2.633487939829999736e+00,1.122971269656845905e+00
3.999615430829999596e+00,1.120709485192131316e+00
6.651418209080000032e+00,1.337777969188046479e+00
2.102678060530000170e+00,1.581147772714351474e+00
1.283689975739999989e+00,1.189659089363343414e+00
1.291347503659999951e+00,4.956012214185344100e-01
1.353754043579999733e+00,7.921671230838455147e-01
2.390191078189999985e+00,6.757977236425823930e-01
1.461441040039999972e+00,9.976243785264780062e-01
1.599208951000000045e+00,1.067160992192110136e+00
1.471150994300000070e+00,9.011083994513304773e-01
1.298205018039999992e+00,9.983278997945204125e-01
1.579622030259999921e+00,8.928564622131608397e-01
1.360355019570000268e+00,9.685273318840370571e-01
8.036410212519999874e-01,9.859639889308580152e-01
4.276689887049999750e-01,9.232448560995378806e-01
2.694070041180000041e-01,9.022587979748368792e-01
3.897170126439999938e-01,9.062535394267307032e-01
4.179170131680000067e-01,9.500820391655309116e-01
1.546036005019999937e+00,1.013342239380853771e+00
1.017611026760000037e+00,1.077947980700554087e+00
8.653150200839999640e-01,1.144816278681751287e+00
6.194109916690000439e-01,9.741460336749597770e-01
8.454149961469999974e-01,1.008470868428409828e+00
8.048596382139999728e-01,9.360651044590759806e-01
1.435889005660000217e+00,1.011724831200755625e+00
2.565752029420000024e+00,1.024204388055792725e+00
6.206179142000000759e+00,1.163516884455402467e+00
9.309499859810000943e-01,1.550461540847201780e+00
9.077759981159998492e-01,1.249532506840929091e+00
4.609797894950000141e-01,4.881742857294246174e-01
5.264570117000000327e-01,9.258480767424402957e-01
7.942249774930000283e-01,6.328456459780791299e-01
9.704009890560000295e-01,1.009967660209086349e+00
6.695889830590000535e-01,1.031028999284667513e+00
6.997730135920000594e-01,1.034781985397923876e+00
6.903669834139999351e-01,9.913540052594219665e-01
6.361600160600000553e-01,1.006540842818020476e+00
9.726700186730000697e-01,9.877682501198045140e-01
6.393389701839999884e-01,1.019001202610639423e+00
5.123779773709999930e-01,1.034170770553791696e+00
5.699130296709999932e-01,9.701943091901116256e-01
8.318089842800000522e-01,1.001954997684409321e+00
4.694110155110000071e-01,1.005798447815119401e+00
9.054309725759998040e-01,1.028065227787771763e+00
8.482750058169999940e-01,9.994573647072814149e-01
6.566630005839999562e-01,1.064146357625979311e+00
6.324055790899999474e-01,9.880608400603385633e-01
3.268550038340000130e-01,1.004665395674064099e+00
3.047409951689999952e-01,9.819788841758301245e-01
2.159480005499999911e-01,9.643232962392935814e-01
2.148479968310000043e-01,1.004959087111848115e+00
1.512310057880000003e-01,1.001680430274812350e+00
4.153338372709999837e-01,1.030150599691408875e+00
7.344200015070000420e-01,1.035244948313434499e+00
9.913370013240001555e-01,1.079570649755137612e+00
7.910000085830000138e-01,1.086330887731202122e+00
7.429170012469999973e-01,1.068653143073275080e+00
7.426548600200000294e-01,1.007505828947056647e+00
8.799139857289999256e-01,1.003377365306531876e+00
7.376829981800000491e-01,9.958524839962371589e-01
1.240342974660000097e+00,1.013846511591454780e+00
8.343409895899999151e-01,1.014426503858317119e+00
3.054729998110000122e-01,1.049057445278466894e+00
8.929460048680000206e-01,9.377516825514156107e-01
1.285866022110000007e+00,9.730399592490630578e-01
4.146400094030000538e-01,1.054794497278330745e+00
1.090137004850000091e+00,1.013061011023353553e+00
5.923830270769999684e-01,9.721739882185596038e-01
3.773260116580000045e-01,1.053211085433744643e+00
2.693597316740000469e+00,9.091743533575827874e-01
2.288666009900000020e+00,1.130470698010762831e+00
8.955270051960000366e-01,1.251427537227253639e+00
8.070570230480000884e-01,9.446649265355977487e-01
1.194862961769999954e+00,9.009252745923044259e-01
8.929409980770000033e-01,8.950141199344422427e-01
9.776080250740001309e-01,9.384827672736202331e-01
1.832507014270000179e+00,9.713752255659667822e-01
1.403792977329999747e+00,1.060090383738844011e+00
7.223749756810000644e-01,1.064784323867305149e+00
6.599410176280000595e-01,9.356535485803300078e-01
7.407349944109999917e-01,9.230766456699571743e-01
5.553659796709999874e-01,9.323154394526325106e-01
1.236768960949999885e+00,9.637017848937918796e-01
6.214020252229999208e-01,1.016198927902291382e+00
7.108730077739999764e-01,1.064640678765541137e+00
3.064779937269999643e-01,9.455990325247793926e-01
6.473349928859999380e-01,1.016175870265151548e+00
5.458269715310000159e-01,9.402610516111852279e-01
1.024247765539999966e+00,1.046289949166770317e+00
8.176820278170000567e-01,1.015354766729474889e+00
7.440620064740001149e-01,1.081533008309978339e+00
7.367150187490000279e-01,9.897198311232534573e-01
5.768560171130000525e-01,1.013524311183243487e+00
9.152600169180000744e-01,9.811862205416187477e-01
1.137029051779999911e+00,9.972543818012287176e-01
4.960080087179999930e-01,1.054183465899410921e+00
4.941360056399999312e-01,1.009556927449732910e+00
8.834533095360000976e-01,9.505433295650885794e-01
1.271524906160000024e+00,1.009428296354176968e+00
8.864369988439999570e-01,1.039654154976870748e+00
8.988280296330000141e-01,1.054456336762885194e+00
9.049779772759998231e-01,9.874019872009653920e-01
8.299319744109999730e-01,1.002755610213867277e+00
8.756300210950000995e-01,9.712219300216645701e-01
5.502920150760000073e-01,9.928897637659708231e-01
1.073919415470000027e+00,9.905043197367526808e-01
8.491920232770000521e-01,9.821993951791363475e-01
6.393229961399998773e-01,1.050696383467910389e+00
7.995309829709998928e-01,9.673358815214351258e-01
9.646000266079999275e-01,1.004809542149423640e+00
8.413559794430000016e-01,1.009101835842303618e+00
7.011449933050000194e-01,1.014276277607328414e+00
7.240070104600000445e-01,9.971265330479213151e-01
1.010308027270000020e+00,9.897635921764603717e-01
6.538060307499999890e-01,1.006397159351169579e+00
7.932850122450000319e-01,1.018767756919118472e+00
6.538396477699999210e-01,9.775910837783414742e-01
1.160789966579999888e+00,1.018718970488187159e+00
8.085789680480000019e-01,9.948743855053634455e-01
3.743770122530000188e-01,1.056557608718178720e+00
2.556999921800000020e-01,9.518575024288340458e-01
4.893150031570000502e-01,9.629078453890057565e-01
1.151844024660000132e+00,9.714557870617122060e-01
7.372779846189999597e-01,1.051480954748219343e+00
1.088750958439999916e+00,1.088318294654331053e+00
1.975852966309999958e+00,1.012332668085430543e+00
8.547700047490001118e-01,1.114854836112172398e+00
7.977370023729999371e-01,1.041089384671458840e+00
1.052428960799999924e+00,8.941713148809893319e-01
3.179450988770000208e+00,9.945519465560030969e-01
1.797067999840000541e+00,1.092408250404490744e+00
1.056702017779999947e+00,1.203974845770532154e+00
8.751260042189999977e-01,8.561494937254156001e-01
6.645399928090000019e-01,9.222902280161230371e-01
7.571684122089999969e-01,8.275132910133319308e-01
1.368484020229999931e+00,9.184378141128760609e-01
9.052469730380000579e-01,1.023632913714498827e+00
1.032060980800000083e+00,1.050029266434912012e+00
6.141330003739999821e-01,9.726991672996890825e-01
9.733130335809999645e-01,1.008206079288671120e+00
6.452289819719999597e-01,9.353923208508601039e-01
4.894390106200000035e-01,1.023746330465245657e+00
8.408679962160000576e-01,9.464454958788742767e-01
7.771940231319999226e-01,1.011715636270796193e+00
6.755350232119999854e-01,1.026238068633803957e+00
6.592059731480000018e-01,1.002922060302328999e+00
1.084153056139999904e+00,1.012872138400665811e+00
9.314100146290000826e-01,1.015764129151820239e+00
1.359479665760000122e+00,1.046629582548757265e+00
7.633988261220000515e-01,1.018266175772181592e+00
5.357339978220000409e-01,1.041506240486246737e+00
6.781889796259998882e-01,9.148757376287273146e-01
7.839810252189999273e-01,9.761928616173893847e-01
1.169367671010000054e+00,9.838122817494686645e-01
1.015287995340000027e+00,1.033490982546358961e+00
9.259430170060000131e-01,1.060329630340171247e+00
1.319244027140000108e+00,9.956904880106333122e-01
9.717460274700000511e-01,1.017078651089117658e+00
1.176299691200000108e+00,1.012876694131782607e+00
1.714609026910000056e+00,9.659447841766110043e-01
1.307337045669999975e+00,1.052466424427718206e+00
6.186890006069999393e-01,1.022541139807086275e+00
2.298435926440000276e+00,9.315151705936787208e-01
1.808241009709999680e+00,9.976395664534609686e-01
8.794149756429999742e-01,1.126530666367118405e+00
1.570945024490000064e+00,8.977519869949553977e-01
1.578516006470000121e+00,9.638826472629868913e-01
6.200309991839999535e-01,9.959034471443497516e-01
9.928810000419999726e-01,9.096458677629060130e-01
4.551869928839999968e-01,9.168080505650069156e-01
1.017398953439999865e+00,9.753542189411809060e-01
8.378469943999999892e-01,9.147449199300746736e-01
4.884769916529999589e-01,1.070670878880877419e+00
1.246340990070000210e+00,9.586214067018493656e-01
1.209630966189999990e+00,1.021036352185647145e+00
1.252451062200000020e+00,1.073441911212269062e+00
1.519726991650000025e+00,1.005809671157261054e+00
1.063797950739999942e+00,1.052710806109732111e+00
1.571495056150000069e+00,9.942046383427418643e-01
1.278105020519999968e+00,9.608124172070331426e-01
1.192077994349999948e+00,1.028462404757688686e+00
8.304439187050000060e-01,9.309302935348974239e-01
1.402015686039999931e+00,9.706667584180144193e-01
1.156504034999999986e+00,9.435117232001879461e-01
1.162554860120000200e+00,1.030715076593953894e+00
6.007519960399999581e-01,9.585799367787174452e-01
1.253835797310000055e+00,9.868746540221238206e-01
1.791844010349999960e+00,9.326570228060009349e-01
1.734062552449999961e+00,1.084979220537222844e+00
4.939970970150000085e+00,1.052813794408710146e+00
2.394351005549999911e+00,1.310407253214063594e+00
2.212575912479999740e+00,1.285993087851474925e+00
1.886527061460000265e+00,7.446039602864639173e-01
9.343829751010001017e-01,9.781070574549773911e-01
9.099829792979999832e-01,6.997520073627646608e-01
8.112999796870000724e-01,8.098182651088695616e-01
1.049708962440000004e+00,9.097793691965243568e-01
1.351788043980000076e+00,9.320303655143707955e-01
1.277305960659999906e+00,1.037900331859976655e+00
7.854449748989998925e-01,1.033710672395405705e+00
4.846229851250000165e-01,9.827132863756820047e-01
6.676359772680000582e-01,9.269526573469880626e-01
8.322510123249999836e-01,9.410344373830554776e-01
5.959370136259999340e-01,9.958963324647311932e-01
3.410890102390000123e-01,1.012399957529604988e+00
6.860110163689999707e-01,9.898275505498643767e-01
8.153510093690000682e-01,9.954544448004752910e-01
3.985430002210000322e-01,1.041227873114216163e+00
6.998159885410000225e-01,1.014972810735474962e+00
4.263690114019999533e-01,9.996154065689970558e-01
6.866139769550000382e-01,1.032193453887282120e+00
1.826770007609999913e-01,9.799016256343815456e-01
7.018824815749999946e-01,1.040011091066757043e+00
1.796682000159999681e+00,9.716293315219134419e-01
7.204269766809999753e-01,1.136065626037696230e+00
4.680640101429999755e-01,1.092499862479925810e+00
6.408870220180000743e-01,9.265698062091068943e-01
7.520520091060001189e-01,9.919623877301918524e-01
1.001817584040000098e+00,9.577958413001852467e-01
1.660804033279999814e+00,1.030100728661372145e+00
1.450595021250000061e+00,1.088112536725429180e+00
1.085010051729999869e+00,1.088958849671914253e+00
1.099555015560000015e+00,9.814386787469807638e-01
7.694180011750000325e-01,9.615257661956754243e-01
1.254430413249999932e+00,9.405262131392928548e-01
1.496320962910000052e+00,9.482629065364817089e-01
7.186369895940000196e-01,1.055580042165026100e+00
8.902019858359999649e-01,9.860186610255592399e-01
9.891759753229998342e-01,9.341090961650923008e-01
2.849014520649999938e+00,9.990669656715651659e-01
4.281075000759999583e+00,1.082683226445565250e+00
1.248739004139999942e+00,1.395291736971020047e+00
7.096589803699999699e-01,1.079737237570255193e+00
7.497439980509998936e-01,6.973722852355827007e-01
8.907449841500001408e-01,8.415354889680277672e-01
1.469527959819999952e+00,7.948276310046261672e-01
1.608888030049999918e+00,1.016639242398410303e+00
1.043460965159999976e+00,1.089744013643859644e+00
1.184751033780000018e+00,1.010523354293252574e+00
5.063725113870000127e-01,9.530635063741853541e-01
6.946156024930000283e-01,9.546553551118973635e-01
9.299110174179999744e-01,8.846894178544905118e-01
7.754629850390000190e-01,1.016819300347749033e+00
8.564696311949999696e-01,9.968592311944689532e-01
9.269009828569999554e-01,1.010889068963630066e+00
7.506660223010001021e-01,1.023640617759081550e+00
9.248849749570000611e-01,9.967374686927266136e-01
1.070162653919999984e+00,9.942153308490748742e-01
8.752880096439998869e-01,1.026622549190670197e+00
7.511039972310000756e-01,1.005677438000790014e+00
8.627579808239999037e-01,9.835488581204316905e-01
5.096570253369999692e-01,9.874617388848208055e-01
8.495249748229999343e-01,9.845459281238160276e-01
6.711369752879999817e-01,9.725010042456230241e-01
6.132180094720000030e-01,1.036315759279260451e+00
3.810549974440000098e-01,9.768906954633326256e-01
8.710420131680000067e-01,1.007915205655510293e+00
6.540319919589999698e-01,9.912298100705396742e-01
9.089673757550000843e-01,1.055567363752330623e+00
9.709029793739999414e-01,1.002042177140259227e+00
9.856920242309999969e-01,1.063525513915307918e+00
1.356256246570000101e+00,1.008160422587530247e+00
1.309872984889999925e+00,1.035979564684805121e+00
6.344919800760000506e-01,1.042796062289809589e+00
5.933508276940000492e-01,9.677392061029205239e-01
8.796380162239999523e-01,9.206058543736127531e-01
1.131836414339999930e+00,9.732151661742954873e-01
1.841274023059999987e+00,1.011020841418264871e+00
2.261745929719999992e+00,1.083521684606271407e+00
2.597975969309999744e+00,1.141250981273636445e+00
2.399192094800000064e+00,1.106350125601294421e+00
1.982298016549999931e+00,1.062606511689106137e+00
2.269547939300000206e+00,9.430651153798466080e-01
2.017889976500000238e+00,9.243258730022693159e-01
1.452262043950000026e+00,9.477815460697370797e-01
1.342797994609999934e+00,8.778675124746108116e-01
1.311915040020000145e+00,8.828423165787370186e-01
1.276762008670000226e+00,9.093436100510963183e-01
1.275267004970000118e+00,9.295724193796531809e-01
1.210446000100000141e+00,9.666509281786884733e-01
8.153480291369999966e-01,9.741199627338370526e-01
7.271119952200000291e-01,9.537199100808867458e-01
6.043019890790000126e-01,9.294388025431781220e-01
9.830358624459998307e-01,9.585399934408208589e-01
1.101529002189999940e+00,9.768679314437178629e-01
1.183724999429999869e+00,1.049866692063438744e+00
4.356400072569999726e-01,1.029120694388439006e+00
3.270040154459999959e-01,1.002052856022051630e+00
8.039849996569999879e-01,9.085172633895992611e-01
4.216859936710000145e-01,9.875429174583165715e-01
5.734559893609999515e-01,1.012673229784186946e+00
3.959457874300000291e-01,9.904426367587793045e-01
4.163750112060000119e-01,1.044013905437523482e+00
5.603970289230000290e-01,9.818058212944436036e-01
7.749050259590000156e-01,1.033568955436808157e+00
6.370840072629999629e-01,1.039580042928276660e+00
3.839260041709999793e-01,1.047475657907699365e+00
5.648739933969999516e-01,1.004717425399543451e+00
1.054715037350000051e+00,9.970153219414005230e-01
6.537709832190000681e-01,1.041988665592026964e+00
5.931029915809999942e-01,1.051951317138764441e+00
1.022608995439999946e+00,9.867305901725414996e-01
8.359869718549999273e-01,1.030072584310255390e+00
6.375340223309999832e-01,1.025958954211297014e+00
9.755985140800000899e-01,9.867961258990836093e-01
4.898079931740000337e-01,1.010358958493530857e+00
1.098647952079999879e+00,1.007213557766311496e+00
1.151165962220000116e+00,9.726883807715709374e-01
8.061249852179999120e-01,1.085736101292374078e+00
4.744769930840000427e-01,9.871288022623450065e-01
7.896029949189999897e-01,9.782479928837614080e-01
4.762530028820000094e-01,9.594335023450016875e-01
5.455229878430000179e-01,1.001056054296574516e+00
6.212809681889999158e-01,9.698079843467004579e-01
7.707700133319999036e-01,1.033947408080841956e+00
9.337069988249999675e-01,1.015779791326514747e+00
8.110550045970000843e-01,1.047519468951878752e+00
6.005529761310000048e-01,1.034446699654040680e+00
1.002521038060000036e+00,9.953657905575843401e-01
8.921650052070000392e-01,9.988851363350026435e-01
9.160850048069999474e-01,1.034639425892871278e+00
7.413420081139999729e-01,9.935569507034839321e-01
9.283249974250000758e-01,1.015071894724417056e+00
6.429409980770000033e-01,9.794481987877071694e-01
9.950090050700001187e-01,1.007558627802251250e+00
6.271365880970000140e-01,9.791500394456709166e-01
1.038689017300000073e+00,1.032520151887771354e+00
6.888009905820000611e-01,9.719685049817602396e-01
5.214130282399999095e-01,1.046761822849465506e+00
6.510270237919999481e-01,9.466632238809243871e-01
1.159701943399999990e+00,1.001354843464882904e+00
6.456400156020000169e-01,1.021076297442943925e+00
1.195862650870000099e+00,1.047273446738284486e+00
1.304703950880000018e+00,9.916346894820482483e-01
8.844429850579998975e-01,1.083929130279650321e+00
7.697709798810000725e-01,9.799222367913107412e-01
7.702100276950000213e-01,9.692036991976058502e-01
6.418280005459999771e-01,9.667241340315685383e-01
8.937159776689999058e-01,9.647894860066121847e-01
5.247250199319999364e-01,9.932495054756667052e-01
5.142210125920000374e-01,1.018858711440226106e+00
7.172748446459999982e-01,9.643696189382049422e-01
6.410769820210000525e-01,1.019000675127123667e+00
4.689820110800000386e-01,1.014186234455814573e+00
1.203750014310000171e+00,1.006304104399891708e+00
7.911959886550000709e-01,1.032955317949011187e+00
1.136301159859999910e+00,1.073638140453739398e+00
8.642929792399999256e-01,9.865904489591958981e-01
8.814030289650001126e-01,1.056866772311260361e+00
5.817409753800000249e-01,9.501941976135408474e-01
8.651199936869999885e-01,9.966585573937257747e-01
9.078124761579998703e-01,9.592753519376756577e-01
7.377740144730000615e-01,1.031880279821938196e+00
1.120375037189999867e+00,9.967049093588870035e-01
9.422479867940000142e-01,1.017260271005714589e+00
1.060060024260000011e+00,1.036317548334819261e+00
7.158420085910000008e-01,9.853366822073112985e-01
4.040209949019999969e-01,1.010722513977633907e+00
2.920779883859999648e-01,9.348415003097488851e-01
6.317924261089999938e-01,9.558262766841546521e-01
1.124665260310000026e+00,9.827804867031265657e-01
1.115690946580000009e+00,1.063419365342330503e+00
1.247418999670000028e+00,1.085656605784127704e+00
6.976169943809999996e-01,1.048804353731111139e+00
3.693974971769999893e+00,1.013578953937199101e+00
8.204839825630000361e-01,1.122020787539232733e+00
8.573070168499999921e-01,1.215293015559026690e+00
6.902359724040000311e-01,6.948341789745688946e-01
8.385969996449998964e-01,1.028332983855685168e+00
1.287726998329999928e+00,8.058795887960953364e-01
9.632229804990000144e-01,1.038992352245319717e+00
1.343299984930000024e+00,1.039291754068364160e+00
7.316169738770000874e-01,9.985445927597460525e-01
6.809219717980000697e-01,1.024268495713549498e+00
7.014784216880000089e-01,9.059703216783160373e-01
6.698030233380000142e-01,9.890297016972491306e-01
1.365643024439999964e+00,9.669130556319567305e-01
9.781420230869999344e-01,1.034661706292161476e+00
6.786789894100000442e-01,1.075398213040088091e+00
5.976330041890000055e-01,9.609602984882967824e-01
8.193774819369999962e-01,9.795460398187559869e-01
7.911109924320000042e-01,9.645597044361655659e-01
1.044147372249999872e+00,1.013638034719094083e+00
1.400015950200000026e+00,1.019532211237569763e+00
8.748620152470000244e-01,1.064766711324851345e+00
6.228179931639999944e-01,1.025653297975680056e+00
7.164059877399998610e-01,9.425957042264164754e-01
6.523500084880000660e-01,9.652030597718888050e-01
9.379299879070001067e-01,9.700388816918887880e-01
5.936999917030000296e-01,1.001783954560605983e+00
5.393440127369999448e-01,1.033514626599815189e+00
9.370089769359999377e-01,9.695764739586364422e-01
8.087720274930000341e-01,1.022145376661404148e+00
5.654280185700000239e-01,1.031789750132395378e+00
6.020820140839999723e-01,9.948843649672589606e-01
1.146679997439999932e+00,9.960618597358105175e-01
9.824249744419998320e-01,1.019413492186168613e+00
5.671510100359999917e-01,1.057084662103318973e+00
7.866399884220000027e-01,9.885529716939532863e-01
7.388439774510000557e-01,9.818531612513416995e-01
6.810299754140000106e-01,1.001776140809905513e+00
7.086979746820000203e-01,9.830424673355109277e-01
6.642330288889999323e-01,1.013658910697407212e+00
5.124790072439999733e-01,1.004838030247701353e+00
6.040380001070000393e-01,9.961426345263741933e-01
6.728799939159999521e-01,9.967726277604309626e-01
8.265414834020000656e-01,1.020050339747358814e+00
4.546860158439999799e-01,1.024456730994916187e+00
5.594509840010000179e-01,1.025362829920018148e+00
1.332218050960000122e-01,9.791663576939855229e-01
1.633069962260000063e-01,1.007518654178867212e+00
1.797860413789999778e-01,9.542003438321173814e-01
5.747918486599999932e-01,1.027532410012697017e+00
8.508148789409999413e-01,1.030725737490882699e+00
8.527640104289999634e-01,1.098902036511106406e+00
1.687628030779999788e+00,1.076050660231171463e+00
2.149522066120000297e+00,1.088079641141323162e+00
8.122850060459999577e-01,1.152118410955173644e+00
1.239639997479999867e+00,1.012586709656907669e+00
2.128437280650000041e+00,8.883541845717548568e-01
2.139239072800000141e+00,1.052318913555964519e+00
9.779880046840000452e-01,1.039999801005650593e+00
6.937779784199998856e-01,9.791193152382180465e-01
7.218790054320000094e-01,8.543549541779640322e-01
7.631160020829999002e-01,8.924513523044690366e-01
8.565329909319999713e-01,9.192416465980780549e-01
1.109338045120000116e+00,9.992309033967085030e-01
6.476340293879999654e-01,1.032515495613976153e+00
9.241870045660001143e-01,1.020573080033916558e+00
7.877320051189998784e-01,9.685775030671084362e-01
1.305567026139999864e+00,1.025745800870500490e+00
9.107710123060001051e-01,9.916937359726830659e-01
8.699640035629999657e-01,1.058638303244292533e+00
5.743020176890000217e-01,9.548226994879640550e-01
8.599532246590000373e-01,9.916360300136155548e-01
4.775849878790000558e-01,9.484674565711446181e-01
1.108017444610000179e+00,1.012382073248820902e+00
1.290724992749999966e+00,9.816656919925764724e-01
8.591579794879999898e-01,1.098434725550403668e+00
3.058980107309999807e-01,1.006693473062544530e+00
9.039019942279998832e-01,9.632545479140099953e-01
6.352750062940000220e-01,9.460285076348740052e-01
1.023422956470000145e+00,1.023913900177151115e+00
6.730669736859999919e-01,9.852992412239260922e-01
8.504790067669999454e-01,1.067146742471207110e+00
5.141969919200000128e-01,9.659791233888712636e-01
1.527956604959999964e+00,1.021984365184732679e+00
4.094385623930000051e+00,9.961924633265325513e-01
9.952359795569999390e-01,1.328381749010827395e+00
8.670449852940000923e-01,1.184336897391457866e+00
1.141056060789999993e+00,7.250893484437691550e-01
1.622257947919999888e+00,9.789397131994996837e-01
1.980204939840000344e+00,8.535557392327515203e-01
1.375547051430000112e+00,1.078174599848409132e+00
1.851865053179999610e+00,1.032052765703118880e+00
1.420923948290000016e+00,9.606022156767551889e-01
1.589177966120000285e+00,1.002980987586353123e+00
1.673199415210000041e+00,9.050422580200656597e-01
2.123934030530000072e+00,1.007792123418564501e+00
1.648401975629999905e+00,9.907585534222798085e-01
1.204741954800000014e+00,1.017086602626335434e+00
7.920839786529999538e-01,9.026229541262988931e-01
1.227027416229999890e+00,8.951392344994343331e-01
1.226951003070000157e+00,8.962054646785336809e-01
1.131343960759999989e+00,1.000311601704902964e+00
1.252465009690000075e+00,9.792206098153094507e-01
1.116891980170000132e+00,1.007232292537783236e+00
1.122387051579999850e+00,9.902151917696594419e-01
1.040153026579999862e+00,9.675527400573497028e-01
8.091310262680000420e-01,9.849339768914223692e-01
7.681059837340000751e-01,9.596091516669291721e-01
7.982919812199998910e-01,9.581631648732371609e-01
7.666722536090000428e-01,9.794500586070518100e-01
1.057360053060000027e+00,9.895011287072974504e-01
8.607699871060000563e-01,1.011993143576497278e+00
1.070777058600000053e+00,1.031406530113320619e+00
5.301510095600000527e-01,9.936995966097550426e-01
6.604189872739999467e-01,1.010756334303104742e+00
9.909179806709998983e-01,9.330539917060424182e-01
3.561530113220000016e-01,1.026399819857726659e+00
9.618239998819998471e-01,9.974073168953369040e-01
1.244829058649999931e+00,9.760119428792687346e-01
8.381230235100001202e-01,1.092445284802577410e+00
9.245989918709999200e-01,1.008247567907734288e+00
8.131660223010001021e-01,9.973918379142699964e-01
1.003061056139999963e+00,1.000414780067833576e+00
8.752340078350000496e-01,9.707308999524650872e-01
7.991399765009998823e-01,1.018721060079686103e+00
8.812961578369999938e-01,9.801760353695154748e-01
1.063080191609999892e+00,9.992165469831328917e-01
9.057049751279999672e-01,1.007893177243720961e+00
6.909559965129999926e-01,1.014574893196001693e+00
1.355970025060000195e+00,9.807464904791901583e-01
7.572399973869999856e-01,1.005563380664312056e+00
2.043754577640000125e+00,1.037788570026570767e+00
8.576130270960000690e-01,1.000762037051202702e+00
2.364957094190000220e+00,1.113980036525163309e+00
4.179231166840000178e+00,9.305191934810436161e-01
2.233561992649999883e+00,1.364267962614725160e+00
8.013390302660000630e-01,1.098052720326966547e+00
8.372840285299999463e-01,7.897332359531991086e-01
8.851529955859999133e-01,7.829712133516869565e-01
9.040349721909999303e-01,8.028075586237601868e-01
1.302939534190000082e+00,9.158117837367193426e-01
7.228699922560000157e-01,1.025712553411819661e+00
8.009120225910000279e-01,1.025621899176586416e+00
1.032919287679999965e+00,9.411426879489620534e-01
1.321628212929999879e+00,1.016668913135994279e+00
9.367759823799999275e-01,1.010820992829354781e+00
7.007700204850000336e-01,1.030156578292859670e+00
7.624319791789999634e-01,9.574592542432031061e-01
1.144938945770000105e+00,9.668991288679347207e-01
7.721610069269999599e-01,9.917244858091981419e-01
8.772150278090000697e-01,1.023045810415854406e+00
1.243505001070000171e+00,9.762627986985860096e-01
6.381840109830000385e-01,1.036149728032486061e+00
7.468199729919999807e-01,9.994802581496082805e-01
6.839929819109999976e-01,9.462859986507138332e-01
1.419505119320000119e+00,1.008430055648784407e+00
6.141470074649999500e-01,9.990016842685475185e-01
7.347676754000000976e-01,1.066239231738855153e+00
6.770560145379999062e-01,9.273438176510325759e-01
1.074026942249999950e+00,1.023705013025784538e+00
6.156389713290000287e-01,9.710918306696352253e-01
9.692379832270000550e-01,1.042627874796216103e+00
9.916120171550001361e-01,9.731934357854326034e-01
8.089560270310000023e-01,1.053223400547796507e+00
2.435143947599999859e+00,9.821539716066913783e-01
8.223479986189999869e-01,1.088471567256210637e+00
5.938220024110000272e-01,1.116522644382277774e+00
5.762249827380000466e-01,8.206462906081750663e-01
4.224239885809999429e-01,9.851359953044238615e-01
6.765879988670000511e-01,8.866901025913735968e-01
5.520349740979999531e-01,9.920175728365077106e-01
9.015229940410000031e-01,1.038076976970329746e+00
7.489960193629999763e-01,1.016863252217070190e+00
8.627583980560000754e-01,1.060924629455386459e+00
9.480749964710000199e-01,1.000047138810315817e+00
1.055613875389999956e+00,1.037475603956436343e+00
1.970020055770000056e+00,1.012511304591269701e+00
9.391199946399999554e-01,1.071393695177637939e+00
1.009042978289999892e+00,1.067813938194232204e+00
7.824029922490001177e-01,8.955938217225087872e-01
1.016265034679999957e+00,9.923486372882666107e-01
8.782749772069999850e-01,9.127452998074803148e-01
7.353619933130000064e-01,1.016435575549930581e+00
1.109990954399999952e+00,9.706763387526774478e-01
7.727199792860000027e-01,1.006377956865418533e+00
1.164981961250000086e+00,1.018362190483570018e+00
7.157210111620000426e-01,9.805424640583446649e-01
1.475479006770000101e+00,1.036247538894633502e+00
8.354520201680000202e-01,9.705897962599698836e-01
7.344660162930000125e-01,1.068024551994595006e+00
7.861927747729999805e-01,9.099812037192254177e-01
1.143465042110000107e+00,1.003098378862420370e+00
9.246990084649998609e-01,9.793759992846396978e-01
2.958764553069999970e+00,1.033794800056724750e+00
2.138324022289999959e+00,1.111952518389976330e+00
2.038712024690000124e+00,1.227060318375110759e+00
1.480209946629999829e+00,9.320251031997730529e-01
9.367650747299999248e-01,9.980542025434223641e-01
1.715939760209999942e+00,8.009993663870468295e-01
1.001402020450000041e+00,9.061618040319199263e-01
8.896229863169999863e-01,9.874594170190678089e-01
7.492939829829999843e-01,8.842234697862837445e-01
1.115183949470000213e+00,9.822685222278682016e-01
9.457820057870000019e-01,9.438716433828686636e-01
6.452180147170000213e-01,1.025577541704140838e+00
1.164842009540000056e+00,9.701195894592401503e-01
1.244351029399999975e+00,9.978432743400386107e-01
9.045109748840001185e-01,1.046350986870759225e+00
5.575259923929999362e-01,9.938464646143972958e-01
5.778343677520000332e-01,9.686318135984235411e-01
7.199835777280000348e-01,9.432003646304699673e-01
7.607790231700000128e-01,9.795876593780895591e-01
5.404400229450000426e-01,1.011741047684752592e+00
8.009672760959999360e-01,1.015400060722239761e+00
7.710149884220000027e-01,1.003627378442675688e+00
6.709719896319999988e-01,1.035216125383046526e+00
2.768970489500000021e+00,9.986052044152952112e-01
3.086133003230000060e+00,1.129901624910932156e+00
1.116358041760000086e+00,1.305902632751704484e+00
1.018260955809999979e+00,9.964330892668489259e-01
7.442610263819999794e-01,8.304917541864816899e-01
1.114386796949999869e+00,8.700733923873645859e-01
1.380516409870000238e+00,8.433024540604935337e-01
1.229098439219999950e+00,1.039215458652568813e+00
1.573238968849999919e+00,1.019368481608138755e+00
1.245597958560000107e+00,1.018400834381047781e+00
8.298619985580000247e-01,1.018754922128344065e+00
5.376980304720000436e-01,9.220690358997066793e-01
8.593800067899999284e-01,9.243347497225606890e-01
7.949647903440000274e-01,9.332444345028015897e-01
8.122889995569999577e-01,1.005438035598073210e+00
1.209460973739999945e+00,9.952453872477586838e-01
1.043611049649999956e+00,1.041730351542582866e+00
9.914460182189999138e-01,1.039827925179124923e+00
1.377645969390000058e+00,9.886740010553742852e-01
7.495359778399999229e-01,1.020263266855955697e+00
7.549669742579999676e-01,9.986508110153179407e-01
8.522210121150000095e-01,9.232506352761415958e-01
1.312628030780000010e+00,9.970285611037109641e-01
9.499999880789999906e-01,9.966494667586810463e-01
8.433979749680000637e-01,1.046707561929978825e+00
6.329939961430000039e-01,9.676575166840075681e-01
6.848490238189999246e-01,9.834177915516135737e-01
8.296039700509999504e-01,9.482140758411012893e-01
1.117776036259999994e+00,1.003805655535858321e+00
1.060515046120000138e+00,1.028566333429460800e+00
9.966710209850000446e-01,1.047086947963519643e+00
6.726049780850000825e-01,1.007119201476349035e+00
8.499810099600000335e-01,9.858496195908200699e-01
7.929700016980000266e-01,9.554622624031017253e-01
7.509549856190000927e-01,1.003563519294059514e+00
9.556260704989999466e-01,9.825738470084014464e-01
6.085839867589999397e-01,1.016420498911388082e+00
7.782499790189999489e-01,1.009821421398558572e+00
5.098140239720000411e-01,9.730145374994741969e-01
6.364319920540000286e-01,1.014975712224855497e+00
6.015599966049999248e-01,9.669777455803633126e-01
6.556333899499999784e-01,1.027226905811587709e+00
6.385549902920000243e-01,1.001154324393087602e+00
8.762890100480000832e-01,1.026899234119932114e+00
7.967479825020000739e-01,1.020688201361616976e+00
6.824830174449999509e-01,1.039517837470844697e+00
8.025500178340000401e-01,1.000615995520778512e+00
7.950311899190000142e-01,1.006866224601717041e+00
1.584897041320000088e+00,1.010931620829440547e+00
1.017485976220000143e+00,1.040688672698516948e+00
9.177780151369998585e-01,1.080849001807768106e+00
1.230221033100000083e+00,9.449495028008197961e-01
1.027899026870000121e+00,1.012920266611224918e+00
9.125559926030000213e-01,9.818020627601018457e-01
7.935979962350000472e-01,9.671489399675634591e-01
1.030437946320000187e+00,9.820931262054745092e-01
5.325379967690000438e-01,9.733118445167271426e-01
6.127780079839999505e-01,9.965187375861641605e-01
8.741289973260000234e-01,9.451827844406720525e-01
3.667230010029999820e-01,1.021989423975838474e+00
7.391750216480000857e-01,9.966811289700451271e-01
5.604230165479999748e-01,9.792865940413337800e-01
7.758178114889999755e-01,1.048409852503628059e+00
8.102909922600001202e-01,9.852982115619931536e-01
6.437510252000000488e-01,1.057116413217133344e+00
7.236457467079999706e-01,1.004636472103862310e+00
9.113870263100000146e-01,1.004482713672185223e+00
6.627830266949999993e-01,1.020783873398070751e+00
1.002035975460000117e+00,1.013693900448082275e+00
8.224419951440000709e-01,1.001241657810472363e+00
1.030576944350000135e+00,1.039828959599200076e+00
6.781139969830000114e-01,9.867134097439764773e-01
5.333459973340000104e-01,1.024125004194800237e+00
3.209959864620000047e-01,9.471653213315102127e-01
7.608630061149999069e-01,9.783809900614841570e-01
7.439860105509998878e-01,9.782977392042599973e-01
5.468400120740000148e-01,1.056467071645267541e+00
7.004669904709999173e-01,1.011298280065150434e+00
8.356525897980000561e-01,1.019712473654021734e+00
1.274258971210000091e+00,1.026810243008647427e+00
8.934450149539999719e-01,1.041462056412741255e+00
6.211659908290000365e-01,1.056870783544492376e+00
7.900159955019999680e-01,9.622120417504496093e-01
1.067494988440000014e+00,9.797104885798973983e-01
6.698009967800000464e-01,1.001531325313480325e+00
1.265694975850000015e+00,1.013087445370977946e+00
6.380620002750000408e-01,9.997602099707697532e-01
9.348030090330000652e-01,1.047634677532659264e+00
8.006410002709999363e-01,9.311753792680034225e-01
1.085708975790000030e+00,1.041427128732911100e+00
3.527039885520000251e-01,9.705307332824000266e-01
5.883709788319999578e-01,1.020406344263926623e+00
4.875420033929999120e-01,9.236808822669718699e-01
4.636880159380000754e-01,1.023822799691978203e+00
3.637039959430000136e-01,9.694771681990335122e-01
8.750243186949999696e-01,1.025491087340349994e+00
6.435279846190000708e-01,1.023188303831356727e+00
4.834130108359999678e-01,1.069599471320174855e+00
2.120890021319999930e-01,9.945820521763814037e-01
4.560469985010000005e-01,1.005894290470460861e+00
4.367910027499999903e-01,9.744969347431232665e-01
7.238804101939999569e-01,1.036061421260280557e+00
5.560690164570000205e-01,1.030064706034949040e+00
4.748429954049999679e-01,1.066442478328795795e+00
2.674640119080000100e-01,1.004047033062275052e+00
9.588437080379998978e-01,1.010582457364934905e+00
7.868980169300000549e-01,1.009273572609212133e+00
1.794360995290000149e+00,1.086947193689688396e+00
1.337677955630000026e+00,1.057073944939602272e+00
1.210453987120000185e+00,1.141865283461781289e+00
5.654799938200000264e-01,9.507324796292172531e-01
4.008429944520000565e-01,9.756525972967036164e-01
2.727654874320000200e-01,8.647919636298007084e-01
5.836449861529999783e-01,9.445774811115172920e-01
8.533802628519999711e-01,9.693849705569561603e-01
8.660610318179999823e-01,1.060207510424039379e+00
1.158349990839999899e+00,1.059477872483276739e+00
7.764859795569999390e-01,1.054907358982530630e+00
1.068807005880000105e+00,1.038062664893345310e+00
5.888479948040000744e-01,9.734868253251247605e-01
1.588868498799999918e+00,1.015057446499312066e+00
4.327859878540000205e-01,9.737845184274915855e-01
3.996030092239999942e-01,1.073977850731422823e+00
5.545349717140000134e-01,8.623557086399538107e-01
6.221979856490000849e-01,1.020343809921524514e+00
1.149551987649999996e+00,9.665135339530712688e-01
1.121260046960000034e+00,1.055789272451323813e+00
9.776459932330001656e-01,1.089584453263308550e+00
1.732741951940000025e+00,1.016000877184976003e+00
2.302707910540000125e+00,1.043305177442460874e+00
1.053477048870000043e+00,1.114575100971898935e+00
7.962800264360000435e-01,1.012176249391185223e+00
5.203329920770000117e-01,8.634531501883018212e-01
6.104800105090000262e-01,9.116734529864127801e-01
4.453057944770000276e-01,8.773670689649469834e-01
6.522138714790000069e-01,9.883258933731441376e-01
1.175541162490000069e+00,9.908353996159252608e-01
1.032202124599999937e+00,1.065088640692811728e+00
7.193930149079998948e-01,1.069569956749144790e+00
8.200139999390000378e-01,1.003524917945520123e+00
9.497330188749999458e-01,9.861636257044350540e-01
1.039114952089999822e+00,9.954059470618540351e-01
5.883830189700000046e-01,1.007371454224571972e+00
9.508559703829999599e-01,1.003794105231093692e+00
5.277600288389999728e-01,9.688969801295156392e-01
7.736063003540000205e-01,1.017415200519130369e+00
9.703559875489999875e-01,9.501443349697811236e-01
1.383889913560000018e+00,1.052457515060486903e+00
7.795230150220000542e-01,1.035350178265141752e+00
6.069999933240000090e-01,1.048035551876799421e+00
4.660570025440000097e-01,9.374318823331648787e-01
9.455270171170000459e-01,9.695447684015642276e-01
6.238729953770000280e-01,9.656830417988745419e-01
3.923240005969999555e-01,1.043662994220355023e+00
5.156549811360000568e-01,9.730349096789424612e-01
9.679385423659998544e-01,1.004263451050160461e+00
1.356565952299999989e+00,1.021917188705207646e+00
9.072690010070001421e-01,1.082691846342261677e+00
8.162760138510000152e-01,1.060255318807855396e+00
2.479866981509999846e+00,9.756686751819663161e-01
1.133080005649999888e+00,1.078275207630660315e+00
1.045583963389999926e+00,1.106480073195342140e+00
8.474370241169999485e-01,8.639464761404255233e-01
1.536522984499999911e+00,9.974962197868612046e-01
9.008989930149998715e-01,9.073905149717641505e-01
4.812009930610000041e-01,1.036850927159314928e+00
8.572540283199999722e-01,9.077172711376738645e-01
8.617479801180000232e-01,9.716006839080247870e-01
1.008694052699999899e+00,9.947697530812823485e-01
1.127727031710000105e+00,1.003904593020189973e+00
7.795569896699999779e-01,1.049588004709817834e+00
9.895502924919998833e-01,1.002490731773303834e+00
8.363329768179998958e-01,9.731826121020150655e-01
9.099559783939999980e-01,1.008679183259414192e+00
5.511059761050000061e-01,9.694330069732676192e-01
1.239764332770000088e+00,1.000846904866078413e+00
1.211838960649999963e+00,9.808101017982097103e-01
1.379981994630000042e+00,1.079015410104436912e+00
1.148460984229999982e+00,1.008241388527452154e+00
7.663900256160000035e-01,1.039086045381053092e+00
9.660840034480000504e-01,9.410161398714439462e-01
8.156750202179999798e-01,9.468199165572935838e-01
1.142272949220000111e+00,9.825653385973368570e-01
1.299479961400000105e+00,9.792626691181413046e-01
8.583310246469999516e-01,1.053405322203283534e+00
7.149469852449999996e-01,9.974333362472547204e-01
8.764400482179999230e-01,9.537623024735700783e-01
8.305460214609999836e-01,9.732640120152421526e-01
8.535240292550000385e-01,9.861822601530599863e-01
9.092410206789999227e-01,9.963403397284468221e-01
5.202720165249999917e-01,1.015402106448714203e+00
7.411040067669999454e-01,9.908047194166081928e-01
5.853319764140000325e-01,9.674311657560181743e-01
5.047770142559999673e-01,1.017001993120018266e+00
5.519493222240000607e-01,9.746083835451225807e-01
9.697520136830000137e-01,1.013642784050599932e+00
1.116515994070000017e+00,1.026753294725773369e+00
1.049844980239999837e+00,1.070254194766596667e+00
6.342629790310000404e-01,1.040562919040565193e+00
5.644329786300000817e-01,1.001157031701196409e+00
9.184709787369998990e-01,9.461859046365271864e-01
9.593539834020000656e-01,9.878043592341941848e-01
5.984159708020000412e-01,1.026651504097337408e+00
9.383450150489998087e-01,1.006575022711881040e+00
4.542250037189999867e-01,9.947136188900836951e-01
7.079470157619999204e-01,1.014695028760645545e+00
3.876500129699999575e-01,9.487551924870932796e-01
4.484339952469999502e-01,1.032042268459059109e+00
8.405709862710000202e-01,9.591944827580106692e-01
5.337110161779999862e-01,1.045821552571152946e+00
7.211350202559999589e-01,1.038762060619922156e+00
5.215386152269999576e-01,1.004180261109008265e+00
7.050759792330000275e-01,1.039373223480071440e+00
6.405649781229999506e-01,9.840669498731514642e-01
5.168589949609999623e-01,1.037602096537052487e+00
1.660409450529999997e+00,9.957424571815314263e-01
2.465307950970000217e+00,1.059803581700743846e+00
1.622156023979999917e+00,1.196836675321388155e+00
1.866270065309999948e+00,1.091839252622285317e+00
3.623536109919999859e+00,9.753572976717238552e-01
7.948709726329999947e-01,1.137391401123752255e+00
9.065989851949999290e-01,1.003338782442617205e+00
8.571879863740000660e-01,6.813218047918520037e-01
7.756379842759999477e-01,9.624286045042381721e-01
7.006700038909999817e-01,8.148733344283821678e-01
6.443409919740000769e-01,9.929278117580800922e-01
7.579550147059999077e-01,9.858235461507026676e-01
5.499600172040000068e-01,9.969350705903615717e-01
4.964669942860000518e-01,1.008738271134500986e+00
1.367677569390000070e+00,9.844325996099361209e-01
1.397894024850000250e+00,1.043767948892250441e+00
8.148130178450000427e-01,1.108006956332340032e+00
1.278898954390000009e+00,1.007760082353450937e+00
8.623980283740000363e-01,9.882790035161338471e-01
1.093865990639999897e+00,1.004847753760801154e+00
8.134710192680000285e-01,9.319589653693856057e-01
1.466687083240000078e+00,1.020768512671774264e+00
9.060310125349999577e-01,9.736365386828069735e-01
7.652140259739999006e-01,1.053811985722580058e+00
1.311033964160000176e+00,9.224469889819671975e-01
7.892500162119999718e-01,1.015096793638299078e+00
1.474902033810000068e+00,1.000947116522699076e+00
9.167850017550001063e-01,9.749810776753906616e-01
1.186140060420000086e+00,1.064873749993043850e+00
1.411391973500000008e+00,9.262317069566214922e-01
2.092472076419999993e+00,1.052379872402896988e+00
7.189220190049999681e-01,1.032693199145296559e+00
1.301861047739999888e+00,1.028953328518058985e+00
1.268974781040000055e+00,8.661316962061290647e-01
1.221997022629999874e+00,1.035807892593644697e+00
9.061110019679999850e-01,9.203557501567637411e-01
1.078873991970000112e+00,9.992484126470531081e-01
1.028025031089999874e+00,9.483345516911950712e-01
7.863690257070000689e-01,9.934028577919016278e-01
1.276852965350000035e+00,9.635529980093324731e-01
7.093420028689999546e-01,9.945446675033280393e-01
5.201929807659999572e-01,1.019370462734305871e+00
5.645610094070000473e-01,9.220120434728403813e-01
9.855200052259998067e-01,9.859032895692035892e-01
1.092841982840000004e+00,9.908218886976135620e-01
4.786899983879999709e-01,1.060549482940957855e+00
3.955059945579999514e-01,1.013235990064874414e+00
1.850703001020000071e+00,9.514541253668213905e-01
1.195796012879999815e+00,1.048129675187279286e+00
1.702510833739999896e+00,1.122161851716535264e+00
2.998351097109999586e+00,9.922142146078223313e-01
2.407080888749999925e+00,1.196172137408759273e+00
2.585943937299999718e+00,1.098192677622161995e+00
2.233839035029999920e+00,9.855148444732698687e-01
1.655773043629999997e+00,1.006678223519003712e+00
1.430611014370000156e+00,8.397500650938334310e-01
8.921740055079999676e-01,8.564397563144469094e-01
1.231696963309999893e+00,8.573763077798802756e-01
8.955079913140000514e-01,8.739694886602661361e-01
1.602033019070000064e+00,9.757386274179914443e-01
1.585399031639999956e+00,9.629666124792455317e-01
1.232059955600000034e+00,1.087122028128189033e+00
1.210371017459999976e+00,9.716057795032126965e-01
1.242141008379999967e+00,9.711410722149104169e-01
9.857040047650000858e-01,9.593444441119572952e-01
7.289689779279999726e-01,9.515920598380901430e-01
6.761519908910000876e-01,9.418024140355418794e-01
1.071573019029999907e+00,9.483047818849064114e-01
9.457439780239998983e-01,9.844216770174477604e-01
4.376370012759999706e-01,1.030496187724012858e+00
5.141820311550000522e-01,9.778565508069922974e-01
3.387190103530000052e-01,9.602203699271406601e-01
7.144280076029999593e-01,9.854537674940465619e-01
4.996199905870000180e-01,9.849980453175105621e-01
7.917379736899999854e-01,1.058469534493884145e+00
8.646243214609999894e-01,1.008576141857954633e+00
6.024960279459999901e-01,1.068793253817328814e+00
1.260069966320000123e+00,1.007075473042166047e+00
1.012339949610000067e+00,1.023694206661836636e+00
1.004528999329999950e+00,1.068845913076302834e+00
6.310235261919999727e-01,9.764549446006560718e-01
1.141221046449999887e+00,1.005897111854821668e+00
5.426099896430000014e-01,9.546896851862296529e-01
8.547459840769999762e-01,1.023447754723568082e+00
7.744219899179999311e-01,9.374913729767444526e-01
3.084340095520000102e-01,1.046491763815288412e+00
8.376209735870000506e-01,9.547471239363329865e-01
7.293469905850000767e-01,9.891903777949413445e-01
7.503905892370000830e-01,1.051493222748365319e+00
1.134822010990000019e+00,9.934296041714558712e-01
1.614240050320000064e+00,1.056160403957899119e+00
1.244793057440000128e+00,1.070555875029294723e+00
7.141630053519999466e-01,1.055348014816325231e+00
7.293040156360000026e-01,9.554252127434781361e-01
6.486989855770000091e-01,9.295152926022338669e-01
3.427990078929999962e-01,9.484606209669868004e-01
3.861860036850000011e-01,9.528818971193331322e-01
6.366299986840000535e-01,9.758149399444489003e-01
3.990480005740000280e-01,1.018740321563624818e+00
4.178859889509999870e-01,1.029320544387353431e+00
1.103790521619999909e+00,1.007175942590164519e+00
6.956189870829999622e-01,1.058398900564776479e+00
8.070139884950000564e-01,1.072698697473889018e+00
5.947690010070000310e-01,9.918147381715218813e-01
1.107607960700000005e+00,1.034578707303352996e+00
9.713580012320001122e-01,9.803392193049175196e-01
7.170349955560000321e-01,1.062775384178854088e+00
6.764810085300000386e-01,9.808239909554228309e-01
1.687772989270000190e+00,9.902195546711299867e-01
9.907569885250001596e-01,1.026156500327185528e+00
8.082039952280000161e-01,1.079812655732500737e+00
1.087718963619999979e+00,9.335717147600500754e-01
1.564818024639999861e+00,1.009359865665177880e+00
6.673809885979999912e-01,1.002149810159275178e+00
1.256489992140000123e+00,1.013681223034098577e+00
1.091886043549999963e+00,9.367942614692377212e-01
7.375509738919999725e-01,1.048085710693315464e+00
6.224380135540000802e-01,9.247468272049498283e-01
8.364729881290000613e-01,9.729175346672717106e-01
5.774260163309999916e-01,9.686968140421460260e-01
1.015761017800000054e+00,9.965391186949368318e-01
1.106158971790000001e+00,9.965158898482089356e-01
6.945540308949998964e-01,1.068852363917310866e+00
1.130903959270000092e+00,9.974429106338813522e-01
9.518219828609998379e-01,9.949169570616970271e-01
7.524570226669999862e-01,1.032462033936593526e+00
5.585229992869999993e-01,9.583313348851811853e-01
1.415836334229999771e+00,9.837028198494853770e-01
1.855298042299999839e+00,9.972920799874236408e-01
7.845479845999999702e-01,1.117827331746579222e+00
8.210539817810000862e-01,1.022440743742050850e+00
5.835890173909999978e-01,9.153926160185530403e-01
8.359720110889999889e-01,9.617022153170310395e-01
2.184663057329999880e+00,9.165004730170971392e-01
6.805480122570000123e-01,1.103774809123101885e+00
1.238904953000000031e+00,1.097969535897955318e+00
1.030328035349999949e+00,8.899656158727992095e-01
7.914109826090000022e-01,1.063204528819176709e+00
8.423720002169999832e-01,8.836390081541057873e-01
4.464710056779999658e-01,9.909806757000899635e-01
5.589337944979999584e-01,9.657793031791499505e-01
7.099329829220000221e-01,9.481460629041266186e-01
7.334340214730000751e-01,1.019857727714920115e+00
7.833399772640000647e-01,1.015871397391830522e+00
8.426809906959999985e-01,1.031305944181334810e+00
1.099761009220000085e+00,1.027640428509757120e+00
8.706315755840000614e-01,1.027862795890748471e+00
5.862460136410000411e-01,1.029466683085819678e+00
8.863990306849999223e-01,9.713582444947351791e-01
1.019399046900000050e+00,9.822893705345498994e-01
8.493610024450000129e-01,1.021890219594968841e+00
1.010666966439999870e+00,1.008160103541571262e+00
1.331516027449999973e+00,1.008910463604506758e+00
1.215008974079999859e+00,1.033628052438866574e+00
1.645591020579999952e+00,1.025850602863835892e+00
9.708780050280001461e-01,1.018760860643999289e+00
1.411272048950000135e+00,1.019749318113014391e+00
7.953929901119999313e-01,9.243732759833694912e-01
1.046331048010000098e+00,1.007349820270870833e+00
8.879339694979999642e-01,8.954110586616710332e-01
8.349300026890000836e-01,1.017181015928164234e+00
9.847199916840001510e-01,9.453751076922178864e-01
1.090394020079999970e+00,1.006407358943661068e+00
4.901649951929999971e-01,1.010312834328580989e+00
6.141669750209999279e-01,9.890521299898912266e-01
6.314740180969999894e-01,9.417898224358490777e-01
8.252440094949999860e-01,1.004067334156803604e+00
1.051450967789999913e+00,9.912099990499992908e-01
1.047114968300000060e+00,1.054936336725217361e+00
3.921430110930000379e-01,1.043106926693076364e+00
4.695149958129999912e-01,9.930825449974179930e-01
7.720900177959999500e-01,9.345677032865361555e-01
7.520099878309999264e-01,1.004340498349557187e+00
6.877393722529999698e-01,1.016627745143881212e+00
6.718119978899999012e-01,1.026038240503575283e+00
1.185933232310000029e+00,1.018058874014755366e+00
6.571980118750000432e-01,1.024815002026303823e+00
8.213180303569999063e-01,1.043587016334726281e+00
7.795739769939998842e-01,9.617937203178974492e-01
1.030122995379999962e+00,1.029612386455797557e+00
6.211889982220000217e-01,9.835458063607736001e-01
8.660820126530001106e-01,1.026180117902596667e+00
9.608931541440000057e-01,9.680566582737692993e-01
6.760399937630000577e-01,1.036386905074174969e+00
7.402380108830000083e-01,9.881848423005654691e-01
5.984709858890000511e-01,9.880956494937598311e-01
6.151059865950000427e-01,1.000486739514832246e+00
9.358735680579999272e-01,9.765560793433180065e-01
5.818247795100000008e-01,1.025058930205607011e+00
7.156659960750000327e-01,1.028460836570522341e+00
6.529520154000000298e-01,9.835360694449931662e-01
9.700022935870000751e-01,1.027593056722849951e+00
7.834500074390000623e-01,9.990581959209064999e-01
7.448130249979999506e-01,1.046023965452781201e+00
8.276180028919999376e-01,9.883238403220384605e-01
8.943400979039998200e-01,1.013248929824961619e+00
2.505017042159999985e+00,1.004058821535714907e+00
1.620712041850000062e+00,1.104548696006677710e+00
1.417585968970000110e+00,1.166303177669806512e+00
1.049872040749999957e+00,9.219371535551361685e-01
1.226507544519999993e+00,9.797631017284899047e-01
1.043179035189999881e+00,8.693873904621114423e-01
9.694439768789999690e-01,9.678387881666127290e-01
8.192250132559999454e-01,9.447212415446776257e-01
8.129550218580000598e-01,9.768782479542439390e-01
6.712080240250000163e-01,9.603483259130751737e-01
5.289899706839999993e-01,9.818475143210865230e-01
3.461930155749999849e-01,9.711190331267117726e-01
4.789490103719999392e-01,9.791197847368405816e-01
1.153810977940000093e+00,9.848250549902063389e-01
9.671270251270001062e-01,1.050955323405111441e+00
7.845839858059999727e-01,1.088576961707725443e+00
4.701859951019999873e-01,1.009932623305969779e+00
5.632782578470000301e-01,9.963069593404838553e-01
2.416239976880000251e-01,9.482635181985823447e-01
2.709859907630000064e-01,9.892245913873664032e-01
1.994680017229999991e-01,9.680356188830788744e-01
1.327169984580000017e-01,1.023612171918562463e+00
4.732620120050000101e-01,1.006211178690911145e+00
6.585559844969999244e-01,1.041952397886992232e+00
9.621880054470000054e-01,1.079058760523064597e+00
5.111979842189999790e-01,1.074345627510602030e+00
9.829789996150000153e-01,1.065107377314591819e+00
9.100099802019999684e-01,9.953986251903532700e-01
1.026576042179999870e+00,1.062506348389969713e+00
8.309389948840000262e-01,9.912661237344693177e-01
9.651920199390000565e-01,1.031242132567882663e+00
1.000543951989999902e+00,9.777749273400423435e-01
1.983185052869999687e+00,1.014895617316325938e+00
1.274855017659999978e+00,1.047337032199687989e+00
1.286525964740000028e+00,1.092199461912210401e+00
1.382244944570000245e+00,9.312067139071720234e-01
1.736924052240000016e+00,1.010112093770836994e+00
1.257668018339999971e+00,9.666188155080447375e-01
7.533379793170000838e-01,1.004977791540634158e+00
1.084908962249999886e+00,9.103975757556651560e-01
1.062494039539999990e+00,9.303546839608269892e-01
7.787629961969999570e-01,9.803137575232862000e-01
8.256469964979999965e-01,9.623786194199781541e-01
9.891830086710000636e-01,9.804747644431250908e-01
1.418092012410000047e+00,9.976060893529881124e-01
1.151677966120000063e+00,1.026198963086984772e+00
1.250364065170000094e+00,1.047857215102379280e+00
8.794019818310000458e-01,9.861012745229400522e-01
1.089423060420000144e+00,9.943086270586555253e-01
1.809062957760000145e+00,9.357086534372003328e-01
8.687390089040000207e-01,1.045375166100875441e+00
8.521729707719999380e-01,1.022767704147423684e+00
1.307837963100000112e+00,9.043108441482805571e-01
1.262575984000000151e+00,1.008321156222576898e+00
7.601559758189999627e-01,9.901935557303772617e-01
1.069887042049999959e+00,9.804926128515225603e-01
8.579840064049999437e-01,9.633599317093526349e-01
1.149323940279999956e+00,9.980235757186636247e-01
1.067142963410000034e+00,9.644268343702270263e-01
7.400619983670000401e-01,1.039290217317294651e+00
6.799880266190000411e-01,9.675207962557086372e-01
7.323921322820000634e-01,9.643881971884841198e-01
8.352749943730000126e-01,9.756445507917690385e-01
6.000829935070000065e-01,9.944896479501469377e-01
1.010563969610000168e+00,1.009598712972775258e+00
7.613970041280000434e-01,1.002323231474821608e+00
7.260069847110000030e-01,1.043694943962116151e+00
1.064324021340000037e+00,9.734614730929933568e-01
5.901079773899998715e-01,1.028147776084713971e+00
7.744659781460000447e-01,1.008899365741651399e+00
7.406870126719998781e-01,9.624030811500544624e-01
8.908360004430001533e-01,1.027373359878702042e+00
7.620100975040000613e-01,9.874439717016568752e-01
7.774500250820000069e-01,1.029690328472235628e+00
5.811070203779999943e-01,9.923852683956974063e-01
7.908779978749999051e-01,1.002038972404269979e+00
8.903719782829999652e-01,9.832338311797592656e-01
7.882059812549999656e-01,1.032309584072559794e+00
7.301949858670000459e-01,1.012178243879305883e+00
9.248933196070001639e-01,1.005905370833398704e+00
1.265586972239999941e+00,1.006061062080259028e+00
7.884140014650000694e-01,1.035266748415994309e+00
9.180610179899998391e-01,1.026178218984626023e+00
6.569269895549999516e-01,9.653814535107266837e-01
8.252680301670000107e-01,1.001477923872029940e+00
4.257229864599999525e-01,9.505621719439014683e-01
9.114630222319998198e-01,1.007861246085918205e+00
7.238519787790000937e-01,9.695616297906025638e-01
9.657319784160000031e-01,1.058146863442652963e+00
7.194200158119999911e-01,9.911189314305383080e-01
7.146480083470000411e-01,1.047117065291480964e+00
6.188799738879999790e-01,9.696031272306561144e-01
8.502969741820000094e-01,1.004545027578274574e+00
6.113014817240000065e-01,9.898168613003157645e-01
8.405809998509999881e-01,1.024451029136065561e+00
5.909900069240000553e-01,9.916465052265682756e-01
1.191807866100000002e+00,1.031032170201546139e+00
1.072478055950000009e+00,9.975086638352359536e-01
7.976800203319999172e-01,1.079904047392627353e+00
7.140370011329999489e-01,9.807424915445211999e-01
8.885610103609999921e-01,9.879163242326419736e-01
7.367290258409999737e-01,9.757724866133584696e-01
9.655410051350000744e-01,9.984718614437414486e-01
8.569459915160000385e-01,9.969685443990722318e-01
5.838339924809999859e-01,1.031420159078104914e+00
3.047562122340000457e+00,9.765495309692446835e-01
8.865389823909999301e-01,1.123352914382961032e+00
1.186460971829999878e+00,1.189123031464573987e+00
8.750730156899999557e-01,8.005746600529614065e-01
1.111973047260000014e+00,1.055122740061345432e+00
6.929270029070000447e-01,8.373863548908928589e-01
5.632749795910000357e-01,1.010760997530170568e+00
5.519689917560000048e-01,9.287338583819431115e-01
9.211350083349998386e-01,9.836874054998719918e-01
5.465030074119999748e-01,9.936134517520848197e-01
9.997850060459999577e-01,1.035812416682739379e+00
7.512239813800000166e-01,9.965509615859341475e-01
8.402569890019999654e-01,1.060719755605844528e+00
7.843149900439999600e-01,9.724618981783778038e-01
5.915480256080000165e-01,1.029394856289049143e+00
6.109840273859999948e-01,9.768017260281497416e-01
9.328789710999999540e-01,9.860394538890905336e-01
7.992020249369999885e-01,1.014241567179139158e+00
9.833549857140000405e-01,1.034062968386969317e+00
5.405290126799999761e-01,1.011727414562967997e+00
1.093670010570000128e+00,1.021179591885267968e+00
9.266330003740002041e-01,9.692905712161888898e-01
7.972419857979999858e-01,1.058914786783232920e+00
5.896059870719999596e-01,9.699874234992477140e-01
7.799540162090000672e-01,1.001240456742803708e+00
5.182790160179999717e-01,9.681287732277913394e-01
7.263879776000000676e-01,1.004932454983326728e+00
6.216366887090000182e-01,9.816370280004134141e-01
8.810679912569999717e-01,1.035137417264534010e+00
7.315016984940000411e-01,1.002255374482334371e+00
9.703850150109999406e-01,1.044940279939853056e+00
8.715350031849999901e-01,1.002202156189585747e+00
5.505740046500000595e-01,1.039250875858740653e+00
2.576299905780000121e-01,9.764254088208375038e-01
6.952109932899999123e-01,9.636319522783670655e-01
3.547430038449999601e-01,9.737940181738831136e-01
1.308350920679999918e+00,1.030953917285943655e+00
1.424710035319999957e+00,1.020457879904180354e+00
2.422243118290000385e+00,1.154660352197717454e+00
1.588093161580000023e+00,1.094516571505471658e+00
2.882889986040000352e+00,1.132615240900628706e+00
1.510810017590000109e+00,9.920532253081908447e-01
5.103110075000000245e-01,1.080662187241426819e+00
6.637499928469999810e-01,7.354299428748668488e-01
5.865659713749999948e-01,8.630691348974399713e-01
9.182999730110000813e-01,8.822121824938375934e-01
1.126363039020000123e+00,9.585138011972078598e-01
9.455379843709997845e-01,1.068766798291211018e+00
7.979699969290000583e-01,1.031127488292134409e+00
8.895260095599999417e-01,9.961868001081952695e-01
5.017459988589999531e-01,9.855086419414076371e-01
7.889080047609999813e-01,9.778470652089468196e-01
5.571460127830000220e-01,9.620145404052562466e-01
8.079270124439998924e-01,1.025216455552083961e+00
7.382910251620000697e-01,9.804096024343612603e-01
6.742079854009999096e-01,1.047763410421004293e+00
8.787713646889999675e-01,9.936723351445401198e-01
7.401880025859999268e-01,1.020860366504845240e+00
8.886500000949999478e-01,1.019803019666235766e+00
7.983270287510000340e-01,9.988875769994186582e-01
5.137799978260000344e-01,1.025572857849578412e+00
7.760372757910000141e-01,9.782141935068154881e-01
8.528280258179999906e-01,9.860779149379180764e-01
7.851629853249999513e-01,1.028081810515583117e+00
8.431609868999999646e-01,1.009203044148554662e+00
1.024798870089999925e+00,1.018723089565675588e+00
8.044279813770001120e-01,1.020123789685246418e+00
8.841310143469999216e-01,1.012899820696960163e+00
3.615649938579999501e-01,9.857384552535101152e-01
1.171491026879999842e+00,9.914385980904376616e-01
4.477910101409999788e-01,9.635565662671995435e-01
7.665730118750000432e-01,1.064327854890314562e+00
7.735599875449999940e-01,9.313175217208344847e-01
1.054823040959999902e+00,1.068485325387976026e+00
7.843300104139999673e-01,9.903856154855896765e-01
1.034250974660000155e+00,1.049286291409060157e+00
1.096979022029999973e+00,9.887605228285872849e-01
7.633029818529999400e-01,1.038655703459848478e+00
5.883730053899999257e-01,9.832769348604027959e-01
6.365630030629999547e-01,9.642208906632190324e-01
5.750700235369999858e-01,9.705418681277018234e-01
5.399640202519999654e-01,9.847525624389470433e-01
1.324671149250000068e+00,9.960609424348114693e-01
8.178460001949999780e-01,1.045759493101569682e+00
6.359609961509999909e-01,1.081779054994824296e+00
8.135920166969999867e-01,9.598306953865862745e-01
9.872140288349999793e-01,1.010061504924348208e+00
9.839289784429999797e-01,9.945639308586756711e-01
5.904790163040000150e-01,1.022739012037510165e+00
8.986790180210000312e-01,1.001570947162874203e+00
6.268000006680000125e-01,9.730425729141697344e-01
6.926850080490000172e-01,1.014189920216663321e+00
5.757049918169999669e-01,9.634723738127829451e-01
6.764680147170000213e-01,1.019868758148113175e+00
8.279470205309999997e-01,9.862228907989756266e-01
6.547859907149999881e-01,1.030729674976588850e+00
1.085815548900000094e+00,1.019910722201698983e+00
8.509550094600001335e-01,1.017590441641331278e+00
8.879359960560000431e-01,1.051114742183546280e+00
6.557850241659999302e-01,9.797013418356015357e-01
6.597809791559999804e-01,1.010451879155307653e+00
8.856279850010000398e-01,9.592832726606469462e-01
7.502999901769999980e-01,1.008760502024456329e+00
9.303160309790001747e-01,1.016558177699433463e+00
7.259460091590000941e-01,1.006331397510014325e+00
7.123904824259998936e-01,1.025763099469604311e+00
9.326570034030000622e-01,9.754771940700784905e-01
6.544970273969999974e-01,1.014414512316828887e+00
4.987269937989999846e-01,1.008184728865674229e+00
9.782410264020000579e-01,9.727202313423095603e-01
5.593240261080000275e-01,1.010435860864150381e+00
8.733990192409999409e-01,1.029998017435582502e+00
6.232500076290000690e-01,9.797924372608100008e-01
6.319249868390000024e-01,1.048796284274135848e+00
8.335350155830000274e-01,9.638061178897320280e-01
8.613430261610000027e-01,1.027813725865574845e+00
1.036013007159999999e+00,1.020993408306394068e+00
6.160370111469999355e-01,1.026853313798773426e+00
9.874529838559999995e-01,1.019740643967965488e+00
6.686739921569999634e-01,9.716878021295877188e-01
6.455339789389999972e-01,1.028504088712656195e+00
1.007030010220000049e+00,9.521906417723142724e-01
7.763000130650000719e-01,1.028002450346177543e+00
9.358490109439999705e-01,1.021474647093547850e+00
6.626719832419999401e-01,9.950986485468517051e-01
1.113351941109999910e+00,1.022395900274914560e+00
5.495319962500000432e-01,9.791374349632787633e-01
9.273632764820000096e-01,1.034128273186829983e+00
8.215330243109999486e-01,9.486668587614629500e-01
9.193540215489999223e-01,1.050858293887464656e+00
6.899859905239998925e-01,9.755197894581484341e-01
6.497738957409999738e-01,1.023865801574524781e+00
9.705049991609999704e-01,9.688610538318513932e-01
8.034440279009998909e-01,1.010206622910127860e+00
8.920990228650002019e-01,1.024063416744173782e+00
7.462270259859999921e-01,9.975674102231121276e-01
1.495407462120000197e+00,1.019147370389381635e+00
7.597569823270000633e-01,1.011457137779449456e+00
9.677280187609998974e-01,1.060245308819626420e+00
1.126011013979999920e+00,9.305428849921121293e-01
7.641419768330000029e-01,1.041222130789883238e+00
1.423818945879999909e+00,9.627596895834917845e-01
8.309190273280000483e-01,9.998607674567824288e-01
5.316870212550000030e-01,1.045500817183828923e+00
6.942920088770000442e-01,9.099606379776344900e-01
1.097100019450000019e+00,9.811974481280832938e-01
8.623710274700000511e-01,9.948810515196000459e-01
9.711959958079999788e-01,1.037021497619447619e+00
7.501904964450000213e-01,1.003392320410378735e+00
5.659890174870000346e-01,1.016534210294097296e+00
7.235890030859999378e-01,9.535439655077425636e-01
1.088876962660000114e+00,9.848090963846850565e-01
2.614549994470000138e-01,1.023288492736396993e+00
1.923168003559999895e-01,1.017037209518911078e+00
2.048390060660000012e-01,9.283237885581316906e-01
3.752999901769999980e-01,9.999213301020114519e-01
1.878910064700000104e-01,9.866354597229680667e-01
4.178839921949999980e-01,1.048763991848835175e+00
6.128349900249999704e-01,1.028961432157222688e+00
4.822100102899999352e-01,1.072226163466061255e+00
8.136649727820000066e-01,1.045692949900366209e+00
8.997989892959999958e-01,1.041520441683952747e+00
7.667459845540000041e-01,1.068002711029148566e+00
6.762999892229999421e-01,1.020725950678548655e+00
9.804093837739999984e-01,1.008105200673517388e+00
1.075533032420000090e+00,1.005134143022946791e+00
6.459739804270000496e-01,1.035336725934066227e+00
7.601699829100000416e-01,1.001903009612110651e+00
8.707180023190000950e-01,9.714461353100222185e-01
1.045557022089999899e+00,1.008503580176604020e+00
4.832339882849999713e-01,1.004815703911029701e+00
1.085988998409999962e+00,1.013504013214991284e+00
7.320979833600000930e-01,9.702392463679597734e-01
7.128990292550000385e-01,1.051648014784119178e+00
1.045389056210000112e+00,9.484898458063241167e-01
7.359200119969999676e-01,1.037663177149460214e+00
8.956930041309999480e-01,1.009241120684323478e+00
8.745509982110000191e-01,9.822431226828046702e-01
9.237470030779999508e-01,1.027591547232488800e+00
9.997780323029999971e-01,9.879917508337254795e-01
1.739534020420000049e+00,1.018684410235785043e+00
8.107889890670000321e-01,1.046010269869871001e+00
7.049050331119999235e-01,1.049823328266491052e+00
8.328269720080000438e-01,8.976285027774428826e-01
8.276600241660000412e-01,9.873184606047186174e-01
8.953109979630000659e-01,9.545262981490810761e-01
1.459501028060000039e+00,1.005600505321172289e+00
1.179519057270000060e+00,1.045577638924915620e+00
1.443411946299999915e+00,1.058280392688756955e+00
1.306735038760000078e+00,9.933199071915065348e-01
7.634999752040000365e-01,1.032206664114861283e+00
1.145148038860000161e+00,9.316033761486743892e-01
7.253450155259999477e-01,9.410431220225690119e-01
7.633590102199999672e-01,9.890957215502713673e-01
6.174820065499999622e-01,9.270411004433202207e-01
1.029322981830000039e+00,1.005446891063500825e+00
1.302055954929999926e+00,9.802895163229926601e-01
3.164124965670000122e+00,1.067820550925759671e+00
9.734439849849999549e-01,1.166262049302740245e+00
1.229671001429999855e+00,1.152131916209261586e+00
7.441530227660000385e-01,7.888361316521256272e-01
1.063034057620000139e+00,9.963991317572655770e-01
1.123872041700000102e+00,8.140195193155497222e-01
8.984770178790000283e-01,1.033282514020476661e+00
7.175139784810000698e-01,9.760432675694580285e-01
5.367509722709999931e-01,9.793703976170277103e-01
1.175443053249999981e+00,9.607018836014384888e-01
1.101048946379999949e+00,9.876769089369313859e-01
5.734490156170000130e-01,1.065674296109358599e+00
1.431144952770000200e+00,9.841718587138998942e-01
1.037794947620000130e+00,1.004560063567693007e+00
6.568620204930000206e-01,1.060696876080815754e+00
1.074908018110000141e+00,9.305896217703970574e-01
1.385972023009999887e+00,9.984354407156014188e-01
1.004804968829999812e+00,1.024596500885980088e+00
1.609539985660000116e+00,1.011871490414412822e+00
2.817575931549999524e+00,1.008818745630106761e+00
1.962562561039999709e+00,1.145730305983300834e+00
1.279752016069999998e+00,1.094581429787865101e+00
1.995329976079999845e+00,9.016992095720953726e-01
2.033385992049999924e+00,9.405636383193485273e-01
1.307443976400000096e+00,9.817259640774936846e-01
1.611258029939999892e+00,9.231399398743898033e-01
2.040218114850000042e+00,9.291687729866404677e-01
2.183244943620000100e+00,1.003108477114337260e+00
1.351415991779999937e+00,1.007864267598351349e+00
7.242180109020001089e-01,9.770043415571486589e-01
1.363389015200000109e+00,8.540360748397584079e-01
1.526808977129999967e+00,8.914922615392889549e-01
1.784019589420000163e+00,9.986690756300800054e-01
1.103597044940000105e+00,1.012205944316993289e+00
1.763007998470000004e+00,1.024226296186342866e+00
1.157549023629999896e+00,9.390122825669490192e-01
1.153326034550000045e+00,1.016111261447998793e+00
2.362811088559999551e+00,8.835714506039474836e-01
2.580787897110000007e+00,1.062544419865009804e+00
1.242146968839999976e+00,1.123181094843909378e+00
1.712821006770000265e+00,9.782788585796241554e-01
6.676509976389999323e-01,8.874959449438180048e-01
8.271329998970000652e-01,9.280524413789691396e-01
9.642647504809997994e-01,7.866535988026112092e-01
1.394161701200000048e+00,1.000442913112908228e+00
7.584049701689999923e-01,9.793030504701422112e-01
6.900759935379999765e-01,1.039121879942861426e+00
6.740249991419999809e-01,9.342945602179214548e-01
8.615220189090000424e-01,9.860237937700926381e-01
7.907469868659999790e-01,9.682732864754201030e-01
7.285000085830000138e-01,1.023810042737777204e+00
2.411980032920000294e-01,1.001213126358918570e+00
3.354600071909999981e-01,9.883921668662011273e-01
5.912460088730000507e-01,9.483802149347079213e-01
1.058426976200000036e+00,1.019975033851663992e+00
7.669919729230000316e-01,1.051642046260838237e+00
5.881239771840000019e-01,1.081205105505793185e+00
5.922303199769999305e-01,9.980691373571524139e-01
8.753510117530000079e-01,9.985573055407941379e-01
7.038279771799998974e-01,9.958975136697361119e-01
5.677499771120000371e-01,1.029076351795097377e+00
7.133870124819999825e-01,9.939650571324682993e-01
1.077505946160000061e+00,1.007533495977459115e+00
6.909419894220000247e-01,1.028205201875006525e+00
7.724580168719999973e-01,1.035418395562811789e+00
7.237120270730000859e-01,9.817681544429297524e-01
9.752489924429998958e-01,1.016961964477683500e+00
9.151769876479998178e-01,9.893734160245871712e-01
7.574009895319999686e-01,1.037202700902312591e+00
6.912069916730000374e-01,9.944634369816856001e-01
1.183527946470000147e+00,9.902925316471188344e-01
