9.743152856830000763e-01,9.781770018942281819e-01
5.654720067979999154e-01,1.000832737209427448e+00
7.307389974590000614e-01,9.212763581325952300e-01
1.074290990829999792e+00,8.737326546987589371e-01
9.521890282630000035e-01,1.003887045843402159e+00
9.879170060160000766e-01,1.061230087647502263e+00
1.011654973029999960e+00,1.085006794287231457e+00
0.000000000000000000e+00,1.075806234043115595e+00
7.643579840659999736e-01,-1.038728674265895768e-01
7.788103222849999119e-01,-1.693029428939210879e-01
3.306220054629999794e+00,1.019693558549142232e+00
1.055441975589999970e+00,4.351967268660748012e-01
7.543110251430000801e-01,4.806396630657090996e-01
7.915459871289999283e-01,5.678434732128239126e-01
1.409499049189999909e+00,6.210327699833332327e-01
8.875439763070001042e-01,7.457707526121383212e-01
6.401469707490000660e-01,9.302559353430138733e-01
5.082880258560000808e-01,9.555142428428653467e-01
8.640019893649999450e-01,8.899645277765603213e-01
5.725920200349999822e-01,9.070851263917117935e-01
8.469420075419999971e-01,8.293654934039085269e-01
9.181020259860001032e-01,8.220333885154388343e-01
7.976629734039999420e-01,1.024114151351330104e+00
9.608020186419998776e-01,1.058582374088020028e+00
9.555831551549999192e-01,1.067435956960703036e+00
3.470349907879999862e-01,1.091148809423161836e+00
9.546210169789999256e-01,7.881816704641041449e-01
1.293938040730000072e+00,7.851806139204593471e-01
5.251880288119999962e-01,9.946422688127383172e-01
4.773890078070000542e-01,9.072460559603721109e-01
1.275226235389999907e+00,7.903694694144643984e-01
8.723750114439999814e-01,8.653997994708063635e-01
8.355640172959999390e-01,9.974898932087551406e-01
7.321749925609999377e-01,1.102024062394328707e+00
7.640249729160000225e-01,9.996931336973835514e-01
4.072830080990000323e-01,9.535196221362024493e-01
4.752210080619999610e-01,7.739481766109946870e-01
8.781340122220000488e-01,6.433363790685697747e-01
7.414129972460000717e-01,7.742522258243895728e-01
1.258002042770000051e+00,9.665150968749710580e-01
1.069700956339999953e+00,9.862709765306542087e-01
7.274609804150000691e-01,1.014044034944713513e+00
7.892770171170000459e-01,1.005182718827130950e+00
6.237750053410000550e-01,9.950094698777848246e-01
6.914690136910000007e-01,9.264935971451278007e-01
8.557710051540000640e-01,8.687994712845599210e-01
7.093830108640000187e-01,9.789221498881084393e-01
1.014547944070000041e+00,1.022349120431512048e+00
1.115731000900000103e+00,1.021153272792395539e+00
4.182830154900000208e-01,1.043792349697469923e+00
1.002280950550000105e+00,8.818905216053393170e-01
1.218860983849999968e+00,8.930092468321787491e-01
1.143296003339999922e+00,1.029409493671219922e+00
6.528189778330000248e-01,1.014031339263757436e+00
6.746559739110000731e-01,9.893081393193862150e-01
6.009536385540000802e-01,9.606960524041384675e-01
6.694570183749999348e-01,8.495890561303169886e-01
6.538079977039999990e-01,8.410734283849530257e-01
7.814120054240000224e-01,9.332164353968562809e-01
1.206303954120000022e+00,9.495993599463279367e-01
8.469259738919999725e-01,9.813062137652750483e-01
8.286409974099999687e-01,1.019775310062773110e+00
6.482390165329999787e-01,1.092372345417660817e+00
5.623700022700000023e-01,9.355264201535148372e-01
7.183309793469999649e-01,7.584398697962860814e-01
1.099647998810000082e+00,7.648685829564741967e-01
9.541710019110001273e-01,9.455727853168751640e-01
7.290139794350000146e-01,1.047187369168878668e+00
6.694499850270000385e-01,1.026789478609352324e+00
8.631219863889999511e-01,9.456234260368920896e-01
6.464660167689999515e-01,9.780927293830842251e-01
8.223180174830000411e-01,9.882970988233622522e-01
9.235979914669999458e-01,9.523170867571980613e-01
8.300920128820000743e-01,1.050812606291727569e+00
1.067314028740000031e+00,1.081880741012145153e+00
1.546175003050000107e+00,1.060566626287646086e+00
6.827279925350000500e-01,9.324333741754222693e-01
6.385620236399999206e-01,9.033324331196267432e-01
6.464239954950000699e-01,9.626432289894402139e-01
6.881093978879999629e-01,9.532007703166365253e-01
7.273989915849999877e-01,8.991268337292341872e-01
6.500350236890000133e-01,8.866052234790787745e-01
8.693690299990000092e-01,8.920469805039181743e-01
4.408580064769999640e-01,9.259219981519399845e-01
4.518609941010000020e-01,8.031248759589683095e-01
7.575070261959999662e-01,6.517596203863844639e-01
4.952389895920000229e-01,7.769895195049990599e-01
6.850870251659999521e-01,8.412534002599760807e-01
7.243813276289999825e-01,8.217310124445256214e-01
8.653740286830000628e-01,8.653933316990441993e-01
7.400469779970000328e-01,9.275476320509304928e-01
8.070759773250000269e-01,9.680996229527843999e-01
8.204330205920000729e-01,9.607352585490340768e-01
1.114411950110000049e+00,1.036984094635460263e+00
1.108605027200000093e+00,1.021312604952180569e+00
4.751499891279999943e-01,1.033019061815886097e+00
1.039268016820000140e+00,9.130352616994380499e-01
9.457899928090000019e-01,9.237985558356448523e-01
7.877500057220000462e-01,1.073128499538206437e+00
3.504549860949999762e-01,1.061029951575603647e+00
9.367713332179998797e-01,7.763864367811296185e-01
9.868059754369999936e-01,8.013780715971187130e-01
6.470239758489999549e-01,1.058995747212643668e+00
1.029777050020000084e+00,9.853858188727736556e-01
1.187446951870000156e+00,9.872685133327697704e-01
9.328820109369999614e-01,1.027901269295597553e+00
7.528370022769999004e-01,1.005522702894500409e+00
6.420040130619999452e-01,1.002909173454241021e+00
2.307340055699999837e-01,9.852313400695257295e-01
4.714997112749998998e-01,5.608707938730058684e-01
8.772729635240000823e-01,3.488857495600897196e-01
7.876309752460000091e-01,6.542555652029289348e-01
2.742219865320000283e-01,9.695576378333621292e-01
3.992269933219999567e-01,7.596178172772999337e-01
9.923512339589999343e-01,5.870700136987146989e-01
7.627239823340000724e-01,7.941976470088707440e-01
7.200859785079999353e-01,1.010246335744833468e+00
6.264780163759999798e-01,1.028326129463507987e+00
7.269890308380000388e-01,9.264763840364488301e-01
9.301019906999999920e-01,8.850456544326332775e-01
6.872699856759999504e-01,9.889763809778852055e-01
8.662552833559999943e-01,9.570038785151602223e-01
8.352038264269999734e-01,9.500093634994549729e-01
9.402499794959999768e-01,1.035799108023894632e+00
1.023357987399999836e+00,1.047343418936056203e+00
7.322629690170000538e-01,1.065453411030761188e+00
9.300749897960000068e-01,1.022333108932377277e+00
8.702930212019999168e-01,1.042417531628680782e+00
5.104020237919999481e-01,1.056319140058267436e+00
1.025817990299999982e+00,9.270482072656407446e-01
4.551239907739999535e-01,9.268322005463918156e-01
7.345349788670000324e-01,8.090057638574508214e-01
7.012919783589999234e-01,7.355403848589529003e-01
1.014386057849999911e+00,8.960162742462524088e-01
1.123770236970000225e+00,9.798809471447431640e-01
4.825370013710000294e-01,1.039134985893353402e+00
4.689320027830000681e-01,8.679195577552819563e-01
8.755196928980000237e-01,7.271579874913390862e-01
1.145424962039999883e+00,8.691838664699016448e-01
1.943787455560000099e+00,1.028786403609969424e+00
1.557039022450000143e+00,8.379180456703007041e-01
2.104775905609999942e+00,8.153249036696159635e-01
1.062240004540000005e+00,7.747063029384695376e-01
7.867829799650000178e-01,7.832628640541783316e-01
2.247971057890000068e+00,9.493391796855403797e-01
5.664669871329999218e-01,7.084379560385425378e-01
8.389729857439999217e-01,7.251981683439351345e-01
3.188189864160000386e-01,8.345896174102962473e-01
6.386680006980000046e-01,7.865377177304105905e-01
7.540266513819999794e-01,7.614692830966721671e-01
1.085826039310000102e+00,8.282320321346812175e-01
6.014299988750000381e-01,9.537063821006604991e-01
6.923220157619999204e-01,9.485148748098117810e-01
8.782439827919999997e-01,8.943694711572520717e-01
1.279224038119999962e+00,9.995462567901136630e-01
7.251669764520000117e-01,9.912210257639236799e-01
4.283109903339999969e-01,9.739315083378268234e-01
7.012249827380000466e-01,7.972653951001146266e-01
8.846225738529999161e-01,7.184390860310275739e-01
7.809653878210001121e-01,9.104159145376585771e-01
9.259700179100002204e-01,1.036510623764385741e+00
9.178640246389998536e-01,1.035233177398037663e+00
9.073020219799998731e-01,1.053819083770487053e+00
4.099450111390000040e-01,1.066690988854380517e+00
8.741459846500000408e-01,7.386420483934988956e-01
1.231343984599999830e+00,7.020734216701782771e-01
7.683960199359999299e-01,9.878036480347233139e-01
9.357339143750000865e-01,9.844152740816939362e-01
7.523270249369999885e-01,1.057745902248740322e+00
6.247839927670000293e-01,1.026721313306818262e+00
1.977947235109999591e+00,9.187669482175974123e-01
2.476479291920000048e+00,7.502277914144873661e-01
6.822599768639999729e-01,6.045942526544626494e-01
1.294077992440000102e+00,5.829376107695531939e-01
2.116506099700000032e+00,7.160498313179047836e-01
2.030230045320000176e+00,7.079255824173479317e-01
1.727593064309999926e+00,6.888538714258551909e-01
1.321619033810000010e+00,7.024355395443248051e-01
1.114274978639999913e+00,7.661893904701851943e-01
1.618482947350000201e+00,8.681530836218189773e-01
1.102354049679999948e+00,9.223028461519661159e-01
8.501269817350000091e-01,9.213747934276445006e-01
6.531813144679999850e-01,1.019589898396624061e+00
6.168276071549999573e-01,9.864948969489460984e-01
1.023204803470000090e+00,8.911026494670812870e-01
1.176781058310000017e+00,9.502365174611404619e-01
1.108754038809999898e+00,1.002616545102410273e+00
9.838110208509999177e-01,1.006849592829059059e+00
1.829927563669999868e+00,1.023925251746653942e+00
1.342131018639999951e+00,8.749591877724365308e-01
1.265669584270000092e+00,8.257294999283767423e-01
7.930377125740000199e-01,8.392260076299761229e-01
1.030689358710000114e+00,8.624276954914817939e-01
8.210232257839999992e-01,9.648094513756712010e-01
1.099169254300000009e+00,1.034008147539674516e+00
5.255355238910000004e-01,1.042685359536273060e+00
7.758393883709999717e-01,9.405868242137365165e-01
7.209759950640000081e-01,9.335333517688213512e-01
8.666771054269999386e-01,9.774276467923572742e-01
8.462041020389999835e-01,9.587089728840809677e-01
7.614132165909999195e-01,1.013504342255173940e+00
6.587246060370000045e-01,9.988992677165043910e-01
1.078659296040000104e+00,9.373070594012142820e-01
1.281940340999999872e+00,9.687499900052515267e-01
6.600005030629999547e-01,9.684798266054942539e-01
1.112500548360000119e+00,9.282597708161676175e-01
6.280704736709999958e-01,9.161133735422375413e-01
6.864575743680000341e-01,9.220271359164696756e-01
9.000409841539999123e-01,8.910230862425750908e-01
7.342569231990000445e-01,9.400944400545722113e-01
1.011121273039999879e+00,1.048010890567166786e+00
8.827599883079999543e-01,1.050245391662748107e+00
7.521411776540001259e-01,1.080401245047855951e+00
9.489411115650000506e-01,1.029321216762499880e+00
6.799052953720000625e-01,1.027348597596560387e+00
7.211565971369999772e-01,1.021791829101187155e+00
6.504104733470000843e-01,9.532627226718689561e-01
7.167106270790000178e-01,9.415582636966304264e-01
9.056316018100001308e-01,9.869863215643784882e-01
6.526464819910000603e-01,1.050850374691307820e+00
7.056654095649999014e-01,9.687142098913140709e-01
6.581057906149999637e-01,8.619421046308725076e-01
6.592794060709999959e-01,8.500599442887193380e-01
6.634064316750000190e-01,8.635612130273566667e-01
7.808002829549999246e-01,8.484557393968246153e-01
7.565907239910000248e-01,8.890473716563073170e-01
9.280405640600000172e-01,9.538495908438689996e-01
7.073829770089999913e-01,1.013230682327995735e+00
3.888399899009999383e-01,1.033645035048853522e+00
3.422417938710000107e-01,7.790165825410206857e-01
2.337300032380000281e-01,5.541752784026635625e-01
1.459127068520000015e-01,3.245446754028848413e-01
3.949534893039999828e-01,1.081537887720462054e-01
9.678409695629999199e-01,2.154130967689951714e-01
7.839220166210000285e-01,6.443486633058114199e-01
8.333759903910000766e-01,9.899079519515791015e-01
9.723259806630000224e-01,1.066096468564202038e+00
6.905210018160000685e-01,1.074529380395491840e+00
1.345324039460000121e+00,9.974613372305263237e-01
7.227010130879999439e-01,9.094316821467460787e-01
6.804850101469999135e-01,9.403302904153175712e-01
7.610610127449999318e-01,9.593123387361023324e-01
8.075709938999999782e-01,9.699868512397122888e-01
5.886639952659999953e-01,1.039738508370060321e+00
9.960750937460000065e-01,9.326452139427718890e-01
1.045413970949999882e+00,9.320359942958991173e-01
4.713059961800000197e-01,1.046758400304745429e+00
1.047140955920000005e+00,9.159760851502966039e-01
1.126214265820000060e+00,9.194418618812858490e-01
2.560461759570000329e+00,1.046206352284324792e+00
7.747610211370000721e-01,5.599862379642798205e-01
7.172060012819999608e-01,5.315642750947897621e-01
8.005080223080000001e-01,5.815792816351569305e-01
5.680390000339999856e-01,6.360662352791556229e-01
1.195780038829999947e+00,7.176558683874817435e-01
7.970449924470000003e-01,9.488549566345926278e-01
4.899359941480000979e-01,9.926682594860753994e-01
9.918130040170001216e-01,9.207315778055161770e-01
7.445690035819999553e-01,9.456677751886152228e-01
6.096370220180000743e-01,1.010777537797733272e+00
8.565919995309999591e-01,8.623468428862877122e-01
8.144299983980000102e-01,9.066778892871324436e-01
7.605929970739999657e-01,1.064583210065243923e+00
9.157519936560000184e-01,1.017994464682776989e+00
7.421634793279999753e-01,1.039374975339922402e+00
7.329360246660000522e-01,1.014725762829129962e+00
8.745691180230000805e-01,9.792058740552451734e-01
9.644910097120000803e-01,1.045852061270392541e+00
1.477671980859999845e+00,1.081245215827762784e+00
6.752679944040000937e-01,8.240536801389212185e-01
5.030400156970000758e-01,8.003260781746629471e-01
7.066659927370000371e-01,8.099872668400006637e-01
2.968195915220000369e+00,8.751427711067020221e-01
1.255300998690000114e+00,5.760334620372211667e-01
4.084815025330000182e+00,6.333510666297579306e-01
1.692322969440000158e+00,4.502486053979177782e-01
4.121052026750000041e-01,4.682486443424109246e-01
1.035750985149999970e+00,6.880035650770456312e-01
6.408920288089999806e-01,7.784820222866800643e-01
7.065470218660000468e-01,8.073226131323240073e-01
1.060830354689999977e+00,8.879996244439786190e-01
1.880954027180000043e+00,9.222971482316493219e-01
1.886373996729999725e+00,8.244321304803365891e-01
1.328773975370000082e+00,8.014997923219366882e-01
3.931840062139999592e-01,8.442446832550860591e-01
6.382430195809999374e-01,8.446911775279599688e-01
1.045531988140000035e+00,8.619628172369583341e-01
6.588029861449999913e-01,1.005808179623563614e+00
8.046740293499999863e-01,9.924657762700204167e-01
8.740410208700001293e-01,9.945899915802326463e-01
8.532550334930000258e-01,1.065301242023918071e+00
8.952109813689997919e-01,1.070530807208186941e+00
7.301589846610000434e-01,1.104525964445824959e+00
4.149410128589999802e-01,1.050382425338459935e+00
2.700940072540000125e-01,7.756924181028094223e-01
4.911319911480000466e-01,4.203146248280560382e-01
5.079169869420000483e-01,4.013189942825718393e-01
1.224020004270000017e+00,5.914721806345407673e-01
1.267657995220000222e+00,8.148487164712354680e-01
2.633487939829999736e+00,9.712947359015337012e-01
3.999615430829999596e+00,6.538324356892881717e-01
6.651418209080000032e+00,4.555716298615665738e-01
2.102678060530000170e+00,8.350747814097576605e-01
1.283689975739999989e+00,1.155587107673424985e+00
1.291347503659999951e+00,3.984368880693300308e-01
1.353754043579999733e+00,2.765317444615734144e-01
2.390191078189999985e+00,2.730038781967982220e-01
1.461441040039999972e+00,4.744411480040812146e-01
1.599208951000000045e+00,6.721050511312630649e-01
1.471150994300000070e+00,7.645645612475797659e-01
1.298205018039999992e+00,8.104816119467198599e-01
1.579622030259999921e+00,8.898548158436770938e-01
1.360355019570000268e+00,8.919999093040126281e-01
8.036410212519999874e-01,8.913533379543416846e-01
4.276689887049999750e-01,9.063353251324205440e-01
2.694070041180000041e-01,8.547707841813056984e-01
3.897170126439999938e-01,7.422558599669659696e-01
4.179170131680000067e-01,6.183605510980861864e-01
1.546036005019999937e+00,5.576005090099506178e-01
1.017611026760000037e+00,7.381565808689094510e-01
8.653150200839999640e-01,9.443875084315019874e-01
6.194109916690000439e-01,1.055023896900666225e+00
8.454149961469999974e-01,1.000488120735342212e+00
8.048596382139999728e-01,1.000638871975188415e+00
1.435889005660000217e+00,1.079542131387870141e+00
2.565752029420000024e+00,9.409023164423347962e-01
6.206179142000000759e+00,6.986387316708787543e-01
9.309499859810000943e-01,3.619488358236064851e-01
9.077759981159998492e-01,4.646754560679505763e-01
4.609797894950000141e-01,3.357510650478651160e-01
5.264570117000000327e-01,3.884223420120108128e-01
7.942249774930000283e-01,5.446987488522023746e-01
9.704009890560000295e-01,8.553208854075858847e-01
6.695889830590000535e-01,1.014499225819416983e+00
6.997730135920000594e-01,9.309969901854810992e-01
6.903669834139999351e-01,8.536288326100945900e-01
6.361600160600000553e-01,8.816783925906250818e-01
9.726700186730000697e-01,8.725996529454493889e-01
6.393389701839999884e-01,9.664427120547344208e-01
5.123779773709999930e-01,1.003251562754184700e+00
5.699130296709999932e-01,8.590152245496582850e-01
8.318089842800000522e-01,7.741370192055009314e-01
4.694110155110000071e-01,8.823909364512901865e-01
9.054309725759998040e-01,8.360525946567226585e-01
8.482750058169999940e-01,8.585156312735204853e-01
6.566630005839999562e-01,1.097437819215525856e+00
6.324055790899999474e-01,9.733948386216335624e-01
3.268550038340000130e-01,8.027102618495101094e-01
3.047409951689999952e-01,5.763205590986024696e-01
2.159480005499999911e-01,4.209074625294930150e-01
2.148479968310000043e-01,2.761364861186871855e-01
1.512310057880000003e-01,1.794872964793786385e-01
4.153338372709999837e-01,1.491774014012263727e-01
7.344200015070000420e-01,2.574577363987574086e-01
9.913370013240001555e-01,6.044459409684228568e-01
7.910000085830000138e-01,9.448233736776393554e-01
7.429170012469999973e-01,1.039139404345929885e+00
7.426548600200000294e-01,9.699126099924088029e-01
8.799139857289999256e-01,9.347649798176429492e-01
7.376829981800000491e-01,1.000962724484564470e+00
1.240342974660000097e+00,1.042059591626708137e+00
8.343409895899999151e-01,9.812570164986342824e-01
3.054729998110000122e-01,1.008411307561343673e+00
8.929460048680000206e-01,7.880342661357118139e-01
1.285866022110000007e+00,7.649894760974991215e-01
4.146400094030000538e-01,9.880325425105833670e-01
1.090137004850000091e+00,8.836966011309319580e-01
5.923830270769999684e-01,8.968129858875941718e-01
3.773260116580000045e-01,9.445365433621455420e-01
2.693597316740000469e+00,6.644538969979865151e-01
2.288666009900000020e+00,4.781592943561169262e-01
8.955270051960000366e-01,5.755339607269052138e-01
8.070570230480000884e-01,5.627056520717846899e-01
1.194862961769999954e+00,6.218421201134867182e-01
8.929409980770000033e-01,7.240041619369839143e-01
9.776080250740001309e-01,8.651578730589605248e-01
1.832507014270000179e+00,1.031290865537215273e+00
1.403792977329999747e+00,8.669890322246369685e-01
7.223749756810000644e-01,8.554481507447160293e-01
6.599410176280000595e-01,9.112996475120258566e-01
7.407349944109999917e-01,9.670915331149544381e-01
5.553659796709999874e-01,9.492236344895658151e-01
1.236768960949999885e+00,8.149672322305598904e-01
6.214020252229999208e-01,8.739216999563316213e-01
7.108730077739999764e-01,9.621684486598151009e-01
3.064779937269999643e-01,9.698383197458988469e-01
6.473349928859999380e-01,7.044501862719763086e-01
5.458269715310000159e-01,5.954469031092365361e-01
1.024247765539999966e+00,7.229241369623540248e-01
8.176820278170000567e-01,8.580892142115607024e-01
7.440620064740001149e-01,9.976691548078142624e-01
7.367150187490000279e-01,1.000871796265397684e+00
5.768560171130000525e-01,1.002894530928703176e+00
9.152600169180000744e-01,8.342583083549437450e-01
1.137029051779999911e+00,8.505111800311364600e-01
4.960080087179999930e-01,1.049686461055426623e+00
4.941360056399999312e-01,8.589502693046744408e-01
8.834533095360000976e-01,5.850289241320845157e-01
1.271524906160000024e+00,6.650369721670649215e-01
8.864369988439999570e-01,9.202183905239260664e-01
8.988280296330000141e-01,9.858683825821007440e-01
9.049779772759998231e-01,1.022622993866305841e+00
8.299319744109999730e-01,1.037431927220419769e+00
8.756300210950000995e-01,1.032563183857131639e+00
5.502920150760000073e-01,1.059675173914782720e+00
1.073919415470000027e+00,8.798723579609865064e-01
8.491920232770000521e-01,8.824925033704146271e-01
6.393229961399998773e-01,1.048037106881405611e+00
7.995309829709998928e-01,9.926177111588839752e-01
9.646000266079999275e-01,9.564369727553767575e-01
8.413559794430000016e-01,1.045376680358875099e+00
7.011449933050000194e-01,1.078339107031987654e+00
7.240070104600000445e-01,1.030704963637655736e+00
1.010308027270000020e+00,9.379028710924161016e-01
6.538060307499999890e-01,9.757049046309526075e-01
7.932850122450000319e-01,9.669875493972106550e-01
6.538396477699999210e-01,9.268122685243190828e-01
1.160789966579999888e+00,8.714342932446370593e-01
8.085789680480000019e-01,9.052811942750489393e-01
3.743770122530000188e-01,1.018509844809770026e+00
2.556999921800000020e-01,7.694278444289530672e-01
4.893150031570000502e-01,4.291466532473770523e-01
1.151844024660000132e+00,4.067325167716747125e-01
7.372779846189999597e-01,7.662733600024526082e-01
1.088750958439999916e+00,1.001125988078344964e+00
1.975852966309999958e+00,1.026011338861021915e+00
8.547700047490001118e-01,8.094552557280341176e-01
7.977370023729999371e-01,8.127888468294671709e-01
1.052428960799999924e+00,8.954242152830307333e-01
3.179450988770000208e+00,9.423060598480688110e-01
1.797067999840000541e+00,5.689460677132979205e-01
1.056702017779999947e+00,5.886952348821942183e-01
8.751260042189999977e-01,7.732995152653632243e-01
6.645399928090000019e-01,8.781890490695337670e-01
7.571684122089999969e-01,8.775527247390575436e-01
1.368484020229999931e+00,9.004021257800414180e-01
9.052469730380000579e-01,9.119997641990775783e-01
1.032060980800000083e+00,9.629175066560712315e-01
6.141330003739999821e-01,9.759117770336851461e-01
9.733130335809999645e-01,9.503286614230893603e-01
6.452289819719999597e-01,9.791640953348021981e-01
4.894390106200000035e-01,9.052364395134959718e-01
8.408679962160000576e-01,7.035294943492385045e-01
7.771940231319999226e-01,7.697144858035046555e-01
6.755350232119999854e-01,9.503104274462986778e-01
6.592059731480000018e-01,8.980584379566459718e-01
1.084153056139999904e+00,8.429906156143294194e-01
9.314100146290000826e-01,9.275599608569107257e-01
1.359479665760000122e+00,1.056242538204529513e+00
7.633988261220000515e-01,9.779086082224488496e-01
5.357339978220000409e-01,9.688480373476735519e-01
6.781889796259998882e-01,9.389991285994799819e-01
7.839810252189999273e-01,8.790881045752833023e-01
1.169367671010000054e+00,8.987587394587299716e-01
1.015287995340000027e+00,9.448809109228979430e-01
9.259430170060000131e-01,9.750779381956224956e-01
1.319244027140000108e+00,9.910258373906380980e-01
9.717460274700000511e-01,9.659715390604239893e-01
1.176299691200000108e+00,9.685877720993157913e-01
1.714609026910000056e+00,1.018284136645587479e+00
1.307337045669999975e+00,8.849646015314726055e-01
6.186890006069999393e-01,8.748319768420274034e-01
2.298435926440000276e+00,9.038922386308023693e-01
1.808241009709999680e+00,6.554678275504636220e-01
8.794149756429999742e-01,6.643341910314902732e-01
1.570945024490000064e+00,7.349653937476969823e-01
1.578516006470000121e+00,8.491523509193550368e-01
6.200309991839999535e-01,8.746080011847997548e-01
9.928810000419999726e-01,8.761396829626112437e-01
4.551869928839999968e-01,9.815296901001809848e-01
1.017398953439999865e+00,8.539978023567774690e-01
8.378469943999999892e-01,8.318819905762165900e-01
4.884769916529999589e-01,1.041982283872604498e+00
1.246340990070000210e+00,8.271443246231559021e-01
1.209630966189999990e+00,8.403986533824436833e-01
1.252451062200000020e+00,1.000427121712401224e+00
1.519726991650000025e+00,9.991238091170165925e-01
1.063797950739999942e+00,9.424439037085254878e-01
1.571495056150000069e+00,9.485108046432302320e-01
1.278105020519999968e+00,9.239707878886493919e-01
1.192077994349999948e+00,9.094150156921102512e-01
8.304439187050000060e-01,9.517059284546030007e-01
1.402015686039999931e+00,9.763030623182971102e-01
1.156504034999999986e+00,9.597524250801426904e-01
1.162554860120000200e+00,9.462559851756427998e-01
6.007519960399999581e-01,9.479872215295582771e-01
1.253835797310000055e+00,9.199842931059243334e-01
1.791844010349999960e+00,9.629893212797867585e-01
1.734062552449999961e+00,8.556894686531056893e-01
4.939970970150000085e+00,8.135435492995439777e-01
2.394351005549999911e+00,3.648819635822775909e-01
2.212575912479999740e+00,4.357395567457697516e-01
1.886527061460000265e+00,1.904254181330229112e-01
9.343829751010001017e-01,2.801428874977915928e-01
9.099829792979999832e-01,4.978432323486823852e-01
8.112999796870000724e-01,9.075134619879332565e-01
1.049708962440000004e+00,1.053397790552427216e+00
1.351788043980000076e+00,1.035911444905573520e+00
1.277305960659999906e+00,9.834487679629836387e-01
7.854449748989998925e-01,9.414492970756465073e-01
4.846229851250000165e-01,9.403665071517420815e-01
6.676359772680000582e-01,9.083486064573206287e-01
8.322510123249999836e-01,8.617276845950078146e-01
5.959370136259999340e-01,9.444215658721905049e-01
3.410890102390000123e-01,8.722310395830789043e-01
6.860110163689999707e-01,6.145616822129396084e-01
8.153510093690000682e-01,6.496676413203108513e-01
3.985430002210000322e-01,9.372658591520918181e-01
6.998159885410000225e-01,7.366892269204786681e-01
4.263690114019999533e-01,6.784525883317680250e-01
6.866139769550000382e-01,7.491859102469946574e-01
1.826770007609999913e-01,8.073400511597975671e-01
7.018824815749999946e-01,5.431826043931435866e-01
1.796682000159999681e+00,4.622675237353606192e-01
7.204269766809999753e-01,6.529174205705919887e-01
4.680640101429999755e-01,6.978878744608741913e-01
6.408870220180000743e-01,6.920999384164165935e-01
7.520520091060001189e-01,7.489053815522044300e-01
1.001817584040000098e+00,8.132632586925905294e-01
1.660804033279999814e+00,9.932346540723241413e-01
1.450595021250000061e+00,8.720557592683817472e-01
1.085010051729999869e+00,8.949151782845944370e-01
1.099555015560000015e+00,9.585512048480089309e-01
7.694180011750000325e-01,1.014086355375115156e+00
1.254430413249999932e+00,1.012904100297789656e+00
1.496320962910000052e+00,1.001314579203543609e+00
7.186369895940000196e-01,9.290045776308263337e-01
8.902019858359999649e-01,9.015842934882463133e-01
9.891759753229998342e-01,9.424907530949873102e-01
2.849014520649999938e+00,9.928380830837378879e-01
4.281075000759999583e+00,6.200046237773376712e-01
1.248739004139999942e+00,4.262849001418458905e-01
7.096589803699999699e-01,4.067898936416751710e-01
7.497439980509998936e-01,6.399389055510479318e-01
8.907449841500001408e-01,7.332663376258726773e-01
1.469527959819999952e+00,8.388041980545707377e-01
1.608888030049999918e+00,9.417153985755409851e-01
1.043460965159999976e+00,7.055212186293920995e-01
1.184751033780000018e+00,6.532866153117758978e-01
5.063725113870000127e-01,6.771591594214860788e-01
6.946156024930000283e-01,7.128849239429562168e-01
9.299110174179999744e-01,8.127123677295701176e-01
7.754629850390000190e-01,9.608483997774103225e-01
8.564696311949999696e-01,1.061170262848297074e+00
9.269009828569999554e-01,1.065277812741059815e+00
7.506660223010001021e-01,1.048509633713943678e+00
9.248849749570000611e-01,1.035529881414475106e+00
1.070162653919999984e+00,1.031444102053942213e+00
8.752880096439998869e-01,1.027644754493239221e+00
7.511039972310000756e-01,9.939799120950837397e-01
8.627579808239999037e-01,9.664527462660232882e-01
5.096570253369999692e-01,9.907712014003539069e-01
8.495249748229999343e-01,9.249689270924640327e-01
6.711369752879999817e-01,9.177421588608641878e-01
6.132180094720000030e-01,9.924352723038045720e-01
3.810549974440000098e-01,9.358400904444967860e-01
8.710420131680000067e-01,7.862625552997866141e-01
6.540319919589999698e-01,8.177020021294134633e-01
9.089673757550000843e-01,9.739034896827274412e-01
9.709029793739999414e-01,9.909303428664852920e-01
9.856920242309999969e-01,1.052951048961262570e+00
1.356256246570000101e+00,1.029791017080809779e+00
1.309872984889999925e+00,9.584956237836814719e-01
6.344919800760000506e-01,9.087125875279870035e-01
5.933508276940000492e-01,8.813926964577619705e-01
8.796380162239999523e-01,8.944731863251852433e-01
1.131836414339999930e+00,9.654370581494240433e-01
1.841274023059999987e+00,1.050344881212433634e+00
2.261745929719999992e+00,8.519875303780544140e-01
2.597975969309999744e+00,7.370130570014512550e-01
2.399192094800000064e+00,6.484687539281942525e-01
1.982298016549999931e+00,6.242798687125715729e-01
2.269547939300000206e+00,6.671950250064178078e-01
2.017889976500000238e+00,6.921825155316234657e-01
1.452262043950000026e+00,6.744400566200114966e-01
1.342797994609999934e+00,6.775756047875490795e-01
1.311915040020000145e+00,6.987804687217347155e-01
1.276762008670000226e+00,7.527619120774079464e-01
1.275267004970000118e+00,8.462366206146708647e-01
1.210446000100000141e+00,9.324477728931368503e-01
8.153480291369999966e-01,9.591404233948307434e-01
7.271119952200000291e-01,9.847184339473868953e-01
6.043019890790000126e-01,1.002731472187956774e+00
9.830358624459998307e-01,9.404871261830188844e-01
1.101529002189999940e+00,9.765514406001728487e-01
1.183724999429999869e+00,9.946383672529696129e-01
4.356400072569999726e-01,9.754253453452349509e-01
3.270040154459999959e-01,8.746116213391345040e-01
8.039849996569999879e-01,5.753816564843887704e-01
4.216859936710000145e-01,6.370030142661451400e-01
5.734559893609999515e-01,7.480914521426548225e-01
3.959457874300000291e-01,6.184003655616919781e-01
4.163750112060000119e-01,5.554579192315387548e-01
5.603970289230000290e-01,4.999375682149620470e-01
7.749050259590000156e-01,6.004697311637688939e-01
6.370840072629999629e-01,7.907493190105367997e-01
3.839260041709999793e-01,8.847974478433824341e-01
5.648739933969999516e-01,6.671483994800921913e-01
1.054715037350000051e+00,6.312678220668463958e-01
6.537709832190000681e-01,8.840377966452763747e-01
5.931029915809999942e-01,9.754649191729019009e-01
1.022608995439999946e+00,8.702984160263346203e-01
8.359869718549999273e-01,9.438637322227521054e-01
6.375340223309999832e-01,1.065264078626259714e+00
9.755985140800000899e-01,9.401021677828547141e-01
4.898079931740000337e-01,9.480692656859714962e-01
1.098647952079999879e+00,8.902317662081770111e-01
1.151165962220000116e+00,9.051239761375363679e-01
8.061249852179999120e-01,1.032677968146391123e+00
4.744769930840000427e-01,1.027531056842460488e+00
7.896029949189999897e-01,8.401947455746485716e-01
4.762530028820000094e-01,7.871200715232713474e-01
5.455229878430000179e-01,7.948733852229136199e-01
6.212809681889999158e-01,7.072615844906371407e-01
7.707700133319999036e-01,7.376316810679072189e-01
9.337069988249999675e-01,8.457267146165823313e-01
8.110550045970000843e-01,1.026740050097042056e+00
6.005529761310000048e-01,1.051160779941098244e+00
1.002521038060000036e+00,9.696627838672466915e-01
8.921650052070000392e-01,9.893090349981928933e-01
9.160850048069999474e-01,1.077463012516092222e+00
7.413420081139999729e-01,1.091858048668489678e+00
9.283249974250000758e-01,1.024523314176621680e+00
6.429409980770000033e-01,1.015126074088219754e+00
9.950090050700001187e-01,9.979103955735254550e-01
6.271365880970000140e-01,1.018107176080871756e+00
1.038689017300000073e+00,9.921122691361070611e-01
6.888009905820000611e-01,9.925285746856729041e-01
5.214130282399999095e-01,1.013665304516684573e+00
6.510270237919999481e-01,8.170703762060136377e-01
1.159701943399999990e+00,7.969422111772663797e-01
6.456400156020000169e-01,9.743654105710553015e-01
1.195862650870000099e+00,9.838737901459605473e-01
1.304703950880000018e+00,9.704632986566588126e-01
8.844429850579998975e-01,9.652516633426249104e-01
7.697709798810000725e-01,9.462568396496238154e-01
7.702100276950000213e-01,9.589925927423816887e-01
6.418280005459999771e-01,9.828563303409842966e-01
8.937159776689999058e-01,9.127104691264897873e-01
5.247250199319999364e-01,9.382187063290643447e-01
5.142210125920000374e-01,9.327947312631619248e-01
7.172748446459999982e-01,7.755986874772361483e-01
6.410769820210000525e-01,8.015318603468599701e-01
4.689820110800000386e-01,9.150774586456442705e-01
1.203750014310000171e+00,8.849655066933002079e-01
7.911959886550000709e-01,9.046479545111665299e-01
1.136301159859999910e+00,9.876924578751333783e-01
8.642929792399999256e-01,1.001810402374022635e+00
8.814030289650001126e-01,9.826729180227841143e-01
5.817409753800000249e-01,9.781996890713325898e-01
8.651199936869999885e-01,9.500316376489931214e-01
9.078124761579998703e-01,9.363892649727223461e-01
7.377740144730000615e-01,1.015457227937131446e+00
1.120375037189999867e+00,1.043930593159016151e+00
9.422479867940000142e-01,1.024715978531714144e+00
1.060060024260000011e+00,1.043333581255012632e+00
7.158420085910000008e-01,1.063479921816801621e+00
4.040209949019999969e-01,1.014316638134556525e+00
2.920779883859999648e-01,7.289662020468502535e-01
6.317924261089999938e-01,4.251688323298169481e-01
1.124665260310000026e+00,4.864094138448324944e-01
1.115690946580000009e+00,8.583029375273876216e-01
1.247418999670000028e+00,1.023938639112263571e+00
6.976169943809999996e-01,1.000478846929844901e+00
3.693974971769999893e+00,9.650267439417508086e-01
8.204839825630000361e-01,4.064579967867020804e-01
8.573070168499999921e-01,4.596569198881603757e-01
6.902359724040000311e-01,5.360282924116250847e-01
8.385969996449998964e-01,5.672371013817227858e-01
1.287726998329999928e+00,6.942523874072026313e-01
9.632229804990000144e-01,9.288733419793240298e-01
1.343299984930000024e+00,9.644859217431431819e-01
7.316169738770000874e-01,9.369864275528475561e-01
6.809219717980000697e-01,9.257243105995563992e-01
7.014784216880000089e-01,9.441731100208724525e-01
6.698030233380000142e-01,9.008728304380901886e-01
1.365643024439999964e+00,8.711732062278128019e-01
9.781420230869999344e-01,9.133636420133000033e-01
6.786789894100000442e-01,9.846048005724767904e-01
5.976330041890000055e-01,9.994709994206723014e-01
8.193774819369999962e-01,9.501377476044868819e-01
7.911109924320000042e-01,9.906363957231260065e-01
1.044147372249999872e+00,1.061282395545704693e+00
1.400015950200000026e+00,1.036890113969518579e+00
8.748620152470000244e-01,9.495717595043416948e-01
6.228179931639999944e-01,9.393350806036758760e-01
7.164059877399998610e-01,9.737159086331174107e-01
6.523500084880000660e-01,9.418490427249921471e-01
9.379299879070001067e-01,8.882847633616181016e-01
5.936999917030000296e-01,9.486645193390846886e-01
5.393440127369999448e-01,9.427659706808673157e-01
9.370089769359999377e-01,7.891687900536414890e-01
8.087720274930000341e-01,8.891174223279778577e-01
5.654280185700000239e-01,1.083270089749351683e+00
6.020820140839999723e-01,9.230758164664967236e-01
1.146679997439999932e+00,7.766824959140777862e-01
9.824249744419998320e-01,8.903029200412164723e-01
5.671510100359999917e-01,1.035806946783547344e+00
7.866399884220000027e-01,9.651328566308311485e-01
7.388439774510000557e-01,9.315602906055820975e-01
6.810299754140000106e-01,9.692659104134031534e-01
7.086979746820000203e-01,9.259461701164055647e-01
6.642330288889999323e-01,9.042298468246586785e-01
5.124790072439999733e-01,8.601364913103104470e-01
6.040380001070000393e-01,7.698970753676220857e-01
6.728799939159999521e-01,7.767281580274638664e-01
8.265414834020000656e-01,8.471741236477974279e-01
4.546860158439999799e-01,9.420358398145460832e-01
5.594509840010000179e-01,8.275806562288491319e-01
1.332218050960000122e-01,7.447791612756861079e-01
1.633069962260000063e-01,4.512037601300272760e-01
1.797860413789999778e-01,1.278476538306189958e-01
5.747918486599999932e-01,7.487606993336197447e-02
8.508148789409999413e-01,3.337338696603414090e-01
8.527640104289999634e-01,7.966123917537137888e-01
1.687628030779999788e+00,9.836060185610885354e-01
2.149522066120000297e+00,8.486028300007298908e-01
8.122850060459999577e-01,7.440894357669006753e-01
1.239639997479999867e+00,7.599488926954006685e-01
2.128437280650000041e+00,8.896312776426283930e-01
2.139239072800000141e+00,8.004192835932101291e-01
9.779880046840000452e-01,7.086756617869953701e-01
6.937779784199998856e-01,7.320476594167916184e-01
7.218790054320000094e-01,8.500449339121791681e-01
7.631160020829999002e-01,9.065473243988491081e-01
8.565329909319999713e-01,9.931986268207132484e-01
1.109338045120000116e+00,1.011481309802585438e+00
6.476340293879999654e-01,1.031264382109750244e+00
9.241870045660001143e-01,9.826153260612618956e-01
7.877320051189998784e-01,1.009931542659035175e+00
1.305567026139999864e+00,1.074000491890591880e+00
9.107710123060001051e-01,9.849845483815339309e-01
8.699640035629999657e-01,9.975538865470107153e-01
5.743020176890000217e-01,1.045175014593617169e+00
8.599532246590000373e-01,9.406804400039331382e-01
4.775849878790000558e-01,9.131670892120964389e-01
1.108017444610000179e+00,8.393260282533839822e-01
1.290724992749999966e+00,8.759081873212142266e-01
8.591579794879999898e-01,9.346323242413850929e-01
3.058980107309999807e-01,9.377050167009121084e-01
9.039019942279998832e-01,8.143721751852391888e-01
6.352750062940000220e-01,8.041846991386891741e-01
1.023422956470000145e+00,9.217359365043513719e-01
6.730669736859999919e-01,9.265640450500495229e-01
8.504790067669999454e-01,9.986504347845573948e-01
5.141969919200000128e-01,1.020592022403026711e+00
1.527956604959999964e+00,8.832822006148083327e-01
4.094385623930000051e+00,8.190173657295735099e-01
9.952359795569999390e-01,3.805694063307091812e-01
8.670449852940000923e-01,3.975903615955043158e-01
1.141056060789999993e+00,4.574035279804367637e-01
1.622257947919999888e+00,5.081867838994514885e-01
1.980204939840000344e+00,6.536159657446471982e-01
1.375547051430000112e+00,7.893768244485153129e-01
1.851865053179999610e+00,8.226633443195053852e-01
1.420923948290000016e+00,8.152357505782082958e-01
1.589177966120000285e+00,8.006514623326460578e-01
1.673199415210000041e+00,8.502569672924429334e-01
2.123934030530000072e+00,8.499498397043115938e-01
1.648401975629999905e+00,7.054367789646038833e-01
1.204741954800000014e+00,6.641994835732288882e-01
7.920839786529999538e-01,7.382154565507916821e-01
1.227027416229999890e+00,8.301864589184311249e-01
1.226951003070000157e+00,9.583628155359853462e-01
1.131343960759999989e+00,9.977084507981972550e-01
1.252465009690000075e+00,1.008849187816034165e+00
1.116891980170000132e+00,1.010544747055333481e+00
1.122387051579999850e+00,1.011043032837959821e+00
1.040153026579999862e+00,1.033582432953717101e+00
8.091310262680000420e-01,1.043758519010654195e+00
7.681059837340000751e-01,1.054964178185464396e+00
7.982919812199998910e-01,1.056002287389890659e+00
7.666722536090000428e-01,1.024700861110453332e+00
1.057360053060000027e+00,9.995775201049588166e-01
8.607699871060000563e-01,1.029769789546835179e+00
1.070777058600000053e+00,1.063613549453717999e+00
5.301510095600000527e-01,1.065535684841052877e+00
6.604189872739999467e-01,8.966488465843731603e-01
9.909179806709998983e-01,8.211437871470520511e-01
3.561530113220000016e-01,9.860855400533202753e-01
9.618239998819998471e-01,8.115192011920023818e-01
1.244829058649999931e+00,8.057924073314982616e-01
8.381230235100001202e-01,1.014356912240991893e+00
9.245989918709999200e-01,1.010921324388202036e+00
8.131660223010001021e-01,1.071613946214764690e+00
1.003061056139999963e+00,1.067293975595317690e+00
8.752340078350000496e-01,1.065475986438964018e+00
7.991399765009998823e-01,1.080429202263342825e+00
8.812961578369999938e-01,1.067878189244153786e+00
1.063080191609999892e+00,1.033153299998323726e+00
9.057049751279999672e-01,1.031350727391131983e+00
6.909559965129999926e-01,1.059283630687026134e+00
1.355970025060000195e+00,1.023897998349480698e+00
7.572399973869999856e-01,9.407851176405277460e-01
2.043754577640000125e+00,9.687573886947967727e-01
8.576130270960000690e-01,7.868994494648806626e-01
2.364957094190000220e+00,8.049788901562896504e-01
4.179231166840000178e+00,7.249270545381291120e-01
2.233561992649999883e+00,4.598273289905967509e-01
8.013390302660000630e-01,4.684243718250874489e-01
8.372840285299999463e-01,6.957047100164469589e-01
8.851529955859999133e-01,8.552573316711024054e-01
9.040349721909999303e-01,9.029488130311125182e-01
1.302939534190000082e+00,1.011706778009068053e+00
7.228699922560000157e-01,9.829315602289678822e-01
8.009120225910000279e-01,9.762632931968409089e-01
1.032919287679999965e+00,1.032902094780514313e+00
1.321628212929999879e+00,1.061602674995954398e+00
9.367759823799999275e-01,9.949993450259021488e-01
7.007700204850000336e-01,9.954337324970964351e-01
7.624319791789999634e-01,1.018187882949079137e+00
1.144938945770000105e+00,1.011344731183418721e+00
7.721610069269999599e-01,1.028887238372291124e+00
8.772150278090000697e-01,1.020070026472463143e+00
1.243505001070000171e+00,1.079383423041321510e+00
6.381840109830000385e-01,1.016564110103931995e+00
7.468199729919999807e-01,9.602794037406903183e-01
6.839929819109999976e-01,9.528165138099484732e-01
1.419505119320000119e+00,9.734726943059872628e-01
6.141470074649999500e-01,9.457278370786774691e-01
7.347676754000000976e-01,9.250737861261607575e-01
6.770560145379999062e-01,9.658551189568074236e-01
1.074026942249999950e+00,9.842609217718933934e-01
6.156389713290000287e-01,1.022669720763305756e+00
9.692379832270000550e-01,9.676539043335069534e-01
9.916120171550001361e-01,9.774481613474943487e-01
8.089560270310000023e-01,1.079089121597690548e+00
2.435143947599999859e+00,1.056720377487929241e+00
8.223479986189999869e-01,6.371127284262116941e-01
5.938220024110000272e-01,6.829151261782777649e-01
5.762249827380000466e-01,8.105874041697386234e-01
4.224239885809999429e-01,8.492694581070732163e-01
6.765879988670000511e-01,6.964081281568632598e-01
5.520349740979999531e-01,6.344592120613824493e-01
9.015229940410000031e-01,7.758133832515337058e-01
7.489960193629999763e-01,8.770143142286037641e-01
8.627583980560000754e-01,1.039964124910356169e+00
9.480749964710000199e-01,1.063249343869278496e+00
1.055613875389999956e+00,1.051870867028913414e+00
1.970020055770000056e+00,1.046271923738415266e+00
9.391199946399999554e-01,8.029593524004315919e-01
1.009042978289999892e+00,7.986054976712142484e-01
7.824029922490001177e-01,8.976148343679464237e-01
1.016265034679999957e+00,9.254363233410048961e-01
8.782749772069999850e-01,1.060626904122277780e+00
7.353619933130000064e-01,1.078218302033182585e+00
1.109990954399999952e+00,1.045795270438241831e+00
7.727199792860000027e-01,1.017389370442273844e+00
1.164981961250000086e+00,1.019762460883744781e+00
7.157210111620000426e-01,1.008924672280898438e+00
1.475479006770000101e+00,1.003521012830455028e+00
8.354520201680000202e-01,9.207831585795789309e-01
7.344660162930000125e-01,9.424966153032605654e-01
7.861927747729999805e-01,1.009999411608719200e+00
1.143465042110000107e+00,1.007445349107298771e+00
9.246990084649998609e-01,9.949106887923432341e-01
2.958764553069999970e+00,1.035490884299571146e+00
2.138324022289999959e+00,5.890228721857775351e-01
2.038712024690000124e+00,5.878977032385316326e-01
1.480209946629999829e+00,6.181931778683815715e-01
9.367650747299999248e-01,6.673418921089525613e-01
1.715939760209999942e+00,7.835899488018712722e-01
1.001402020450000041e+00,8.739914082277687735e-01
8.896229863169999863e-01,8.721772596823499368e-01
7.492939829829999843e-01,9.587430578243646417e-01
1.115183949470000213e+00,9.920919902451226235e-01
9.457820057870000019e-01,1.033663558878376021e+00
6.452180147170000213e-01,1.031779401709551625e+00
1.164842009540000056e+00,9.956106194243107277e-01
1.244351029399999975e+00,9.953890472059990779e-01
9.045109748840001185e-01,1.008420878106575325e+00
5.575259923929999362e-01,1.017212671739271990e+00
5.778343677520000332e-01,9.669954326855102478e-01
7.199835777280000348e-01,8.788123775608276400e-01
7.607790231700000128e-01,9.474354207140958106e-01
5.404400229450000426e-01,1.018164991672532160e+00
8.009672760959999360e-01,9.414945525281137595e-01
7.710149884220000027e-01,9.519457406942848365e-01
6.709719896319999988e-01,1.035048528660952982e+00
2.768970489500000021e+00,1.000424976646588027e+00
3.086133003230000060e+00,5.866655476316633422e-01
1.116358041760000086e+00,4.945657145396692433e-01
1.018260955809999979e+00,4.691246983963529571e-01
7.442610263819999794e-01,5.778188433476783015e-01
1.114386796949999869e+00,6.371903626981154645e-01
1.380516409870000238e+00,7.904053244297620795e-01
1.229098439219999950e+00,8.742215525082895899e-01
1.573238968849999919e+00,8.524580217385363534e-01
1.245597958560000107e+00,8.081332335457421800e-01
8.298619985580000247e-01,7.953656316944064386e-01
5.376980304720000436e-01,8.270353601496085449e-01
8.593800067899999284e-01,8.475896766266024507e-01
7.949647903440000274e-01,9.576278165576849188e-01
8.122889995569999577e-01,1.071126696269874445e+00
1.209460973739999945e+00,1.035662570524592097e+00
1.043611049649999956e+00,1.010439617106468457e+00
9.914460182189999138e-01,1.018198181679804470e+00
1.377645969390000058e+00,1.051021096108269326e+00
7.495359778399999229e-01,9.870266837868471033e-01
7.549669742579999676e-01,9.613460500008577103e-01
8.522210121150000095e-01,1.026304391790498372e+00
1.312628030780000010e+00,1.061726919083434861e+00
9.499999880789999906e-01,9.859343211286712982e-01
8.433979749680000637e-01,9.945435180756605487e-01
6.329939961430000039e-01,1.037625841203672072e+00
6.848490238189999246e-01,9.872720035748367984e-01
8.296039700509999504e-01,9.473674508939035066e-01
1.117776036259999994e+00,1.025420740496616023e+00
1.060515046120000138e+00,9.915702933488181881e-01
9.966710209850000446e-01,9.773026538495244164e-01
6.726049780850000825e-01,9.799806124755208181e-01
8.499810099600000335e-01,9.562703761001821734e-01
7.929700016980000266e-01,1.006485916551949744e+00
7.509549856190000927e-01,1.077653147379644016e+00
9.556260704989999466e-01,1.041510191227663640e+00
6.085839867589999397e-01,1.050610314250029154e+00
7.782499790189999489e-01,9.430753616706178954e-01
5.098140239720000411e-01,9.310135761150130085e-01
6.364319920540000286e-01,8.759793298797906580e-01
6.015599966049999248e-01,8.246938222267178320e-01
6.556333899499999784e-01,8.466399077444491938e-01
6.385549902920000243e-01,8.454798208719880304e-01
8.762890100480000832e-01,9.090105607004013155e-01
7.967479825020000739e-01,1.004814540412514834e+00
6.824830174449999509e-01,1.070972341731861510e+00
8.025500178340000401e-01,1.018968717647621869e+00
7.950311899190000142e-01,1.018689333245990536e+00
1.584897041320000088e+00,1.067483534999068784e+00
1.017485976220000143e+00,8.810079402546961980e-01
9.177780151369998585e-01,9.127857364575715504e-01
1.230221033100000083e+00,9.962647690156014590e-01
1.027899026870000121e+00,9.788123272330186975e-01
9.125559926030000213e-01,9.748784239391629081e-01
7.935979962350000472e-01,1.010363747228291365e+00
1.030437946320000187e+00,1.027347471065969575e+00
5.325379967690000438e-01,1.038134098057422072e+00
6.127780079839999505e-01,9.544621927037156839e-01
8.741289973260000234e-01,8.887043428738358175e-01
3.667230010029999820e-01,9.895678078582476056e-01
7.391750216480000857e-01,7.931078171198322480e-01
5.604230165479999748e-01,7.692646228899464589e-01
7.758178114889999755e-01,8.942133654168714640e-01
8.102909922600001202e-01,9.051272960420799762e-01
6.437510252000000488e-01,1.042678288584554913e+00
7.236457467079999706e-01,1.005226022638998629e+00
9.113870263100000146e-01,9.865324257395354790e-01
6.627830266949999993e-01,1.011894842133948647e+00
1.002035975460000117e+00,9.854677456313649664e-01
8.224419951440000709e-01,9.651099877383636505e-01
1.030576944350000135e+00,9.434775548513624210e-01
6.781139969830000114e-01,9.353340773016654008e-01
5.333459973340000104e-01,9.471465111688263105e-01
3.209959864620000047e-01,8.732986179288597661e-01
7.608630061149999069e-01,6.557884290195765686e-01
7.439860105509998878e-01,7.321601572748658304e-01
5.468400120740000148e-01,1.002962865264782399e+00
7.004669904709999173e-01,8.683173917866485736e-01
8.356525897980000561e-01,8.388175209244905783e-01
1.274258971210000091e+00,9.837800974232602247e-01
8.934450149539999719e-01,9.299262542065844794e-01
6.211659908290000365e-01,9.374872519201651322e-01
7.900159955019999680e-01,9.299310928940046628e-01
1.067494988440000014e+00,9.724220106096428395e-01
6.698009967800000464e-01,9.970131015252410300e-01
1.265694975850000015e+00,9.695091747462963871e-01
6.380620002750000408e-01,9.566420124238537159e-01
9.348030090330000652e-01,9.460051976168984966e-01
8.006410002709999363e-01,1.000845731265260996e+00
1.085708975790000030e+00,1.040320181847552927e+00
3.527039885520000251e-01,1.023308191277116697e+00
5.883709788319999578e-01,8.505401994292443035e-01
4.875420033929999120e-01,7.802424062699948593e-01
4.636880159380000754e-01,7.726944211325232903e-01
3.637039959430000136e-01,6.468209515182561375e-01
8.750243186949999696e-01,5.643595571884424400e-01
6.435279846190000708e-01,6.975837440721729399e-01
4.834130108359999678e-01,9.656533331892305227e-01
2.120890021319999930e-01,8.644213877163813287e-01
4.560469985010000005e-01,5.685171825446819760e-01
4.367910027499999903e-01,4.980326834121563961e-01
7.238804101939999569e-01,6.003610192685783220e-01
5.560690164570000205e-01,7.340330924613756025e-01
4.748429954049999679e-01,8.852859626790605674e-01
2.674640119080000100e-01,7.906405718967925988e-01
9.588437080379998978e-01,5.267004384214487578e-01
7.868980169300000549e-01,6.486195026673684527e-01
1.794360995290000149e+00,1.064635971131277170e+00
1.337677955630000026e+00,8.509657660584116767e-01
1.210453987120000185e+00,8.737109125104602914e-01
5.654799938200000264e-01,9.507664398977090370e-01
4.008429944520000565e-01,9.282444314436550936e-01
2.727654874320000200e-01,7.398715545010154937e-01
5.836449861529999783e-01,4.270412142463455574e-01
8.533802628519999711e-01,4.949002276588315707e-01
8.660610318179999823e-01,8.617661596630213916e-01
1.158349990839999899e+00,1.031625647620168174e+00
7.764859795569999390e-01,1.020097492486281565e+00
1.068807005880000105e+00,1.022974014065588300e+00
5.888479948040000744e-01,1.053420205223563277e+00
1.588868498799999918e+00,9.686373618993823209e-01
4.327859878540000205e-01,8.358107305554537403e-01
3.996030092239999942e-01,8.300544180427265051e-01
5.545349717140000134e-01,7.938934641401925729e-01
6.221979856490000849e-01,8.331312695704925497e-01
1.149551987649999996e+00,8.502584499889074277e-01
1.121260046960000034e+00,9.263674657182509042e-01
9.776459932330001656e-01,1.031299164996310580e+00
1.732741951940000025e+00,1.048568355664062368e+00
2.302707910540000125e+00,8.786379707217338852e-01
1.053477048870000043e+00,7.507138565534640096e-01
7.962800264360000435e-01,7.635145039023153446e-01
5.203329920770000117e-01,9.442198683357090339e-01
6.104800105090000262e-01,9.144788558074802287e-01
4.453057944770000276e-01,8.126374026054777877e-01
6.522138714790000069e-01,6.365221022834250952e-01
1.175541162490000069e+00,6.711345962613897154e-01
1.032202124599999937e+00,9.226225738175685143e-01
7.193930149079998948e-01,1.004771827893405467e+00
8.200139999390000378e-01,9.827927658992370308e-01
9.497330188749999458e-01,9.878768765659061701e-01
1.039114952089999822e+00,1.000993536391203031e+00
5.883830189700000046e-01,1.002630422680846234e+00
9.508559703829999599e-01,9.574458557527382174e-01
5.277600288389999728e-01,9.974910422974390123e-01
7.736063003540000205e-01,9.389687151174769264e-01
9.703559875489999875e-01,9.078736141252684577e-01
1.383889913560000018e+00,1.040804127310380967e+00
7.795230150220000542e-01,9.855068229971390981e-01
6.069999933240000090e-01,9.445368048306119757e-01
4.660570025440000097e-01,9.155267745880346641e-01
9.455270171170000459e-01,8.645451123391705295e-01
6.238729953770000280e-01,9.410552269539588233e-01
3.923240005969999555e-01,9.475419539837113270e-01
5.156549811360000568e-01,7.095175916337713717e-01
9.679385423659998544e-01,6.529211068685246699e-01
1.356565952299999989e+00,8.238016986515673823e-01
9.072690010070001421e-01,9.384010262343532860e-01
8.162760138510000152e-01,9.813301501769189361e-01
2.479866981509999846e+00,1.055997395769656677e+00
1.133080005649999888e+00,6.767301052048617649e-01
1.045583963389999926e+00,7.108496347504638102e-01
8.474370241169999485e-01,8.318994642653712024e-01
1.536522984499999911e+00,8.714897487847507174e-01
9.008989930149998715e-01,8.946893805987663484e-01
4.812009930610000041e-01,9.071542659149861576e-01
8.572540283199999722e-01,9.067735683574816852e-01
8.617479801180000232e-01,9.412783712882729636e-01
1.008694052699999899e+00,1.073647006588591024e+00
1.127727031710000105e+00,1.068456868679170224e+00
7.795569896699999779e-01,1.049073282659980677e+00
9.895502924919998833e-01,1.030151184526050256e+00
8.363329768179998958e-01,1.072404304811975795e+00
9.099559783939999980e-01,1.071499774554972362e+00
5.511059761050000061e-01,1.079542511704606467e+00
1.239764332770000088e+00,9.247963391903885055e-01
1.211838960649999963e+00,8.981691855002421621e-01
1.379981994630000042e+00,9.912170516802166764e-01
1.148460984229999982e+00,9.684351281712448856e-01
7.663900256160000035e-01,9.565313563463933022e-01
9.660840034480000504e-01,9.655208976855419456e-01
8.156750202179999798e-01,1.013294269932697667e+00
1.142272949220000111e+00,1.048049787242259168e+00
1.299479961400000105e+00,1.029055853530881137e+00
8.583310246469999516e-01,9.949062923415514792e-01
7.149469852449999996e-01,9.932201817511858710e-01
8.764400482179999230e-01,1.035059657751917550e+00
8.305460214609999836e-01,1.023619854773827775e+00
8.535240292550000385e-01,1.058017457388468419e+00
9.092410206789999227e-01,1.102252333249438054e+00
5.202720165249999917e-01,1.109695415687544484e+00
7.411040067669999454e-01,8.696633118531021944e-01
5.853319764140000325e-01,8.401215808279749453e-01
5.047770142559999673e-01,8.979525391421474545e-01
5.519493222240000607e-01,7.565924700715559448e-01
9.697520136830000137e-01,6.910514257684676753e-01
1.116515994070000017e+00,8.611642194030278974e-01
1.049844980239999837e+00,1.047800681440982373e+00
6.342629790310000404e-01,1.045932003427600732e+00
5.644329786300000817e-01,9.926014355798479238e-01
9.184709787369998990e-01,8.753379534843911403e-01
9.593539834020000656e-01,9.164729532754199992e-01
5.984159708020000412e-01,1.060750111102493065e+00
9.383450150489998087e-01,9.729296467907908585e-01
4.542250037189999867e-01,9.754771479357275954e-01
7.079470157619999204e-01,8.617420897565408744e-01
3.876500129699999575e-01,8.092379404371649043e-01
4.484339952469999502e-01,6.851466032204149847e-01
8.405709862710000202e-01,5.208303081869124496e-01
5.337110161779999862e-01,7.330310316126066317e-01
7.211350202559999589e-01,8.398722835320538982e-01
5.215386152269999576e-01,8.126542609821086893e-01
7.050759792330000275e-01,7.568033078936226010e-01
6.405649781229999506e-01,7.787366510965553212e-01
5.168589949609999623e-01,8.916735670698665572e-01
1.660409450529999997e+00,7.755917811860911781e-01
2.465307950970000217e+00,7.842469976291347455e-01
1.622156023979999917e+00,7.094890520976486759e-01
1.866270065309999948e+00,7.239831212903148350e-01
3.623536109919999859e+00,8.131182329958244193e-01
7.948709726329999947e-01,5.241448341949019873e-01
9.065989851949999290e-01,4.910182745646731184e-01
8.571879863740000660e-01,6.790138998915975499e-01
7.756379842759999477e-01,7.005701641386219425e-01
7.006700038909999817e-01,7.848624952908435093e-01
6.443409919740000769e-01,9.545407633849694040e-01
7.579550147059999077e-01,9.518038932228927163e-01
5.499600172040000068e-01,9.310623162411755249e-01
4.964669942860000518e-01,8.286130531293822710e-01
1.367677569390000070e+00,7.167168760617125267e-01
1.397894024850000250e+00,8.337975675117766938e-01
8.148130178450000427e-01,8.378580965609176978e-01
1.278898954390000009e+00,7.986777189826540502e-01
8.623980283740000363e-01,7.751553602185931036e-01
1.093865990639999897e+00,8.106020311549930746e-01
8.134710192680000285e-01,9.618179397357456972e-01
1.466687083240000078e+00,1.042490732423023259e+00
9.060310125349999577e-01,9.428684744512064730e-01
7.652140259739999006e-01,9.191517530129414970e-01
1.311033964160000176e+00,9.160083739626627697e-01
7.892500162119999718e-01,9.239283571127550054e-01
1.474902033810000068e+00,9.442513945592665436e-01
9.167850017550001063e-01,9.366616746410014738e-01
1.186140060420000086e+00,9.343303070819332090e-01
1.411391973500000008e+00,9.664599772016140289e-01
2.092472076419999993e+00,9.547930282700183291e-01
7.189220190049999681e-01,8.060459109127657840e-01
1.301861047739999888e+00,7.803448909632516584e-01
1.268974781040000055e+00,9.363334348647790462e-01
1.221997022629999874e+00,9.539408831657950616e-01
9.061110019679999850e-01,9.625586369925540620e-01
1.078873991970000112e+00,9.597831245732517669e-01
1.028025031089999874e+00,9.901513132205147505e-01
7.863690257070000689e-01,1.017679828773559558e+00
1.276852965350000035e+00,1.052551863894206186e+00
7.093420028689999546e-01,9.987050016659465568e-01
5.201929807659999572e-01,9.738331413340582943e-01
5.645610094070000473e-01,8.707650098582174758e-01
9.855200052259998067e-01,7.511122381223696021e-01
1.092841982840000004e+00,8.692226467399977174e-01
4.786899983879999709e-01,1.017855536700849717e+00
3.955059945579999514e-01,9.282556905926120372e-01
1.850703001020000071e+00,7.678728334806418365e-01
1.195796012879999815e+00,7.367165996050782928e-01
1.702510833739999896e+00,8.497557736162131281e-01
2.998351097109999586e+00,8.612831633762784156e-01
2.407080888749999925e+00,6.213262384338068545e-01
2.585943937299999718e+00,5.844058240957655803e-01
2.233839035029999920e+00,6.166350932914528293e-01
1.655773043629999997e+00,6.190173698234385791e-01
1.430611014370000156e+00,6.783669079314169625e-01
8.921740055079999676e-01,7.677462542658352040e-01
1.231696963309999893e+00,8.505455842566465030e-01
8.955079913140000514e-01,1.008510233539770873e+00
1.602033019070000064e+00,1.011692645031845750e+00
1.585399031639999956e+00,9.044359011957219252e-01
1.232059955600000034e+00,8.712074446377284787e-01
1.210371017459999976e+00,8.985920493202966819e-01
1.242141008379999967e+00,9.623766517286982403e-01
9.857040047650000858e-01,9.830491389851976347e-01
7.289689779279999726e-01,9.979637337178299816e-01
6.761519908910000876e-01,1.016892535992605540e+00
1.071573019029999907e+00,9.996025991001051825e-01
9.457439780239998983e-01,1.006714761603228370e+00
4.376370012759999706e-01,1.037051013836002511e+00
5.141820311550000522e-01,9.129139563409153224e-01
3.387190103530000052e-01,8.246787105150144015e-01
7.144280076029999593e-01,6.981314467075111496e-01
4.996199905870000180e-01,7.355989354191586616e-01
7.917379736899999854e-01,8.913635163624732405e-01
8.646243214609999894e-01,9.250754879001087394e-01
6.024960279459999901e-01,1.072053797377110262e+00
1.260069966320000123e+00,9.628791392527473736e-01
1.012339949610000067e+00,9.375888211581766551e-01
1.004528999329999950e+00,1.003911544140859036e+00
6.310235261919999727e-01,1.036905909472139786e+00
1.141221046449999887e+00,9.878083980568854727e-01
5.426099896430000014e-01,9.428710087992941968e-01
8.547459840769999762e-01,9.353759621916410971e-01
7.744219899179999311e-01,9.617540224193200649e-01
3.084340095520000102e-01,1.032280708384671897e+00
8.376209735870000506e-01,7.915628806409206186e-01
7.293469905850000767e-01,8.083427330296628632e-01
7.503905892370000830e-01,1.037711044828954821e+00
1.134822010990000019e+00,1.013569052685613814e+00
1.614240050320000064e+00,9.875900331910851815e-01
1.244793057440000128e+00,9.085818063075302708e-01
7.141630053519999466e-01,8.885990263137616418e-01
7.293040156360000026e-01,9.152945783513948275e-01
6.486989855770000091e-01,9.544222117100142899e-01
3.427990078929999962e-01,9.892293171664701124e-01
3.861860036850000011e-01,7.917799177196922500e-01
6.366299986840000535e-01,6.444413928752731335e-01
3.990480005740000280e-01,7.371529714690778778e-01
4.178859889509999870e-01,7.318397556576765606e-01
1.103790521619999909e+00,6.250616935709918387e-01
6.956189870829999622e-01,8.115459760440160153e-01
8.070139884950000564e-01,1.009259745813134490e+00
5.947690010070000310e-01,1.029517697390077480e+00
1.107607960700000005e+00,9.516403317461369360e-01
9.713580012320001122e-01,9.470681888077163713e-01
7.170349955560000321e-01,1.036351544064025409e+00
6.764810085300000386e-01,1.025099251456899951e+00
1.687772989270000190e+00,9.575666982625384849e-01
9.907569885250001596e-01,8.274619673358333261e-01
8.082039952280000161e-01,9.038080379053836655e-01
1.087718963619999979e+00,1.002501049616986828e+00
1.564818024639999861e+00,1.027546405172077071e+00
6.673809885979999912e-01,9.300931064358728406e-01
1.256489992140000123e+00,8.935493081568424145e-01
1.091886043549999963e+00,9.478294204231897391e-01
7.375509738919999725e-01,9.642129711139958426e-01
6.224380135540000802e-01,9.729714189100304722e-01
8.364729881290000613e-01,9.344411221664443712e-01
5.774260163309999916e-01,9.597034568640839813e-01
1.015761017800000054e+00,9.525096199486766668e-01
1.106158971790000001e+00,9.579018802536363175e-01
6.945540308949998964e-01,1.039596577309122249e+00
1.130903959270000092e+00,1.000304694193791200e+00
9.518219828609998379e-01,9.896273506949025967e-01
7.524570226669999862e-01,1.015821286293202341e+00
5.585229992869999993e-01,1.015117467041192212e+00
1.415836334229999771e+00,9.085104682315492397e-01
1.855298042299999839e+00,8.681463280165619967e-01
7.845479845999999702e-01,7.582857064657417823e-01
8.210539817810000862e-01,7.215411654756013204e-01
5.835890173909999978e-01,7.662019395759674945e-01
8.359720110889999889e-01,8.079383379110778307e-01
2.184663057329999880e+00,9.316524317807126643e-01
6.805480122570000123e-01,7.483884366627160389e-01
1.238904953000000031e+00,7.524248878340276114e-01
1.030328035349999949e+00,8.708081818620391212e-01
7.914109826090000022e-01,8.750235365645772090e-01
8.423720002169999832e-01,8.707378539922200344e-01
4.464710056779999658e-01,8.982926126372178244e-01
5.589337944979999584e-01,8.176067087955056767e-01
7.099329829220000221e-01,6.893506911094501310e-01
7.334340214730000751e-01,7.927043648521177044e-01
7.833399772640000647e-01,9.354450946074981399e-01
8.426809906959999985e-01,9.889686959138408451e-01
1.099761009220000085e+00,1.073714120267064809e+00
8.706315755840000614e-01,1.056511228170339933e+00
5.862460136410000411e-01,1.040858636362649525e+00
8.863990306849999223e-01,9.340970408859432528e-01
1.019399046900000050e+00,9.470739233996797735e-01
8.493610024450000129e-01,1.054330913299743155e+00
1.010666966439999870e+00,1.037340746757274612e+00
1.331516027449999973e+00,1.033338836197388533e+00
1.215008974079999859e+00,9.984707017699587794e-01
1.645591020579999952e+00,9.847108017123062940e-01
9.708780050280001461e-01,9.078426464159252696e-01
1.411272048950000135e+00,9.044132807878032532e-01
7.953929901119999313e-01,9.561501267186603981e-01
1.046331048010000098e+00,9.467218824185285042e-01
8.879339694979999642e-01,9.869319999608876515e-01
8.349300026890000836e-01,1.000497076960452647e+00
9.847199916840001510e-01,1.037814422274270454e+00
1.090394020079999970e+00,1.071908456624322215e+00
4.901649951929999971e-01,1.057051433759200743e+00
6.141669750209999279e-01,9.335799224367191673e-01
6.314740180969999894e-01,8.800888048131264574e-01
8.252440094949999860e-01,9.247219688308101482e-01
1.051450967789999913e+00,9.871650255339184943e-01
1.047114968300000060e+00,1.044856138221386788e+00
3.921430110930000379e-01,1.034574443174999914e+00
4.695149958129999912e-01,8.801915406322973201e-01
7.720900177959999500e-01,7.509462321785435046e-01
7.520099878309999264e-01,8.789575217164479204e-01
6.877393722529999698e-01,1.034112280836213982e+00
6.718119978899999012e-01,9.810666147239311963e-01
1.185933232310000029e+00,9.443496336711532102e-01
6.571980118750000432e-01,9.877874910477156822e-01
8.213180303569999063e-01,9.837092684134780551e-01
7.795739769939998842e-01,1.017542152830092528e+00
1.030122995379999962e+00,1.062667306175599569e+00
6.211889982220000217e-01,1.054213361350526457e+00
8.660820126530001106e-01,9.921520041527873701e-01
9.608931541440000057e-01,1.001148952931680602e+00
6.760399937630000577e-01,1.096234402314020917e+00
7.402380108830000083e-01,1.025843273925912680e+00
5.984709858890000511e-01,9.981704320798274743e-01
6.151059865950000427e-01,9.226379106985377332e-01
9.358735680579999272e-01,8.443104134012048290e-01
5.818247795100000008e-01,9.590597769337386724e-01
7.156659960750000327e-01,9.428947440625046195e-01
6.529520154000000298e-01,9.089096790288921923e-01
9.700022935870000751e-01,9.746258127498627077e-01
7.834500074390000623e-01,1.019934147999490115e+00
7.448130249979999506e-01,1.065795044033437167e+00
8.276180028919999376e-01,1.035577490015344049e+00
8.943400979039998200e-01,1.048366068269828588e+00
2.505017042159999985e+00,1.072815041413980763e+00
1.620712041850000062e+00,6.038700201766580289e-01
1.417585968970000110e+00,6.512157001523898314e-01
1.049872040749999957e+00,7.440948915932803498e-01
1.226507544519999993e+00,8.211470924272635807e-01
1.043179035189999881e+00,9.553593386906717999e-01
9.694439768789999690e-01,1.019928393248307419e+00
8.192250132559999454e-01,1.059648526889727327e+00
8.129550218580000598e-01,1.067253551063547468e+00
6.712080240250000163e-01,1.074171063417327376e+00
5.289899706839999993e-01,1.008324442629862094e+00
3.461930155749999849e-01,8.282810800838938947e-01
4.789490103719999392e-01,5.970861336481189108e-01
1.153810977940000093e+00,5.445836840713140781e-01
9.671270251270001062e-01,8.025508967676152627e-01
7.845839858059999727e-01,1.035825660397760917e+00
4.701859951019999873e-01,1.067023094511335923e+00
5.632782578470000301e-01,8.524070826029603865e-01
2.416239976880000251e-01,6.944112277795542187e-01
2.709859907630000064e-01,5.074859316893771677e-01
1.994680017229999991e-01,3.719012580169177573e-01
1.327169984580000017e-01,3.095112623289041354e-01
4.732620120050000101e-01,1.457769843530286324e-01
6.585559844969999244e-01,2.417030592864142513e-01
9.621880054470000054e-01,6.397743470209477090e-01
5.111979842189999790e-01,9.650864942736826491e-01
9.829789996150000153e-01,8.703193123692806177e-01
9.100099802019999684e-01,8.818063212705294918e-01
1.026576042179999870e+00,1.066494808799955951e+00
8.309389948840000262e-01,1.065356714764300161e+00
9.651920199390000565e-01,1.058977061324311242e+00
1.000543951989999902e+00,1.087316219995387412e+00
1.983185052869999687e+00,1.068564028101079533e+00
1.274855017659999978e+00,8.007526490681580178e-01
1.286525964740000028e+00,8.309371597616453942e-01
1.382244944570000245e+00,9.101126468108634571e-01
1.736924052240000016e+00,9.162749059214820857e-01
1.257668018339999971e+00,8.422774367574220600e-01
7.533379793170000838e-01,8.337147392564133730e-01
1.084908962249999886e+00,8.997557761444021640e-01
1.062494039539999990e+00,9.813936324927370336e-01
7.787629961969999570e-01,1.032166872536945945e+00
8.256469964979999965e-01,1.032050093402058444e+00
9.891830086710000636e-01,1.061822687227220285e+00
1.418092012410000047e+00,1.080428241401598877e+00
1.151677966120000063e+00,9.653704172881626411e-01
1.250364065170000094e+00,9.703778592273003545e-01
8.794019818310000458e-01,1.001657180065488983e+00
1.089423060420000144e+00,1.008302029013236734e+00
1.809062957760000145e+00,1.056707880012604850e+00
8.687390089040000207e-01,8.620295777268487392e-01
8.521729707719999380e-01,8.591440270046393213e-01
1.307837963100000112e+00,1.004595318798499060e+00
1.262575984000000151e+00,9.954307376426894116e-01
7.601559758189999627e-01,9.778391781584944153e-01
1.069887042049999959e+00,9.812594139480965705e-01
8.579840064049999437e-01,1.044881082831148778e+00
1.149323940279999956e+00,1.035626502506686863e+00
1.067142963410000034e+00,1.013501754080896600e+00
7.400619983670000401e-01,1.021190591944128645e+00
6.799880266190000411e-01,1.023158551194249588e+00
7.323921322820000634e-01,9.751319477645163936e-01
8.352749943730000126e-01,9.097333945908724351e-01
6.000829935070000065e-01,9.621283664986005624e-01
1.010563969610000168e+00,9.137621788833992786e-01
7.613970041280000434e-01,9.349493796299174209e-01
7.260069847110000030e-01,1.051517852603441661e+00
1.064324021340000037e+00,1.028751145394811051e+00
5.901079773899998715e-01,1.036160709033017158e+00
7.744659781460000447e-01,9.661215293510554414e-01
7.406870126719998781e-01,9.606210500364160687e-01
8.908360004430001533e-01,1.033919460761894893e+00
7.620100975040000613e-01,1.060103149751254970e+00
7.774500250820000069e-01,1.041921303649147479e+00
5.811070203779999943e-01,1.019522240914106925e+00
7.908779978749999051e-01,9.608242103894459873e-01
8.903719782829999652e-01,9.347554155751451876e-01
7.882059812549999656e-01,1.043561574678364412e+00
7.301949858670000459e-01,1.050315395473002233e+00
9.248933196070001639e-01,9.854004149109828470e-01
1.265586972239999941e+00,1.011947739465304918e+00
7.884140014650000694e-01,9.846078582194700557e-01
9.180610179899998391e-01,9.926915848674928711e-01
6.569269895549999516e-01,1.070239649205879884e+00
8.252680301670000107e-01,1.010226717377930239e+00
4.257229864599999525e-01,1.004123500511915124e+00
9.114630222319998198e-01,8.521824896658655168e-01
7.238519787790000937e-01,8.677414162848700041e-01
9.657319784160000031e-01,1.044216450031553167e+00
7.194200158119999911e-01,1.037981861304646758e+00
7.146480083470000411e-01,1.040849714243444746e+00
6.188799738879999790e-01,1.012094478480183080e+00
8.502969741820000094e-01,9.129279803107955837e-01
6.113014817240000065e-01,9.189204744199678254e-01
8.405809998509999881e-01,8.921253012077198230e-01
5.909900069240000553e-01,9.071227626839557523e-01
1.191807866100000002e+00,9.471135168164196427e-01
1.072478055950000009e+00,9.399528198527616896e-01
7.976800203319999172e-01,9.901527007822401583e-01
7.140370011329999489e-01,9.855316639561590986e-01
8.885610103609999921e-01,9.991083273711234281e-01
7.367290258409999737e-01,1.029577749441572765e+00
9.655410051350000744e-01,1.019957973159935971e+00
8.569459915160000385e-01,1.033049019649733502e+00
5.838339924809999859e-01,1.087193901521107398e+00
3.047562122340000457e+00,9.502836992580516728e-01
8.865389823909999301e-01,4.445962725018917649e-01
1.186460971829999878e+00,4.509189840642051084e-01
8.750730156899999557e-01,3.904921957979102243e-01
1.111973047260000014e+00,4.118713597188096709e-01
6.929270029070000447e-01,5.910971608584051351e-01
5.632749795910000357e-01,9.414386566152437297e-01
5.519689917560000048e-01,9.295899697739091749e-01
9.211350083349998386e-01,8.933603050599517870e-01
5.465030074119999748e-01,9.738840641736441484e-01
9.997850060459999577e-01,9.298873299276300131e-01
7.512239813800000166e-01,9.404219555598617442e-01
8.402569890019999654e-01,1.045709765992295592e+00
7.843149900439999600e-01,1.047505134070420896e+00
5.915480256080000165e-01,1.063919847634354099e+00
6.109840273859999948e-01,9.587724900810818962e-01
9.328789710999999540e-01,8.490978483810054378e-01
7.992020249369999885e-01,9.317672128894639583e-01
9.833549857140000405e-01,1.068676534682515999e+00
5.405290126799999761e-01,1.070295301650948883e+00
1.093670010570000128e+00,9.193621760525144682e-01
9.266330003740002041e-01,9.158973509985915973e-01
7.972419857979999858e-01,1.055295036227354322e+00
5.896059870719999596e-01,1.063800273067568192e+00
7.799540162090000672e-01,9.114344487958335739e-01
5.182790160179999717e-01,8.680140469251483859e-01
7.263879776000000676e-01,8.297296511090808124e-01
6.216366887090000182e-01,8.246986867105225993e-01
8.810679912569999717e-01,8.608245966847051234e-01
7.315016984940000411e-01,9.227227975596321574e-01
9.703850150109999406e-01,1.049146478433768293e+00
8.715350031849999901e-01,1.054117714739241762e+00
5.505740046500000595e-01,1.086184894494228503e+00
2.576299905780000121e-01,9.367338391772250805e-01
6.952109932899999123e-01,6.015747119691712275e-01
3.547430038449999601e-01,6.310557626937542963e-01
1.308350920679999918e+00,7.601906515010999899e-01
1.424710035319999957e+00,8.220818627250624511e-01
2.422243118290000385e+00,9.507094086757095219e-01
1.588093161580000023e+00,7.419533627214842664e-01
2.882889986040000352e+00,7.352697237623517790e-01
1.510810017590000109e+00,6.193719327976685562e-01
5.103110075000000245e-01,6.034701265567534723e-01
6.637499928469999810e-01,7.367875541090744829e-01
5.865659713749999948e-01,8.416371274235767697e-01
9.182999730110000813e-01,8.729578430448858839e-01
1.126363039020000123e+00,9.397025710546970112e-01
9.455379843709997845e-01,1.047399133536179416e+00
7.979699969290000583e-01,1.049290151310599439e+00
8.895260095599999417e-01,1.059574904714869703e+00
5.017459988589999531e-01,1.059429134978907339e+00
7.889080047609999813e-01,9.449091882271645204e-01
5.571460127830000220e-01,9.363868512060518068e-01
8.079270124439998924e-01,8.978913725337732687e-01
7.382910251620000697e-01,8.781424047236233710e-01
6.742079854009999096e-01,1.013606490206795385e+00
8.787713646889999675e-01,9.560697335270618158e-01
7.401880025859999268e-01,9.892175747410828501e-01
8.886500000949999478e-01,1.038861837005335964e+00
7.983270287510000340e-01,1.061597850847425084e+00
5.137799978260000344e-01,1.085820935050072489e+00
7.760372757910000141e-01,9.063511975883404848e-01
8.528280258179999906e-01,8.915439172620653885e-01
7.851629853249999513e-01,1.032510902205543202e+00
8.431609868999999646e-01,1.049680263355159848e+00
1.024798870089999925e+00,1.064964774785781998e+00
8.044279813770001120e-01,1.074283887498646228e+00
8.841310143469999216e-01,1.059926121536628907e+00
3.615649938579999501e-01,1.068518207126152753e+00
1.171491026879999842e+00,7.905105906895115719e-01
4.477910101409999788e-01,7.912874971964353188e-01
7.665730118750000432e-01,8.943663016404741484e-01
7.735599875449999940e-01,8.867651209254228117e-01
1.054823040959999902e+00,1.036524061963105758e+00
7.843300104139999673e-01,1.035183201160178701e+00
1.034250974660000155e+00,1.048995315060823996e+00
1.096979022029999973e+00,1.064362065665836798e+00
7.633029818529999400e-01,1.052821983681520690e+00
5.883730053899999257e-01,1.034275928327329952e+00
6.365630030629999547e-01,9.371220566182369982e-01
5.750700235369999858e-01,8.318832453954912998e-01
5.399640202519999654e-01,7.731181683199419563e-01
1.324671149250000068e+00,7.103040334811355772e-01
8.178460001949999780e-01,8.327494767815920573e-01
6.359609961509999909e-01,9.858711112693966383e-01
8.135920166969999867e-01,9.925301292817254595e-01
9.872140288349999793e-01,1.001752611073110089e+00
9.839289784429999797e-01,1.079911723624379816e+00
5.904790163040000150e-01,1.081385825464058481e+00
8.986790180210000312e-01,9.671388919300109022e-01
6.268000006680000125e-01,9.605710088994239282e-01
6.926850080490000172e-01,9.381432895252213022e-01
5.757049918169999669e-01,8.696648075420384538e-01
6.764680147170000213e-01,8.390201220329527310e-01
8.279470205309999997e-01,8.069394474683844187e-01
6.547859907149999881e-01,9.241081534118610330e-01
1.085815548900000094e+00,9.521516421020184140e-01
8.509550094600001335e-01,9.660037794168426784e-01
8.879359960560000431e-01,1.053705299682031304e+00
6.557850241659999302e-01,1.104580786173201989e+00
6.597809791559999804e-01,1.000548714969733854e+00
8.856279850010000398e-01,9.151989084192969637e-01
7.502999901769999980e-01,9.839763101388939726e-01
9.303160309790001747e-01,1.047632420676558374e+00
7.259460091590000941e-01,1.050969472140358185e+00
7.123904824259998936e-01,1.038667062247244033e+00
9.326570034030000622e-01,9.986866481377736360e-01
6.544970273969999974e-01,1.041219143287549942e+00
4.987269937989999846e-01,1.020357131113587057e+00
9.782410264020000579e-01,8.868319506381954209e-01
5.593240261080000275e-01,9.314947982339883970e-01
8.733990192409999409e-01,9.388311144101082473e-01
6.232500076290000690e-01,9.417477365965624125e-01
6.319249868390000024e-01,9.711292358633414334e-01
8.335350155830000274e-01,8.513373768205071412e-01
8.613430261610000027e-01,9.242977901275631902e-01
1.036013007159999999e+00,1.097073545469627875e+00
6.160370111469999355e-01,1.051472766225718836e+00
9.874529838559999995e-01,9.910595437467520918e-01
6.686739921569999634e-01,1.005501690663207492e+00
6.455339789389999972e-01,9.947320815332604260e-01
1.007030010220000049e+00,9.200904556451190430e-01
7.763000130650000719e-01,1.000353405906389437e+00
9.358490109439999705e-01,1.059284372967374432e+00
6.626719832419999401e-01,1.076474522740026751e+00
1.113351941109999910e+00,9.847404702125397424e-01
5.495319962500000432e-01,9.661147215600550675e-01
9.273632764820000096e-01,9.092826952705889143e-01
8.215330243109999486e-01,8.977332445334589295e-01
9.193540215489999223e-01,1.017820424800981227e+00
6.899859905239998925e-01,1.032072957548672232e+00
6.497738957409999738e-01,1.007505299407188692e+00
9.705049991609999704e-01,8.803262594154444010e-01
8.034440279009998909e-01,9.208244233374214271e-01
8.920990228650002019e-01,1.075259735048294640e+00
7.462270259859999921e-01,1.088812265758901665e+00
1.495407462120000197e+00,1.024347846276721485e+00
7.597569823270000633e-01,8.997258026540855269e-01
9.677280187609998974e-01,8.846485520083269272e-01
1.126011013979999920e+00,8.605241185420074990e-01
7.641419768330000029e-01,8.877878787660744564e-01
1.423818945879999909e+00,9.207293606421559362e-01
8.309190273280000483e-01,9.161598701187236848e-01
5.316870212550000030e-01,9.160222130104220817e-01
6.942920088770000442e-01,9.107234174160814266e-01
1.097100019450000019e+00,9.273829493595145967e-01
8.623710274700000511e-01,1.021846387937276335e+00
9.711959958079999788e-01,1.054513131590426811e+00
7.501904964450000213e-01,1.080560858926878920e+00
5.659890174870000346e-01,1.048435474247067622e+00
7.235890030859999378e-01,8.583190788307922814e-01
1.088876962660000114e+00,7.999529334011974413e-01
2.614549994470000138e-01,9.501228509870073280e-01
1.923168003559999895e-01,6.970482012314223041e-01
2.048390060660000012e-01,3.893919260046477815e-01
3.752999901769999980e-01,3.041658323701606492e-01
1.878910064700000104e-01,3.418746570115700489e-01
4.178839921949999980e-01,3.238580823463617642e-01
6.128349900249999704e-01,3.759688426669234862e-01
4.822100102899999352e-01,5.995479739414621978e-01
8.136649727820000066e-01,6.658340238022665281e-01
8.997989892959999958e-01,7.858916019928036123e-01
7.667459845540000041e-01,1.002642021456122023e+00
6.762999892229999421e-01,1.018206315267447204e+00
9.804093837739999984e-01,9.779703407833166828e-01
1.075533032420000090e+00,1.017655654711391744e+00
6.459739804270000496e-01,1.023693400900624662e+00
7.601699829100000416e-01,9.848929029742746755e-01
8.707180023190000950e-01,9.984835123588033934e-01
1.045557022089999899e+00,1.073483812341246013e+00
4.832339882849999713e-01,1.064305747911552746e+00
1.085988998409999962e+00,9.146557277836987465e-01
7.320979833600000930e-01,9.161147440830362809e-01
7.128990292550000385e-01,1.023366824988261481e+00
1.045389056210000112e+00,9.996654815619726575e-01
7.359200119969999676e-01,1.017091456515514469e+00
8.956930041309999480e-01,1.012863935470915910e+00
8.745509982110000191e-01,1.044200024600800969e+00
9.237470030779999508e-01,1.101843314179446365e+00
9.997780323029999971e-01,1.099943659690228559e+00
1.739534020420000049e+00,1.078350427542666301e+00
8.107889890670000321e-01,8.644505480569040223e-01
7.049050331119999235e-01,8.620903042301661934e-01
8.328269720080000438e-01,9.173002910611102179e-01
8.276600241660000412e-01,9.523931146627629962e-01
8.953109979630000659e-01,1.023732785863952444e+00
1.459501028060000039e+00,1.105826191841773998e+00
1.179519057270000060e+00,9.456168636933404148e-01
1.443411946299999915e+00,9.556709781280282590e-01
1.306735038760000078e+00,9.570869804087732691e-01
7.634999752040000365e-01,9.495323460495780354e-01
1.145148038860000161e+00,9.789381000529896459e-01
7.253450155259999477e-01,1.019186784903095999e+00
7.633590102199999672e-01,9.871717078613423402e-01
6.174820065499999622e-01,9.711775599297867156e-01
1.029322981830000039e+00,9.065946189941098687e-01
1.302055954929999926e+00,9.713329591134882701e-01
3.164124965670000122e+00,1.000422934458316870e+00
9.734439849849999549e-01,5.650770650419113528e-01
1.229671001429999855e+00,5.803089722963351571e-01
7.441530227660000385e-01,8.281923602194859457e-01
1.063034057620000139e+00,8.575942295617461353e-01
1.123872041700000102e+00,9.899846752695672381e-01
8.984770178790000283e-01,1.041460477539340790e+00
7.175139784810000698e-01,1.045745989685526345e+00
5.367509722709999931e-01,1.045559935932062423e+00
1.175443053249999981e+00,8.956655819162037124e-01
1.101048946379999949e+00,9.148400070456604860e-01
5.734490156170000130e-01,1.029520311267476229e+00
1.431144952770000200e+00,9.517991724425891586e-01
1.037794947620000130e+00,8.901664021466748622e-01
6.568620204930000206e-01,9.715655300700143382e-01
1.074908018110000141e+00,9.945979131317682631e-01
1.385972023009999887e+00,1.012858010078702353e+00
1.004804968829999812e+00,9.835640122542739228e-01
1.609539985660000116e+00,9.849548793713808204e-01
2.817575931549999524e+00,9.284110940526008049e-01
1.962562561039999709e+00,6.432393105055214111e-01
1.279752016069999998e+00,6.341066095120163615e-01
1.995329976079999845e+00,7.506658791616895865e-01
2.033385992049999924e+00,7.632105727881882684e-01
1.307443976400000096e+00,7.452145341069840168e-01
1.611258029939999892e+00,8.156843884639854991e-01
2.040218114850000042e+00,9.075879071506088858e-01
2.183244943620000100e+00,7.981886498699709565e-01
1.351415991779999937e+00,7.319103150441665928e-01
7.242180109020001089e-01,7.748093563409121920e-01
1.363389015200000109e+00,9.031832936111596766e-01
1.526808977129999967e+00,9.598227151274982827e-01
1.784019589420000163e+00,9.276986651720774413e-01
1.103597044940000105e+00,8.661470219529707748e-01
1.763007998470000004e+00,8.774529235584328513e-01
1.157549023629999896e+00,8.719541096903151711e-01
1.153326034550000045e+00,8.711895876997551857e-01
2.362811088559999551e+00,9.523292163198285865e-01
2.580787897110000007e+00,7.514954142786833824e-01
1.242146968839999976e+00,6.498689970212950806e-01
1.712821006770000265e+00,6.926724687720552387e-01
6.676509976389999323e-01,8.076622110332559723e-01
8.271329998970000652e-01,7.988900982083159130e-01
9.642647504809997994e-01,9.465829118841236900e-01
1.394161701200000048e+00,1.064123356902893391e+00
7.584049701689999923e-01,9.544757280629015961e-01
6.900759935379999765e-01,9.595148868390367403e-01
6.740249991419999809e-01,9.961849249066035972e-01
8.615220189090000424e-01,9.807440551704191822e-01
7.907469868659999790e-01,1.028655229199861632e+00
7.285000085830000138e-01,1.070370730744599319e+00
2.411980032920000294e-01,1.032518366930852860e+00
3.354600071909999981e-01,6.048255232208100685e-01
5.912460088730000507e-01,3.432196877260288992e-01
1.058426976200000036e+00,4.983346186342821893e-01
7.669919729230000316e-01,8.492930363420787554e-01
5.881239771840000019e-01,1.041830017518422080e+00
5.922303199769999305e-01,9.302130926470937311e-01
8.753510117530000079e-01,7.793635327033289206e-01
7.038279771799998974e-01,8.655964262087323391e-01
5.677499771120000371e-01,9.891915749809536695e-01
7.133870124819999825e-01,8.582861249351056987e-01
1.077505946160000061e+00,8.709015383152274303e-01
6.909419894220000247e-01,1.000496593465160622e+00
7.724580168719999973e-01,1.015257287125158836e+00
7.237120270730000859e-01,1.008407834155653271e+00
9.752489924429998958e-01,1.004880654017860753e+00
9.151769876479998178e-01,1.036849714135159362e+00
