1.201630949974060059e+00,1.083967281196586141e+00
8.802530169486999512e-01,1.108820460750550074e+00
8.531429767608642578e-01,1.087249063596143372e+00
7.591750025749206543e-01,1.134413520480616500e+00
1.005007982254028320e+00,1.129375238776070711e+00
7.687720060348510742e-01,1.060647720478093969e+00
1.740013241767883301e+00,1.078277141037599751e+00
2.913533687591552734e+00,1.221869047316671564e+00
4.963075160980224609e+00,1.492162194703798184e+00
1.471215128898620605e+00,2.306123756825311677e+00
1.000648975372314453e+00,2.495096422325405072e+00
8.220189809799194336e-01,1.732062603071005347e+00
9.362199902534482643e-01,9.002542750330811971e-01
5.486897230148315430e-01,1.640096963627635795e-01
1.111255049705505371e+00,8.191227847104335380e-01
7.148039937019348145e-01,1.253579024525702801e+00
1.052167057991027832e+00,1.177390985126587353e+00
8.955980539321898304e-01,1.080761145903764708e+00
7.769405245780944824e-01,9.949276783320821771e-01
5.699509978294372559e-01,1.184893289185276366e+00
8.244060277938842773e-01,1.413089663561564402e+00
5.800840258598327637e-01,1.244483343441957102e+00
9.488009810447691761e-01,1.053921953812561263e+00
7.918390035629272461e-01,8.533533429324672293e-01
6.937990188598632812e-01,9.798883537066239713e-01
6.834830045700073242e-01,1.079095287755037713e+00
9.433320164680479847e-01,1.091507298961839956e+00
1.032713770866394043e+00,1.069062888801197264e+00
2.556216001510620117e+00,1.103209035671050886e+00
2.464895963668823242e+00,1.319721393966839962e+00
2.728049993515014204e+00,1.470991348020000977e+00
3.558506965637206476e-01,1.546357248307711929e+00
3.262020051479339600e-01,1.340951266045795176e+00
3.781589865684509277e-01,9.437662258603553012e-01
6.306380033493041992e-01,8.338663832013197830e-01
8.854129910469055176e-01,8.225078925375102212e-01
9.743152856826782227e-01,1.074286130513545601e+00
7.307389974594116211e-01,1.155095746055769812e+00
9.521890282630921520e-01,1.156159290831126896e+00
1.011654973030090332e+00,1.119825774925260919e+00
7.643579840660095215e-01,1.119594002668839794e+00
3.306220054626464844e+00,1.099297452035879585e+00
7.543110251426696777e-01,1.416843415545969709e+00
1.409499049186706321e+00,1.473023566661073813e+00
6.401469707489013672e-01,1.402195312306271369e+00
8.640019893646240234e-01,1.236998410051580510e+00
8.469420075416564941e-01,7.644048962113162426e-01
7.976629734039306641e-01,9.553003554028903777e-01
9.555831551551821068e-01,9.872547791877935852e-01
9.546210169792175293e-01,1.089860896293567860e+00
5.251880288124084473e-01,1.118109362816370744e+00
1.275226235389709695e+00,1.102306616503218928e+00
8.355640172958374023e-01,1.118272379454775534e+00
7.640249729156494141e-01,1.103000043226529669e+00
4.752210080623626154e-01,1.090073660805737310e+00
7.414129972457885742e-01,1.083781013580987107e+00
1.069700956344604492e+00,1.029193755393196907e+00
7.892770171165466309e-01,1.099560718718691099e+00
6.914690136909484863e-01,1.120715179702455933e+00
7.093830108642578125e-01,1.127068411075596854e+00
1.115731000900268555e+00,1.076093676411415512e+00
1.002280950546264648e+00,1.083965078721035313e+00
1.143296003341674805e+00,1.143456217067462255e+00
6.746559739112854004e-01,1.170430865838014700e+00
6.694570183753967285e-01,1.127848893490348559e+00
7.814120054244995117e-01,1.052378823253816709e+00
8.469259738922119141e-01,1.048217810192719091e+00
6.482390165328979492e-01,1.053777470445491637e+00
7.183309793472290039e-01,1.084888122306248537e+00
9.541710019111631080e-01,1.077784997240718079e+00
6.694499850273132324e-01,1.103605759867361646e+00
6.464660167694091797e-01,1.087296636181807052e+00
9.235979914665222168e-01,1.110798590938287145e+00
1.067314028739929199e+00,1.100957204353771868e+00
6.827279925346374512e-01,1.089723023020379378e+00
6.464239954948425293e-01,1.147795053776925478e+00
7.273989915847778320e-01,1.124730846363888537e+00
8.693690299987792969e-01,1.071396394792901718e+00
4.518609941005707342e-01,1.038132314123089817e+00
4.952389895915985107e-01,1.040314573469597770e+00
7.243813276290893555e-01,1.057199153401296110e+00
7.400469779968261719e-01,1.062356243182204452e+00
8.204330205917358398e-01,1.064493237034018547e+00
1.108605027198791504e+00,1.115418257416357806e+00
1.039268016815185547e+00,1.148630769996391798e+00
7.877500057220458984e-01,1.160256597056310124e+00
9.367713332176208496e-01,1.137278552092307660e+00
6.470239758491516113e-01,1.107806329233059328e+00
1.187446951866149902e+00,1.053286686407380879e+00
7.528370022773742676e-01,1.100555978343512598e+00
2.307340055704116821e-01,1.138689055169805897e+00
8.772729635238647461e-01,1.055610514658462673e+00
2.742219865322113037e-01,1.055413961068907502e+00
9.923512339591979980e-01,9.795228518807141960e-01
7.200859785079956055e-01,1.062315868441960909e+00
7.269890308380126953e-01,1.170729924558787216e+00
6.872699856758117676e-01,1.097362854459097870e+00
8.352038264274597168e-01,1.128305219241681812e+00
1.023357987403869629e+00,1.069140772851369992e+00
9.300749897956847034e-01,1.112028725217122149e+00
5.104020237922668457e-01,1.133801318567157157e+00
4.551239907741546076e-01,1.114112867685014496e+00
7.012919783592224121e-01,1.050847546630746754e+00
1.123770236968993919e+00,1.020358334675126377e+00
4.689320027828217108e-01,1.079509886379652617e+00
1.145424962043762207e+00,1.112368157418266446e+00
1.557039022445678711e+00,1.158135458396394979e+00
1.062240004539489524e+00,1.222897366350142123e+00
2.247971057891845703e+00,1.212150205897452038e+00
8.389729857444763184e-01,1.355217379292043445e+00
6.386680006980895996e-01,1.257713200770758544e+00
1.085826039314270020e+00,1.062221596411001334e+00
6.923220157623291016e-01,1.062130713628872236e+00
1.279224038124084473e+00,9.120895454885880049e-01
4.283109903335570734e-01,1.065393110324919901e+00
8.846225738525390625e-01,1.118369247081566709e+00
9.259700179100035511e-01,1.062468307431485792e+00
9.073020219802856445e-01,1.118132632339063903e+00
8.741459846496582031e-01,1.081075504529635856e+00
7.683960199356079102e-01,1.153881624694478081e+00
7.523270249366759144e-01,1.088513774924502853e+00
1.977947235107421431e+00,1.057146974509292514e+00
6.822599768638610840e-01,1.169648125261605776e+00
2.116506099700928178e+00,1.263567872872040310e+00
1.727593064308166504e+00,1.373848262947142018e+00
1.114274978637695090e+00,1.427895826758953657e+00
1.102354049682617188e+00,1.177738683649214302e+00
6.531813144683837891e-01,1.134128831156826500e+00
1.023204803466796875e+00,9.317044219075507616e-01
1.108754038810729980e+00,9.430412599485237246e-01
1.829927563667297363e+00,1.075839304883895453e+00
1.265669584274291992e+00,1.158490906164549861e+00
1.030689358711242898e+00,1.292774790211124403e+00
1.099169254302978294e+00,1.221609819448677747e+00
7.758393883705139160e-01,1.146013732990507572e+00
8.666771054267883301e-01,1.017378288987972113e+00
7.614132165908813477e-01,9.917415025257709793e-01
1.078659296035766602e+00,1.043886080149409645e+00
6.600005030632019043e-01,1.062449645427081091e+00
6.280704736709594727e-01,1.137408581293847254e+00
9.000409841537475586e-01,1.136562846228857282e+00
1.011121273040771706e+00,1.122039249436240560e+00
7.521411776542663574e-01,1.072344762519819694e+00
6.799052953720092773e-01,1.056457156083360660e+00
6.504104733467102051e-01,1.085424211999749700e+00
9.056316018104552112e-01,1.080671379057485115e+00
7.056654095649719238e-01,1.078150771591000368e+00
6.592794060707092285e-01,1.086438498608229386e+00
7.808002829551696777e-01,1.069599591454879928e+00
9.280405640602111816e-01,1.072401969040001291e+00
3.888399899005889893e-01,1.084672007904009527e+00
2.337300032377243320e-01,1.089957371175087397e+00
3.949534893035888672e-01,1.032498346248508891e+00
7.839220166206359863e-01,9.968739170785941850e-01
9.723259806632995605e-01,1.026168456675050633e+00
1.345324039459228294e+00,1.138966080596597097e+00
6.804850101470947266e-01,1.262516259018779285e+00
8.075709939002990723e-01,1.230304044161956822e+00
9.960750937461850807e-01,1.138237712762347753e+00
4.713059961795806330e-01,1.088814935154877928e+00
1.126214265823364480e+00,1.000479217366681883e+00
7.747610211372375488e-01,1.090256953915885951e+00
8.005080223083496094e-01,1.253469847191548636e+00
1.195780038833618164e+00,1.308716306151116227e+00
4.899359941482543390e-01,1.298342051529458141e+00
7.445690035820007324e-01,1.074971736071515860e+00
8.565919995307922363e-01,9.178271793921833899e-01
7.605929970741271973e-01,9.718064669523829302e-01
7.421634793281555176e-01,1.022953141348966755e+00
8.745691180229187012e-01,1.097730318164093610e+00
1.477671980857849121e+00,1.098958350825242958e+00
5.030400156974792480e-01,1.209272356647464353e+00
2.968195915222167969e+00,1.230936489417993274e+00
4.084815025329589844e+00,1.378581443359189418e+00
4.121052026748656671e-01,1.597996368351929375e+00
6.408920288085937500e-01,1.374958038596293619e+00
1.060830354690551758e+00,1.288972139838074682e+00
1.886373996734619141e+00,9.208736584546423076e-01
3.931840062141417902e-01,8.401051407865773868e-01
1.045531988143920898e+00,1.148130883972164451e+00
8.046740293502807617e-01,1.165696605820110365e+00
8.532550334930419922e-01,1.087589843289950675e+00
7.301589846611022949e-01,9.708682148907319398e-01
2.700940072536468506e-01,1.111122345947949785e+00
5.079169869422912598e-01,1.020206984950973839e+00
1.267657995223999023e+00,1.017559654555046045e+00
3.999615430831908736e+00,1.098136756416720372e+00
2.102678060531615767e+00,1.531125450816614109e+00
1.291347503662109375e+00,2.128008603634448992e+00
2.390191078186035156e+00,2.227469103454089439e+00
1.599208950996399148e+00,1.816809790053059759e+00
1.298205018043518066e+00,9.545757409215417377e-01
1.360355019569396973e+00,6.969132140191383051e-01
4.276689887046813965e-01,9.060177110040662507e-01
3.897170126438140314e-01,9.472908145302849636e-01
1.546036005020141602e+00,9.344348024640757311e-01
8.653150200843811035e-01,1.020376175075872194e+00
8.454149961471557617e-01,1.039186821999720900e+00
1.435889005661010742e+00,1.139143363175887602e+00
6.206179141998291016e+00,1.206346111690804745e+00
9.077759981155394398e-01,1.713987253015897494e+00
5.264570116996765137e-01,1.938619601002183668e+00
9.704009890556335449e-01,1.675609013452457718e+00
6.997730135917663574e-01,1.237334065403605132e+00
6.361600160598754883e-01,3.907916822543096025e-01
6.393389701843261719e-01,8.355631143286343931e-01
5.699130296707153320e-01,1.046639156839571427e+00
4.694110155105590820e-01,1.054914883491555599e+00
8.482750058174133301e-01,1.065217469490776558e+00
6.324055790901184082e-01,1.086723263803173856e+00
3.047409951686859131e-01,1.075962874217099463e+00
2.148479968309402466e-01,1.062750085703729530e+00
4.153338372707366943e-01,1.021347547026864033e+00
9.913370013236998401e-01,9.806989362878606453e-01
7.429170012474058948e-01,1.085886742456509735e+00
8.799139857292175293e-01,1.156108318704516913e+00
1.240342974662780762e+00,1.193302888541733164e+00
3.054729998111724854e-01,1.195866387140399612e+00
1.285866022109985352e+00,1.082564001095623452e+00
1.090137004852295144e+00,1.133596801802221332e+00
3.773260116577148438e-01,1.148450684226516749e+00
2.288666009902954102e+00,1.057500605331028076e+00
8.070570230484008789e-01,1.369629126588856494e+00
8.929409980773925781e-01,1.339064444757608552e+00
1.832507014274596724e+00,1.276878000794988255e+00
7.223749756813049316e-01,1.300159163564694742e+00
7.407349944114685059e-01,9.019402400074848503e-01
1.236768960952758789e+00,1.017008624114137838e+00
7.108730077743530273e-01,1.096395713125473792e+00
6.473349928855895996e-01,9.951340470581301334e-01
1.024247765541076882e+00,1.065209120958597877e+00
7.440620064735412598e-01,1.093138858064194530e+00
5.768560171127319336e-01,1.062785447207877043e+00
1.137029051780700906e+00,1.091436612901057090e+00
4.941360056400298517e-01,1.140097467664341391e+00
1.271524906158447266e+00,1.044963704954966932e+00
8.988280296325682484e-01,1.086724287905958652e+00
8.299319744110107422e-01,1.169535166368950385e+00
5.502920150756835938e-01,1.106043518398032166e+00
8.491920232772827148e-01,1.142661591398040910e+00
7.995309829711914062e-01,1.044722294086580794e+00
8.413559794425964355e-01,1.057855069138085025e+00
7.240070104598999023e-01,1.111385613572775988e+00
6.538060307502746582e-01,1.113871218746907532e+00
6.538396477699279785e-01,1.062146080611642951e+00
8.085789680480957031e-01,1.059723851100065062e+00
2.556999921798706055e-01,1.065691362719704882e+00
1.151844024658203125e+00,1.052465572665263638e+00
1.088750958442687988e+00,1.095177778322281803e+00
8.547700047492980957e-01,1.134465458149908068e+00
1.052428960800170898e+00,1.187325041796557068e+00
1.797067999839782715e+00,1.272696696220486645e+00
8.751260042190551758e-01,1.272569312409196129e+00
7.571684122085571289e-01,1.237495782615317896e+00
9.052469730377196155e-01,1.110355354255700089e+00
6.141330003738403320e-01,1.069069549122914520e+00
6.452289819717407227e-01,9.416138835956643360e-01
8.408679962158203125e-01,1.037383552543554632e+00
6.755350232124328613e-01,1.072531556386556950e+00
1.084153056144714355e+00,1.014615656922928100e+00
1.359479665756225586e+00,1.098178607138710960e+00
5.357339978218078613e-01,1.179635312808730907e+00
7.839810252189636230e-01,1.143705107034212798e+00
1.015287995338439941e+00,1.117603466073322505e+00
1.319244027137756348e+00,1.101948720487013755e+00
1.176299691200256348e+00,1.120459374930176999e+00
1.307337045669555664e+00,1.214102706094661421e+00
2.298435926437377930e+00,1.224472785422104470e+00
8.794149756431579590e-01,1.297012854074778287e+00
1.578516006469726562e+00,1.280976963310054062e+00
9.928810000419616699e-01,1.264409558247624021e+00
1.017398953437805176e+00,1.121711820304484464e+00
4.884769916534423273e-01,9.269641161165069754e-01
1.209630966186523438e+00,1.001457213781030253e+00
1.519726991653442383e+00,1.009438791525489654e+00
1.571495056152343750e+00,1.139723584443304683e+00
1.192077994346618874e+00,1.237204746395931920e+00
1.402015686035156250e+00,1.283721108872786010e+00
1.162554860115051270e+00,1.181606631362960735e+00
1.253835797309875710e+00,1.142326575685686629e+00
1.734062552452087402e+00,1.100085330389629190e+00
2.394351005554199219e+00,1.192152310165508267e+00
1.886527061462402122e+00,1.525385623852957062e+00
9.099829792976379395e-01,1.708157139946169245e+00
1.049708962440490723e+00,1.464894687021488284e+00
1.277305960655212402e+00,1.063840694183624258e+00
4.846229851245879572e-01,7.342782659745564766e-01
8.322510123252868652e-01,8.709893963381341031e-01
3.410890102386474609e-01,1.082576447020769717e+00
8.153510093688964844e-01,9.949521471714757315e-01
6.998159885406494141e-01,9.720504283101272236e-01
6.866139769554138184e-01,1.074194654271161786e+00
7.018824815750122070e-01,1.087057203954044038e+00
7.204269766807556152e-01,1.119601998781640795e+00
6.408870220184326172e-01,1.187131722176304027e+00
1.001817584037780762e+00,1.240145264301206085e+00
1.450595021247863770e+00,1.190455694733857595e+00
1.099555015563964844e+00,1.168862650308920337e+00
1.254430413246154785e+00,1.057086543419010205e+00
7.186369895935058594e-01,1.140335597487126318e+00
9.891759753227234997e-01,1.165859879266521126e+00
4.281075000762940341e+00,1.073949579494747564e+00
7.096589803695678711e-01,1.522908472272563651e+00
8.907449841499328613e-01,1.519603332520738093e+00
1.608888030052185059e+00,1.363563015449075433e+00
1.184751033782958984e+00,1.305395726658764355e+00
6.946156024932861328e-01,8.746775592794590048e-01
7.754629850387573242e-01,1.158505854920841349e+00
9.269009828567504883e-01,1.096596055654720958e+00
9.248849749565125622e-01,8.857116905126697359e-01
8.752880096435546875e-01,1.003190442482429168e+00
8.627579808235168457e-01,1.179324415874423826e+00
8.495249748229979359e-01,1.147349882750204664e+00
6.132180094718933105e-01,1.084391320125112967e+00
8.710420131683349609e-01,1.055090679627881167e+00
9.089673757553100586e-01,1.041558886429350794e+00
9.856920242309571423e-01,1.072466129280161162e+00
1.309872984886169434e+00,1.125663398946114668e+00
5.933508276939392090e-01,1.209302408214459224e+00
1.131836414337158203e+00,1.187036920338911727e+00
2.261745929718017578e+00,1.144889589719274792e+00
2.399192094802856445e+00,1.216830049168761141e+00
2.269547939300537109e+00,1.318413785668978377e+00
1.452262043952941895e+00,1.489908516271975181e+00
1.311915040016174316e+00,1.455222512938605162e+00
1.275267004966735840e+00,1.215775578096342180e+00
8.153480291366577148e-01,1.080028434159824080e+00
6.043019890785217285e-01,9.818925121104437048e-01
1.101529002189636230e+00,9.327288562040572106e-01
4.356400072574616034e-01,1.006081110080365049e+00
8.039849996566772461e-01,1.024573323914615086e+00
5.734559893608093262e-01,1.064973142377973137e+00
4.163750112056731623e-01,1.057952459303572734e+00
7.749050259590148926e-01,9.702566917187946949e-01
3.839260041713714044e-01,1.068875039312277453e+00
1.054715037345886230e+00,1.048536854028061294e+00
5.931029915809631348e-01,1.116342501372568741e+00
8.359869718551635742e-01,1.126597852799817279e+00
9.755985140800477184e-01,1.105333883140388940e+00
1.098647952079772949e+00,1.152374222375987856e+00
8.061249852180480957e-01,1.108265405862831177e+00
7.896029949188232422e-01,1.145278858794508858e+00
5.455229878425598145e-01,1.097561073728340997e+00
7.707700133323669434e-01,1.054343992677944986e+00
8.110550045967102051e-01,1.032922419125979152e+00
1.002521038055420144e+00,1.092800955418143039e+00
9.160850048065185547e-01,1.131500392576554770e+00
9.283249974250793457e-01,1.158009836410762716e+00
9.950090050697327770e-01,1.114503435818581245e+00
1.038689017295837402e+00,1.099862863052560868e+00
5.214130282402038574e-01,1.112933103979610872e+00
1.159701943397521973e+00,1.080374827452760256e+00
1.195862650871276855e+00,1.102901161793379714e+00
8.844429850578308105e-01,1.123404458634780889e+00
7.702100276947021484e-01,1.159835224612885352e+00
8.937159776687622070e-01,1.198487578547527077e+00
5.142210125923156738e-01,1.086191592356252178e+00
6.410769820213317871e-01,1.015704785096219975e+00
1.203750014305114746e+00,1.026475116861390147e+00
1.136301159858703613e+00,1.110264442433678056e+00
8.814030289649963379e-01,1.162243829156597519e+00
8.651199936866759144e-01,1.206114503909202940e+00
7.377740144729614258e-01,1.117449867679152442e+00
9.422479867935180664e-01,1.032962318039067684e+00
7.158420085906982422e-01,1.031557138564109577e+00
2.920779883861541748e-01,1.060207135163687031e+00
1.124665260314941406e+00,1.045707902903633801e+00
1.247418999671936035e+00,1.070770362608760573e+00
3.693974971771239790e+00,1.127968230927401727e+00
8.573070168495178223e-01,1.465483674083321697e+00
8.385969996452331543e-01,1.629853551524256483e+00
9.632229804992675781e-01,1.404812982451719483e+00
7.316169738769531250e-01,1.211667198052383210e+00
7.014784216880798340e-01,7.992642723833838225e-01
1.365643024444580078e+00,9.360666338649963336e-01
6.786789894104003906e-01,1.055784747855321282e+00
8.193774819374084473e-01,1.066773189825916068e+00
1.044147372245788574e+00,1.106466019014903823e+00
8.748620152473449707e-01,1.153466593064076617e+00
7.164059877395629883e-01,1.082028236344149352e+00
9.379299879074096680e-01,1.103423238194361611e+00
5.393440127372741699e-01,1.086342045928732070e+00
8.087720274925231934e-01,1.022075500724859420e+00
6.020820140838623047e-01,1.049658375759950912e+00
9.824249744415283203e-01,1.077441937578433206e+00
7.866399884223937988e-01,1.097665720324465521e+00
6.810299754142761230e-01,1.129432254842535954e+00
6.642330288887023926e-01,1.088715639911155941e+00
6.040380001068115234e-01,1.090694245843369270e+00
8.265414834022521973e-01,1.029020156027412813e+00
5.594509840011596680e-01,1.080034386753885745e+00
1.633069962263107300e-01,1.087881570341272086e+00
5.747918486595153809e-01,1.036017192896251826e+00
8.527640104293823242e-01,1.026941956077991769e+00
2.149522066116333008e+00,1.042621114050132025e+00
1.239639997482299805e+00,1.266630469585603880e+00
2.139239072799682617e+00,1.404156912475275298e+00
6.937779784202575684e-01,1.445321586126082192e+00
7.631160020828247070e-01,1.315274905686091955e+00
1.109338045120239258e+00,1.009483381872232410e+00
9.241870045661927380e-01,1.022638562865683554e+00
1.305567026138305664e+00,9.214236641474683465e-01
8.699640035629272461e-01,1.116182035441167786e+00
8.599532246589660645e-01,1.164246372444052824e+00
1.108017444610595703e+00,1.091481592515068044e+00
8.591579794883728027e-01,1.098606188010676332e+00
9.039019942283630371e-01,1.080155882204248519e+00
1.023422956466674805e+00,1.109544781979518779e+00
8.504790067672729492e-01,1.122432114224894750e+00
1.527956604957580566e+00,1.070330296399703673e+00
9.952359795570373535e-01,1.114061886040539351e+00
1.141056060791015625e+00,1.356552466509369559e+00
1.980204939842223899e+00,1.456525338370353806e+00
1.851865053176879883e+00,1.442756222007310241e+00
1.589177966117858887e+00,1.269900117326782540e+00
2.123934030532836914e+00,1.091869299845451335e+00
1.204741954803466797e+00,1.241110150130049217e+00
1.227027416229248047e+00,1.249444611968677732e+00
1.131343960762024148e+00,1.129260658076154833e+00
1.116891980171203613e+00,1.059108161270579052e+00
1.040153026580810325e+00,9.297719270038912187e-01
7.681059837341308594e-01,1.040874922163687044e+00
7.666722536087036133e-01,1.079793705218781819e+00
8.607699871063232422e-01,1.054075359595725736e+00
5.301510095596313477e-01,1.053794390572128759e+00
9.909179806709289551e-01,1.044289449295993766e+00
9.618239998817442737e-01,1.093444149664260179e+00
8.381230235099792480e-01,1.110754084921443674e+00
8.131660223007202148e-01,1.116500753965231629e+00
8.752340078353881836e-01,1.137344058294367022e+00
8.812961578369140625e-01,1.085181472831641347e+00
9.057049751281737171e-01,1.077835994166290057e+00
1.355970025062561035e+00,1.090775045506717111e+00
2.043754577636718750e+00,1.144418989077647719e+00
2.364957094192504883e+00,1.237059740656636153e+00
2.233561992645264116e+00,1.370778898234146448e+00
8.372840285301208496e-01,1.462218093974787969e+00
9.040349721908569336e-01,1.329301144756346753e+00
7.228699922561645508e-01,1.090109334670258168e+00
1.032919287681579590e+00,9.257075494697381002e-01
9.367759823799132191e-01,9.020540552848778093e-01
7.624319791793823242e-01,1.081953159078972160e+00
7.721610069274902344e-01,1.115506754039250481e+00
1.243505001068115234e+00,1.102508412299327611e+00
7.468199729919433594e-01,1.096404991694372777e+00
1.419505119323730469e+00,1.110339179987624325e+00
7.347676753997802734e-01,1.159710434560722980e+00
1.074026942253112793e+00,1.154487549248829348e+00
9.692379832267760120e-01,1.092466745384298221e+00
8.089560270309448242e-01,1.100082000779411207e+00
8.223479986190795898e-01,1.041851261191233391e+00
5.762249827384948730e-01,1.156891268197358658e+00
6.765879988670349121e-01,1.150751948047352258e+00
9.015229940414428711e-01,1.106487608408033729e+00
8.627583980560302734e-01,1.058294737614484227e+00
1.055613875389099121e+00,9.986856484862383088e-01
9.391199946403503418e-01,1.110670961168194859e+00
7.824029922485351562e-01,1.211547154835409312e+00
8.782749772071838379e-01,1.157034335859888019e+00
1.109990954399108887e+00,1.115077853054202706e+00
1.164981961250305176e+00,1.064988193879104372e+00
1.475479006767273171e+00,1.060279729900365897e+00
7.344660162925720215e-01,1.173625858487685525e+00
1.143465042114257812e+00,1.158515485352779706e+00
2.958764553070068359e+00,1.137602826571269432e+00
2.038712024688720703e+00,1.290566360000414026e+00
9.367650747299193226e-01,1.394065234671542530e+00
1.001402020454406738e+00,1.397624211114605997e+00
7.492939829826354980e-01,1.254625830421399080e+00
9.457820057868958630e-01,9.124853337738810799e-01
1.164842009544372559e+00,9.180003822077155151e-01
9.045109748840332031e-01,1.067428482031919312e+00
5.778343677520751953e-01,1.075756056671278049e+00
7.607790231704711914e-01,1.099375319872733847e+00
8.009672760963441052e-01,1.067653094340843767e+00
6.709719896316528320e-01,1.059980315571350529e+00
3.086133003234863725e+00,1.082307245244711780e+00
1.018260955810546875e+00,1.435390389973088432e+00
1.114386796951293945e+00,1.517258510389380088e+00
1.229098439216613770e+00,1.439270918837773250e+00
1.245597958564758301e+00,1.294971924920613304e+00
5.376980304718017578e-01,8.900788670950028347e-01
7.949647903442382812e-01,1.037595620624213621e+00
1.209460973739624023e+00,1.034663350738637355e+00
9.914460182189940296e-01,1.005287817968102626e+00
7.495359778404235840e-01,1.023950079534653446e+00
8.522210121154785156e-01,1.130275620557723126e+00
9.499999880790708229e-01,1.106391867850942345e+00
6.329939961433410645e-01,1.073104618506466990e+00
8.296039700508117676e-01,1.071254030756112696e+00
1.060515046119689941e+00,1.085198501327978127e+00
6.726049780845642090e-01,1.126060743367697459e+00
7.929700016975402832e-01,1.087668996404593358e+00
9.556260704994201660e-01,1.120278681055102643e+00
7.782499790191650391e-01,1.079318451905752374e+00
6.364319920539855957e-01,1.039192097226796951e+00
6.556333899497985840e-01,1.094308400992296093e+00
8.762890100479125977e-01,1.068940045076956391e+00
6.824830174446105957e-01,1.080378868045656082e+00
7.950311899185180664e-01,1.096913885670244504e+00
1.017485976219177246e+00,1.114595841904213680e+00
1.230221033096313699e+00,1.150627676014082779e+00
9.125559926033020020e-01,1.165161433228536492e+00
1.030437946319579856e+00,1.183757691922334265e+00
6.127780079841613770e-01,1.147370699743419431e+00
3.667230010032653253e-01,1.052919674550440110e+00
5.604230165481567383e-01,9.903775656728762700e-01
8.102909922599792480e-01,1.010217615405199387e+00
7.236457467079162598e-01,1.037440860881139404e+00
6.627830266952514648e-01,1.109573478919721357e+00
8.224419951438903809e-01,1.159496315732262639e+00
6.781139969825744629e-01,1.169842351257059043e+00
3.209959864616393488e-01,1.131408328697525167e+00
7.439860105514526367e-01,1.067856229714281735e+00
7.004669904708862305e-01,1.027414145961419223e+00
1.274258971214294434e+00,9.985452991276114743e-01
6.211659908294677734e-01,1.130242849137872430e+00
1.067494988441467285e+00,1.209597380796233024e+00
1.265694975852966309e+00,1.183765809720221496e+00
9.348030090332032360e-01,1.188074851982924285e+00
1.085708975791931152e+00,1.085149822702396127e+00
5.883709788322448730e-01,1.142738048889031521e+00
4.636880159378052313e-01,1.062290980395193207e+00
8.750243186950683594e-01,9.991483986991231969e-01
4.834130108356476385e-01,1.023132957798802867e+00
4.560469985008240301e-01,1.014939788544291455e+00
7.238804101943969727e-01,1.060136176478799541e+00
4.748429954051970880e-01,1.094538383640042190e+00
9.588437080383299671e-01,1.052758219641178217e+00
1.794360995292663574e+00,1.108665514453368584e+00
1.210453987121582031e+00,1.224991318237566240e+00
4.008429944515228271e-01,1.240422843038918144e+00
5.836449861526489258e-01,1.180412184806840736e+00
8.660610318183898926e-01,1.058908031283240625e+00
7.764859795570373535e-01,9.522242624059801264e-01
5.888479948043823242e-01,1.032484844461833751e+00
4.327859878540038507e-01,1.139833841054937569e+00
5.545350313186645508e-01,1.140693697811217877e+00
1.149551987648010476e+00,1.109610935106364105e+00
9.776459932327271618e-01,1.123170106124468992e+00
2.302707910537720171e+00,1.124013710378596764e+00
7.962800264358520508e-01,1.223166186214098561e+00
6.104800105094909668e-01,1.238304575432075172e+00
6.522138714790344238e-01,1.127196376896608676e+00
1.032202124595642090e+00,1.063445438688632505e+00
8.200139999389648438e-01,9.472726741069439349e-01
1.039114952087402344e+00,1.111278368658609406e+00
9.508559703826903187e-01,1.200729465418598041e+00
7.736063003540039062e-01,1.158035297357954851e+00
1.383889913558959961e+00,1.056772919890599738e+00
6.069999933242797852e-01,1.108237416574646250e+00
9.455270171165466309e-01,1.110610003771984156e+00
3.923240005970001221e-01,1.128156133788418058e+00
9.679385423660278320e-01,1.083590171019622073e+00
9.072690010070799671e-01,9.937421551716142387e-01
2.479866981506348100e+00,1.075828710782795072e+00
1.045583963394165039e+00,1.255955026566943245e+00
1.536522984504699707e+00,1.376869965798816375e+00
4.812009930610657293e-01,1.317807711530160741e+00
8.617479801177978516e-01,1.182647597581848675e+00
1.127727031707763672e+00,9.393592781084372234e-01
9.895502924919128418e-01,1.026791822775261487e+00
9.099559783935547985e-01,1.022576994307959231e+00
1.239764332771301270e+00,1.126405146727460949e+00
1.379981994628906250e+00,1.122960585986598758e+00
7.663900256156921387e-01,1.146319322056749135e+00
8.156750202178955078e-01,1.158003288241503670e+00
1.299479961395263672e+00,1.123191126913192006e+00
7.149469852447509766e-01,1.104917363604300817e+00
8.305460214614868164e-01,1.050343329551404414e+00
9.092410206794740990e-01,1.089752664812837724e+00
7.411040067672729492e-01,1.096336630484699537e+00
5.047770142555236816e-01,1.033197622943529792e+00
9.697520136833192028e-01,1.063951983690818448e+00
1.049844980239868164e+00,1.076599192829390539e+00
5.644329786300659180e-01,1.107266202074031369e+00
9.593539834022521973e-01,1.111774751360713243e+00
9.383450150489808239e-01,1.142231662589529018e+00
7.079470157623291016e-01,1.090592484368366755e+00
4.484339952468871515e-01,1.069749251299809911e+00
5.337110161781311035e-01,1.076352634303196165e+00
5.215386152267456055e-01,1.020221053124841237e+00
6.405649781227111816e-01,1.017985149265167033e+00
1.660409450531006081e+00,1.059845854156448386e+00
1.622156023979186790e+00,1.182631028926125039e+00
3.623536109924316406e+00,1.285347700250641489e+00
9.065989851951601342e-01,1.548944132877477564e+00
7.756379842758178711e-01,1.548532446814220309e+00
6.443409919738770641e-01,1.277681692312870432e+00
5.499600172042846680e-01,1.054326720770670800e+00
1.367677569389343262e+00,7.400253022126177527e-01
8.148130178451538086e-01,9.738754120015865601e-01
8.623980283737182617e-01,1.161052835230862890e+00
8.134710192680358887e-01,1.239940939972629108e+00
9.060310125350952148e-01,1.206033901932801244e+00
1.311033964157104492e+00,1.088287871120337647e+00
1.474902033805847168e+00,1.098988229193708088e+00
1.186140060424804910e+00,1.171053663242182408e+00
2.092472076416016069e+00,1.199416791726049425e+00
1.301861047744750977e+00,1.216822999038143394e+00
1.221997022628784180e+00,1.199811569465163874e+00
1.078873991966247559e+00,1.173903384366203673e+00
7.863690257072448730e-01,1.149355653261143528e+00
7.093420028686523438e-01,1.009168608645112153e+00
5.645610094070434570e-01,1.023208410453898098e+00
1.092841982841491699e+00,9.900110581682669553e-01
3.955059945583344061e-01,1.047899504388911440e+00
1.195796012878417969e+00,1.076984744848092923e+00
2.998351097106933594e+00,1.166620765341869648e+00
2.585943937301636186e+00,1.396283758536883246e+00
1.655773043632507102e+00,1.484228594171408178e+00
8.921740055084229626e-01,1.554267917358022055e+00
8.955079913139343262e-01,1.262523242035151316e+00
1.585399031639099121e+00,9.414921143003017745e-01
1.210371017456054910e+00,9.533030928602822529e-01
9.857040047645567737e-01,1.052810967243231310e+00
6.761519908905029297e-01,1.163958168264693338e+00
9.457439780235291638e-01,1.105366396194499057e+00
5.141820311546325684e-01,1.017990644307405823e+00
7.144280076026916504e-01,1.038491492552924944e+00
7.917379736900329590e-01,1.050597165092779450e+00
6.024960279464721680e-01,1.085170270774935997e+00
1.012339949607849121e+00,1.045986995359224236e+00
6.310235261917114258e-01,1.128615291191323422e+00
5.426099896430969238e-01,1.107995640897783574e+00
7.744219899177551270e-01,1.093715673688938406e+00
8.376209735870361328e-01,1.099911296299952879e+00
7.503905892372131348e-01,1.061173718683897427e+00
1.614240050315856934e+00,1.099479942393934317e+00
7.141630053520202637e-01,1.178449903060942550e+00
6.486989855766296387e-01,1.184815555936062692e+00
3.861860036849975586e-01,1.143787392426431904e+00
3.990480005741119385e-01,1.072854383206961693e+00
1.103790521621704102e+00,9.236516156071669092e-01
8.070139884948729359e-01,1.033712933370373399e+00
1.107607960700988770e+00,1.102185582567933197e+00
7.170349955558776855e-01,1.183108425230734895e+00
1.687772989273071289e+00,1.173627661351131390e+00
8.082039952278137207e-01,1.160692900432890307e+00
1.564818024635314941e+00,1.165187697779042075e+00
1.256489992141723633e+00,1.173599377032740421e+00
7.375509738922119141e-01,1.217059838716859854e+00
8.364729881286621094e-01,1.084213280926952905e+00
1.015761017799377441e+00,1.106884124797810065e+00
6.945540308952331543e-01,1.026861822464020468e+00
9.518219828605651855e-01,1.035685695006365536e+00
5.585229992866516113e-01,1.115071602336390022e+00
1.855298042297363503e+00,1.083033670427112405e+00
8.210539817810058594e-01,1.210869698625482993e+00
8.359720110893249512e-01,1.290190072138116983e+00
6.805480122566223145e-01,1.198813629326005881e+00
1.030328035354614480e+00,1.186573948739602091e+00
8.423720002174377441e-01,9.938676099629205618e-01
5.589337944984436035e-01,1.119511933201997600e+00
7.334340214729309082e-01,1.088178328172710208e+00
8.426809906959533691e-01,1.006759399141571754e+00
8.706315755844116211e-01,9.815903492359674409e-01
8.863990306854248047e-01,1.054711243607121540e+00
8.493610024452209473e-01,1.143920869369169369e+00
1.331516027450561523e+00,1.132272834122903138e+00
1.645591020584106445e+00,1.146641836065080744e+00
1.411272048950195090e+00,1.216778433389417158e+00
1.046331048011779785e+00,1.228334103199308691e+00
8.349300026893615723e-01,1.201017470732105297e+00
1.090394020080566406e+00,1.107008597062004718e+00
6.141669750213623047e-01,1.039094213166390057e+00
8.252440094947814941e-01,1.027761161590958539e+00
1.047114968299865501e+00,1.048054265479535285e+00
4.695149958133698065e-01,1.113007633327109946e+00
7.520099878311157227e-01,1.065665045514002651e+00
6.718119978904724121e-01,1.099084715012267344e+00
6.571980118751525879e-01,1.070274610398291415e+00
7.795739769935607910e-01,1.044839514656811241e+00
6.211889982223510742e-01,1.110414517587388072e+00
9.608931541442872204e-01,1.077899018440825696e+00
7.402380108833312988e-01,1.100042157394471642e+00
6.151059865951538086e-01,1.099941623992251705e+00
5.818247795104979359e-01,1.077850586009073020e+00
6.529520153999328613e-01,1.072998172791932658e+00
7.834500074386596680e-01,1.050136299801050832e+00
8.276180028915405273e-01,1.090948372685180745e+00
2.505017042160034180e+00,1.123523046491959887e+00
1.417585968971252441e+00,1.329513281512786360e+00
1.226507544517517090e+00,1.402397549178559855e+00
9.694439768791200951e-01,1.311190651092634551e+00
8.129550218582153320e-01,1.179222545640340680e+00
5.289899706840515137e-01,8.796127764613471678e-01
4.789490103721618097e-01,9.525678324784560003e-01
9.671270251274107776e-01,1.005083876532257614e+00
4.701859951019286554e-01,1.046594197886216326e+00
2.416239976882934293e-01,1.065986682453072154e+00
1.994680017232894897e-01,1.070036545136377137e+00
4.732620120048523504e-01,1.028871940359147974e+00
9.621880054473875843e-01,9.668139719065587112e-01
9.829789996147154651e-01,1.083853415432988854e+00
1.026576042175292969e+00,1.172272656250613609e+00
9.651920199394226074e-01,1.224795371949998657e+00
1.983185052871704324e+00,1.194205576508079014e+00
1.286525964736938477e+00,1.196211233788050388e+00
1.736924052238464355e+00,1.238166972444271652e+00
7.533379793167114258e-01,1.291666243579271844e+00
1.062494039535522461e+00,1.252564149790558190e+00
8.256469964981079102e-01,1.080228066899832307e+00
1.418092012405395508e+00,1.027804142178822433e+00
1.250364065170288086e+00,1.005482700273095720e+00
1.089423060417175293e+00,1.136094773608371300e+00
8.687390089035034180e-01,1.138985740763290844e+00
1.307837963104248047e+00,1.164279061040817131e+00
7.601559758186340332e-01,1.102093243976922210e+00
8.579840064048767090e-01,1.093553458334012296e+00
1.067142963409423828e+00,1.095253948799056909e+00
6.799880266189575195e-01,1.100750018593717572e+00
8.352749943733215332e-01,1.054044899660811829e+00
1.010563969612121582e+00,1.075805721063964882e+00
7.260069847106933594e-01,1.070134482735300319e+00
5.901079773902893066e-01,1.070253710714718753e+00
7.406870126724243164e-01,1.101648914310209282e+00
7.620100975036621094e-01,1.081713736485701016e+00
5.811070203781127930e-01,1.060350579140326488e+00
8.903719782829283558e-01,1.077210725767676847e+00
7.301949858665466309e-01,1.099518887134154799e+00
1.265586972236633301e+00,1.087647125012142890e+00
9.180610179901124157e-01,1.135660909295175713e+00
8.252680301666259766e-01,1.153199872036822171e+00
9.114630222320554420e-01,1.122880385205498266e+00
9.657319784164427601e-01,1.118401821635898186e+00
7.146480083465576172e-01,1.064366016866152620e+00
8.502969741821289062e-01,1.097105900887367369e+00
8.405809998512268066e-01,1.094922893116437201e+00
1.191807866096496582e+00,1.080009315670893200e+00
7.976800203323364258e-01,1.094748576178375732e+00
8.885610103607177734e-01,1.141713199139417600e+00
9.655410051345824085e-01,1.125831449592797462e+00
5.838339924812316895e-01,1.109401677545265086e+00
8.865389823913574219e-01,1.041444716512595292e+00
8.750730156898498535e-01,1.280358016996830717e+00
6.929270029067993164e-01,1.444481345416512630e+00
5.519689917564392090e-01,1.330839414523000475e+00
5.465030074119567871e-01,1.135435518891674267e+00
7.512239813804626465e-01,8.171129302154659380e-01
7.843149900436401367e-01,9.039610714339977315e-01
6.109840273857116699e-01,1.070145015718893644e+00
7.992020249366759144e-01,1.090119350165914103e+00
5.405290126800537109e-01,1.102430199267700139e+00
9.266330003738403320e-01,1.055768887140493772e+00
5.896059870719909668e-01,1.092255167229901014e+00
5.182790160179138184e-01,1.099691619522982000e+00
6.216366887092590332e-01,1.055475739558420223e+00
7.315016984939575195e-01,1.069712646854692473e+00
8.715350031852722168e-01,1.047807978945881846e+00
2.576299905776976984e-01,1.120167928320126460e+00
3.547430038452147882e-01,1.089550450971648488e+00
1.424710035324096902e+00,1.057944190802246220e+00
1.588093161582946777e+00,1.112097507022977272e+00
1.510810017585754395e+00,1.231161838904756722e+00
6.637499928474426270e-01,1.417077662613125399e+00
9.182999730110168457e-01,1.316338985418139540e+00
9.455379843711853027e-01,1.086484932185738383e+00
8.895260095596313477e-01,9.743764807547508067e-01
7.889080047607421875e-01,9.612760041395146393e-01
8.079270124435424805e-01,1.095535978437111924e+00
6.742079854011535645e-01,1.087364430131145365e+00
7.401880025863647461e-01,1.055755499503838069e+00
7.983270287513732910e-01,1.057446445259270673e+00
7.760372757911682129e-01,1.081532470173418581e+00
7.851629853248596191e-01,1.093261624498465867e+00
1.024798870086670144e+00,1.112788145675948304e+00
8.841310143470764160e-01,1.117896359094468828e+00
1.171491026878356934e+00,1.122910081468621035e+00
7.665730118751525879e-01,1.137108385588817550e+00
1.054823040962219238e+00,1.110111376925452475e+00
1.034250974655151367e+00,1.098993453788298602e+00
7.633029818534851074e-01,1.109256594040352706e+00
6.365630030632019043e-01,1.082445228696185202e+00
5.399640202522277832e-01,1.081057870240030860e+00
8.178460001945495605e-01,1.024709380771455791e+00
8.135920166969299316e-01,1.057492655161753392e+00
9.839289784431458630e-01,1.103713108387891273e+00
8.986790180206298828e-01,1.149161784570062572e+00
6.926850080490112305e-01,1.141238124123691522e+00
6.764680147171020508e-01,1.067341530619821732e+00
6.547859907150268555e-01,1.058666657548255952e+00
8.509550094604492188e-01,1.045150025467685317e+00
6.557850241661071777e-01,1.080024120769662810e+00
8.856279850006103516e-01,1.105175498570329928e+00
9.303160309791563831e-01,1.116648693430854600e+00
7.123904824256896973e-01,1.113032865343655642e+00
6.544970273971557617e-01,1.085372514182409098e+00
9.782410264015198864e-01,1.107402748685638372e+00
8.733990192413330078e-01,1.097181521851255059e+00
6.319249868392944336e-01,1.097632279518212517e+00
8.613430261611938477e-01,1.084970548168586735e+00
6.160370111465454102e-01,1.087305518020104778e+00
6.686739921569824219e-01,1.073580444184372151e+00
1.007030010223388894e+00,1.078034842721564690e+00
9.358490109443665661e-01,1.120192202182736629e+00
1.113351941108703613e+00,1.100295179504064969e+00
9.273632764816285290e-01,1.133403315286322988e+00
9.193540215492249645e-01,1.128884499975263189e+00
6.497738957405090332e-01,1.110120502751920979e+00
8.034440279006958008e-01,1.081613093207385745e+00
7.462270259857177734e-01,1.070808087915018803e+00
7.597569823265075684e-01,1.071184693040777347e+00
1.126011013984680176e+00,1.119092931336089114e+00
1.423818945884704590e+00,1.226134278451052273e+00
5.316870212554931641e-01,1.237234923804089837e+00
1.097100019454955833e+00,1.175692293042957637e+00
9.711959958076475941e-01,1.072680054729354460e+00
5.659890174865722656e-01,1.038935649870583955e+00
1.088876962661743164e+00,9.906578215314617575e-01
1.923168003559112549e-01,1.087051100326647646e+00
3.752999901771545410e-01,1.017215578273678256e+00
4.178839921951293945e-01,9.970639477189471300e-01
4.822100102901458185e-01,1.035894250632058311e+00
8.997989892959594727e-01,1.008094762697117286e+00
6.762999892234802246e-01,1.134315582025473335e+00
1.075533032417297363e+00,1.146382121426794409e+00
7.601699829101562500e-01,1.183562195489231028e+00
1.045557022094726562e+00,1.167079523322080981e+00
1.085988998413085938e+00,1.129878657915422080e+00
