1.955727785830000398e-01,1.902639625830813142e-01
1.954265981910000005e-01,1.928061361456962497e-01
2.004670947789999880e-01,1.928362169053808861e-01
2.029463946819999587e-01,1.972475630145602565e-01
0.000000000000000000e+00,1.970061028478785614e-01
1.862521618600000151e-01,1.916708754586434749e-01
1.862153261900000301e-01,1.940045424834138110e-01
4.038094580169999670e-01,1.977853470367658129e-01
4.118085205549999461e-01,2.984645072168340962e-01
3.743042349819999948e-01,3.783409149593541798e-01
3.571429848669999685e-01,3.494523855926093825e-01
2.572054266930000055e-01,3.343501274963928127e-01
2.409307956699999753e-01,2.663894481274242110e-01
2.253161966800000249e-01,2.383483872834456507e-01
1.935185044999999937e-01,2.148092171184368682e-01
1.787700653079999924e-01,1.989352210515507036e-01
1.622045934200000150e-01,1.876252624337264308e-01
1.761920750140000269e-01,1.809982584085027268e-01
1.883655935530000325e-01,1.808610807365950979e-01
1.861467957499999548e-01,1.867989581377184072e-01
1.954913884399999968e-01,1.923140030602012718e-01
1.954011768099999935e-01,1.970174106660356472e-01
1.660518944260000185e-01,1.950331497126775171e-01
1.907722949980000249e-01,1.896259869384051555e-01
2.156041562559999625e-01,1.895814322077136738e-01
1.898660957809999716e-01,1.936945603895400270e-01
1.770474612709999895e-01,1.966509005004266897e-01
2.001174986360000074e-01,1.969169526560909100e-01
1.948629021640000125e-01,1.908702621732664417e-01
1.922753006219999894e-01,1.891821592737157331e-01
1.779100298880000042e-01,1.942768382180993514e-01
1.810636967419999854e-01,1.920976249634379074e-01
1.680064052340000114e-01,1.868649999913561954e-01
1.635809391740000174e-01,1.847588076975209270e-01
1.706920862200000111e-01,1.835745673456923299e-01
1.916799396280000345e-01,1.845590529482590836e-01
2.085516005749999957e-01,1.889860295091284059e-01
2.058236002919999752e-01,1.986785352669831473e-01
1.828240007160000513e-01,2.034915729196918599e-01
1.857409924269999846e-01,1.983206245156944603e-01
1.775099337099999841e-01,1.907041820086929906e-01
1.752161234619999952e-01,1.851499770370252096e-01
1.971126049759999999e-01,1.850894151310613911e-01
1.845117062330000057e-01,1.906968282146901394e-01
1.984785944219999987e-01,1.913402240090397999e-01
2.143009155989999692e-01,1.957074439727587156e-01
1.841159015890000139e-01,1.991114553205807769e-01
2.104043960570000094e-01,1.945008315005092858e-01
2.032361328599999739e-01,1.979061818600306999e-01
2.088565975429999833e-01,1.942050225296027555e-01
1.960448026660000231e-01,1.957329375189965082e-01
1.900728046889999523e-01,1.970143011236348274e-01
1.658952832220000062e-01,1.905870104954997812e-01
1.872539073229999851e-01,1.862441420581824880e-01
1.852532625200000171e-01,1.853198442601915463e-01
1.799222826959999966e-01,1.872597491319933916e-01
2.012764066460000223e-01,1.900256687596990623e-01
1.978618204589999985e-01,1.957870716463022132e-01
1.950792670250000027e-01,1.941544148969689132e-01
1.711323857310000085e-01,1.959286248457192681e-01
1.623787879939999901e-01,1.914486519516002960e-01
1.677809953689999856e-01,1.837837563900955595e-01
2.059821039440000168e-01,1.815118483224557877e-01
2.158481031659999771e-01,1.896187426390561759e-01
2.141157686710000174e-01,2.023084299697969213e-01
1.768843084569999835e-01,2.090797838484484139e-01
1.967563778159999444e-01,2.003905636490199704e-01
1.834106147289999988e-01,1.906783592773209635e-01
1.805770993230000065e-01,1.861873857379681141e-01
1.911945044990000231e-01,1.873274512397128666e-01
2.012096941470000178e-01,1.914689245412665997e-01
2.066745012999999798e-01,1.919339598332963637e-01
2.420079559090000110e-01,1.978335976591817091e-01
2.195876985790000124e-01,2.082378296327672129e-01
2.106474190949999825e-01,2.077689033873452162e-01
1.944769918919999896e-01,2.042802342498359625e-01
1.704634428020000148e-01,1.954535877284021839e-01
1.787724494929999741e-01,1.852055221361762205e-01
1.750701963900000158e-01,1.835668914169456545e-01
1.796004772190000487e-01,1.830169894958768861e-01
1.688816994429999940e-01,1.867678663973452169e-01
1.640222966669999949e-01,1.882986015940590063e-01
1.799237728120000324e-01,1.854454998105728447e-01
1.769366562369999729e-01,1.867144800845128294e-01
1.781685650350000039e-01,1.877121148062691480e-01
1.665234863759999795e-01,1.909051131995996853e-01
1.855484992270000077e-01,1.889524284381084995e-01
1.732649058100000083e-01,1.883054977654192719e-01
1.860052198169999949e-01,1.881499805668272740e-01
1.832000017169999884e-01,1.908650767426958439e-01
1.951216459270000425e-01,1.919452065400145402e-01
2.088083624839999763e-01,1.924051582103732394e-01
1.873752027749999993e-01,1.980594117592222314e-01
2.025922685860000183e-01,1.954341725172433764e-01
1.986005455260000108e-01,1.963259640307257192e-01
1.863885968919999914e-01,1.929291291538358377e-01
1.716178953649999950e-01,1.907725247625789156e-01
1.885485500099999823e-01,1.890588528411306923e-01
2.112170010809999998e-01,1.863650138441229898e-01
1.833238750700000030e-01,1.926205573995484477e-01
2.096922993660000067e-01,1.953017669925675992e-01
2.197588831190000203e-01,2.001581040731862104e-01
2.330529242750000174e-01,1.992084853278372203e-01
2.151579260829999951e-01,2.043704895696732138e-01
2.008593231439999849e-01,2.076298796099866062e-01
1.312076449390000010e-01,1.980075095865545254e-01
1.399971693750000079e-01,1.866788010067439441e-01
1.684847325090000070e-01,1.769478320053367859e-01
2.097207009790000298e-01,1.761278606599890606e-01
1.677834987640000053e-01,1.924147606935150967e-01
1.697814613580000132e-01,2.027315265525446997e-01
1.778024435040000129e-01,1.977986188448886407e-01
1.989280730490000093e-01,1.879816353969885612e-01
1.968562752010000194e-01,1.884596220901339492e-01
1.764101982119999634e-01,1.976332843502851266e-01
1.775619983670000124e-01,1.952324238058517902e-01
1.848997771739999962e-01,1.900169746139296900e-01
1.751745045190000183e-01,1.860649572301182608e-01
1.822087168690000036e-01,1.866632329652962163e-01
1.833387613300000163e-01,1.900105271873315238e-01
2.092746049170000067e-01,1.897169030020559866e-01
2.103900015349999819e-01,1.949577968622700774e-01
1.875178515910000121e-01,2.007179450285822564e-01
1.892182081940000093e-01,1.982108963321183581e-01
2.129119038579999901e-01,1.938782310280543209e-01
1.846891939640000202e-01,1.916627506687168525e-01
1.933595985170000198e-01,1.913968265580689165e-01
1.597519963980000013e-01,1.944385395069913036e-01
1.731968969110000145e-01,1.869276520788178131e-01
1.763989776370000484e-01,1.830309176593108433e-01
1.903230398890000119e-01,1.849291986824167511e-01
1.978137493129999980e-01,1.892696103529427909e-01
1.724811047320000124e-01,1.974989729849719600e-01
1.773964017630000056e-01,1.931693623970777707e-01
1.862247735259999759e-01,1.900460494905575060e-01
2.039294093849999823e-01,1.871233910357341657e-01
2.303259670730000153e-01,1.921400800262972330e-01
2.793866395949999859e-01,2.056385228594958814e-01
2.991397082810000052e-01,2.257524646608913277e-01
2.514718174930000161e-01,2.449984581457929078e-01
1.890812516209999794e-01,2.415184699779821809e-01
2.833725214000000214e-01,2.197799127102030847e-01
2.606627941129999737e-01,2.168206389030992720e-01
2.856159806249999877e-01,2.174022333523529527e-01
2.152941524979999910e-01,2.372565498305266585e-01
1.691618561740000082e-01,2.308216126918405664e-01
1.676646620040000146e-01,2.020825530335415010e-01
1.986771523950000007e-01,1.866500548432142303e-01
1.806469559670000058e-01,1.825772555714643974e-01
1.824937760829999922e-01,1.875329404888453344e-01
1.871567964549999963e-01,1.943566830725917405e-01
2.099210023880000164e-01,1.923891985888161460e-01
1.939254999159999993e-01,1.932347659462450296e-01
1.662387549880000037e-01,1.968974728712102051e-01
1.659430116420000101e-01,1.923069927574319604e-01
1.823978126049999871e-01,1.854586272179356843e-01
1.884365230800000013e-01,1.825149737702133901e-01
2.158337980510000031e-01,1.886063273594078271e-01
2.153968065980000068e-01,2.011084522005727460e-01
1.994820386169999793e-01,2.054200697516478102e-01
1.468160003419999859e-01,2.017195123537905144e-01
1.810178905730000509e-01,1.908863073531545662e-01
1.982497125860000209e-01,1.833641364660225925e-01
1.886273920540000038e-01,1.857766615252942066e-01
1.874347329140000074e-01,1.937141537416300907e-01
1.838997006419999802e-01,2.001212132886958095e-01
1.789868623020000049e-01,1.909335953285584975e-01
2.386641800400000069e-01,1.872592660650118090e-01
4.006521701810000224e-01,2.006008308885735558e-01
3.205133974549999598e-01,2.725098575623756680e-01
3.453539609910000197e-01,2.960284122452939148e-01
3.201048076149999866e-01,3.111294761830696309e-01
3.410750627520000022e-01,2.850427140955280603e-01
3.317869901659999954e-01,2.665778525978980129e-01
3.053638935090000062e-01,2.702206184853359616e-01
2.349332422019999866e-01,2.622195533099781484e-01
2.433501929039999789e-01,2.424157413096284519e-01
2.282197028400000105e-01,2.231593201234066959e-01
2.155468463900000187e-01,2.080211293536430861e-01
1.862514019010000077e-01,2.007771852756289610e-01
1.789111644029999504e-01,1.930267617377537659e-01
1.881189942359999534e-01,1.857166757649579003e-01
2.258600741620000185e-01,1.841193812883468728e-01
2.293289005759999999e-01,1.943166867074638260e-01
2.172957956789999534e-01,2.071025563791396296e-01
2.285813987260000013e-01,2.104100128058485342e-01
2.961176931860000083e-01,2.075331082310550579e-01
2.966041862959999942e-01,2.228068526588384557e-01
2.547382712360000134e-01,2.408012503463212994e-01
2.234010547399999935e-01,2.432519228918293697e-01
2.086469978090000066e-01,2.267555322518379768e-01
2.144542932510000166e-01,2.038181335983249298e-01
1.909040212630000177e-01,1.947384303779929049e-01
1.961078941820000032e-01,1.892115763595670352e-01
1.758218258620000141e-01,1.897612942017821158e-01
1.801499277349999928e-01,1.869548481668560358e-01
1.802266091110000246e-01,1.854261781423754973e-01
1.831340938809999930e-01,1.866865645863490242e-01
1.799343973400000241e-01,1.876393760088153895e-01
1.912952065469999963e-01,1.902095634973980931e-01
2.391949146990000052e-01,1.913674345680293210e-01
2.476447969680000138e-01,2.036878852450483279e-01
2.603625059129999753e-01,2.158404864534333722e-01
2.153915017839999890e-01,2.277394522217722483e-01
1.687171012159999761e-01,2.178545401224520894e-01
1.901023983960000163e-01,1.979745209361972735e-01
1.932636946439999781e-01,1.872973811288089485e-01
1.967433989050000331e-01,1.837689841768659071e-01
1.968259066340000141e-01,1.911957004404503946e-01
1.806160062550000167e-01,1.976179592783231520e-01
1.917202025649999975e-01,1.913554430943071039e-01
1.939498037100000072e-01,1.902793122776607337e-01
1.780927032229999429e-01,1.900439262019021081e-01
1.982128173110000169e-01,1.896334621468374892e-01
2.026619017119999921e-01,1.930686269653074383e-01
1.926424354309999587e-01,1.933197682485248980e-01
1.775846034290000375e-01,1.946537848702007689e-01
1.697379499670000069e-01,1.929344771731719976e-01
1.742126941680000041e-01,1.854233745463697569e-01
1.767573058610000247e-01,1.832653711851431610e-01
1.698893159629999983e-01,1.852108689862184687e-01
1.786662638189999985e-01,1.872389301843759846e-01
1.773128658529999901e-01,1.890068938954031774e-01
1.912915557620000206e-01,1.885128022821121463e-01
1.917339116329999926e-01,1.916565371131638829e-01
1.682408750059999902e-01,1.943816108886557148e-01
1.533582359550000052e-01,1.906956571878025697e-01
1.219834238290000011e-01,1.853059997089308852e-01
1.124273017049999962e-01,1.760360840366329838e-01
1.387385427950000027e-01,1.706547448090577346e-01
1.735682934519999776e-01,1.724228883792618960e-01
1.894755959509999699e-01,1.843770294643081176e-01
1.896263062950000189e-01,2.011900750670954641e-01
1.874510943890000114e-01,2.076281285869663873e-01
1.846003979439999887e-01,2.011533803506139473e-01
2.440665513279999810e-01,1.926836650939845186e-01
2.327407002449999873e-01,2.028243790707244254e-01
2.219963967800000215e-01,2.106995697867204698e-01
1.852974742650000117e-01,2.141524267661986669e-01
1.947617977860000016e-01,2.029801618760738724e-01
1.780637502669999983e-01,1.884026132182491098e-01
1.859644204379999610e-01,1.842303443357315718e-01
2.072025239469999502e-01,1.859758929977188835e-01
1.870556026700000152e-01,1.934765579322427209e-01
2.003259211780000215e-01,1.931355364614006642e-01
2.049419134859999936e-01,1.970233681362336675e-01
4.109843969350000514e-01,1.953551094691684253e-01
3.850685060019999884e-01,2.697611412389166463e-01
3.761990368370000670e-01,3.155980366861675934e-01
3.382981419560000536e-01,3.388304881870121132e-01
2.050670981410000482e-01,3.195332423855453130e-01
2.311079055070000277e-01,2.532849863196248719e-01
2.232432067389999997e-01,2.272339730422154314e-01
1.962449550630000206e-01,2.059691689120978775e-01
1.992976218459999727e-01,1.977272979092508653e-01
1.784480065109999847e-01,1.945074336486468380e-01
1.708953380579999737e-01,1.858145137530752555e-01
1.857410371300000085e-01,1.838577021696089497e-01
1.884250044819999748e-01,1.859283829782014397e-01
1.818749755619999964e-01,1.880136931230734498e-01
1.925081014630000142e-01,1.920050766174317969e-01
1.790819615130000153e-01,1.937728797968565064e-01
1.921849995850000159e-01,1.897765592678872237e-01
1.867637038229999769e-01,1.910693417898102486e-01
1.980000883339999851e-01,1.912005144514136445e-01
3.074838817119999734e-01,1.926673867666954254e-01
2.838982045650000341e-01,2.279960512028414710e-01
2.563236057759999964e-01,2.447852833086981983e-01
2.176708281040000137e-01,2.500647252669054299e-01
3.016590476040000302e-01,2.295635534279543977e-01
3.009566068650000314e-01,2.237978251778953431e-01
3.871228992939999558e-01,2.364235284176654794e-01
3.553330004220000005e-01,2.827173797180701498e-01
2.734268903729999978e-01,3.003659304920220929e-01
3.047637045380000020e-01,2.758783737142337933e-01
1.934034079309999710e-01,2.617759655448732570e-01
1.674667745829999943e-01,2.243843901045793898e-01
1.849085837600000226e-01,2.041043867023923097e-01
2.460200339559999727e-01,1.881846290961783907e-01
2.682054042820000150e-01,1.957875199287780754e-01
2.603135108949999887e-01,2.226045259871309301e-01
2.072546035049999680e-01,2.375760835824442530e-01
2.076155245300000118e-01,2.225473046184115178e-01
1.928880363700000156e-01,2.020687731155828837e-01
1.886100023979999929e-01,1.896711188718081809e-01
1.899161785839999783e-01,1.862333488469593290e-01
1.841135472060000111e-01,1.882395480489749140e-01
1.885657012459999726e-01,1.875756017844062706e-01
1.928238719700000325e-01,1.897913139443000163e-01
1.931996941570000015e-01,1.911609118897721615e-01
1.622868627309999867e-01,1.923502562503561220e-01
1.296745538709999923e-01,1.890439901026857161e-01
1.509044617410000011e-01,1.810265120623770763e-01
1.567745953799999925e-01,1.762424629572425239e-01
2.352031022309999941e-01,1.771934227510066906e-01
2.412368059159999689e-01,2.033281909311244195e-01
3.487674891950000022e-01,2.244295347679908792e-01
4.479171633719999934e-01,2.668232835293544158e-01
7.274934649469999570e-01,3.286304864856990915e-01
7.546014785770001065e-01,4.816179810277754214e-01
6.946486234659999814e-01,5.904816536537788041e-01
6.383669972420000782e-01,6.085822270527575517e-01
5.096258521080000436e-01,5.587450060119961703e-01
3.489852249620000735e-01,4.445079016132560401e-01
3.274166882039999948e-01,3.662582462676349238e-01
3.183498978609999863e-01,3.080110319986288370e-01
2.771280407910000076e-01,2.697083558706487860e-01
2.614668905739999660e-01,2.492409176641403601e-01
2.646197974680000176e-01,2.359288859199571986e-01
2.569813728329999880e-01,2.260470272334331177e-01
2.632848024370000317e-01,2.202772615981074822e-01
2.274889498949999866e-01,2.216150897793084107e-01
1.972997337579999733e-01,2.144469365661332283e-01
1.593737602229999828e-01,2.023854229924791914e-01
1.552143245940000027e-01,1.883083436373663988e-01
2.165970057250000136e-01,1.784526349973951653e-01
2.152127921579999881e-01,1.865352008662051753e-01
2.079710960389999919e-01,1.999504028173806902e-01
2.003736048939999681e-01,2.111103394268500355e-01
1.930765211580000029e-01,2.057762603637463827e-01
1.887691617009999989e-01,1.902473569130916642e-01
2.153376042839999782e-01,1.883123569407404441e-01
2.704129219060000255e-01,1.930293090823758384e-01
5.549836754800000493e-01,2.137124292638764578e-01
5.126557946209999717e-01,3.538796404439332188e-01
5.099799633029999946e-01,4.226874427898757447e-01
4.163484573359999552e-01,4.546474138534080112e-01
2.535916566849999998e-01,4.061659239932695620e-01
1.788074076179999861e-01,3.065879679003786218e-01
1.850019842389999947e-01,2.541018771816878075e-01
1.711802035570000047e-01,2.135195332818419778e-01
1.727939993140000241e-01,1.904947183394079258e-01
1.767069548369999965e-01,1.813168499436544345e-01
1.761609017850000181e-01,1.867552798969035477e-01
2.039509564639999939e-01,1.870062703093153533e-01
1.905422955750000480e-01,1.946857230861348542e-01
1.819348037240000049e-01,1.958706461214736461e-01
1.684180349109999919e-01,1.946394969973362366e-01
1.891849339009999964e-01,1.889298638606835279e-01
1.689333617690000067e-01,1.858203071305650211e-01
1.962249428029999576e-01,1.861816380519018543e-01
1.980420649049999537e-01,1.920573142446745374e-01
1.778897047040000068e-01,1.956376713821290081e-01
1.612316220999999994e-01,1.927132262338017155e-01
1.492553949359999854e-01,1.897006232686227201e-01
1.442013978960000053e-01,1.799025349387788630e-01
1.220441684129999899e-01,1.764655038587372993e-01
1.259213238949999925e-01,1.745301236135484713e-01
1.192706972360000062e-01,1.739872619284734412e-01
1.400409787890000146e-01,1.728868166459745226e-01
1.655126959090000016e-01,1.770143820505064303e-01
1.946723610159999951e-01,1.872733967044923620e-01
1.824015975000000123e-01,1.997117790561338257e-01
1.781254708769999806e-01,2.044577097310119607e-01
1.768455654380000075e-01,1.990209002662147730e-01
1.895092576740000090e-01,1.906430180032561150e-01
1.890345066789999584e-01,1.879553374533649568e-01
2.166133970019999688e-01,1.914979044477559955e-01
2.142671942709999944e-01,1.991684012157056149e-01
1.696722060440000179e-01,2.027370267999899778e-01
1.861636042589999707e-01,1.960669259099340755e-01
2.109026014799999793e-01,1.911583410416722306e-01
2.016181051729999951e-01,1.891539371058974239e-01
2.371999472380000307e-01,1.946796090366910148e-01
1.953185498709999746e-01,2.099151016967524819e-01
1.463003754620000041e-01,2.022152299318388247e-01
2.596421837810000133e-01,1.911028461989507932e-01
4.047906100750000014e-01,2.032903904209349411e-01
3.813273906710000216e-01,2.688289205788975678e-01
3.577617108820000391e-01,3.221653538085339497e-01
3.031907975670000144e-01,3.400242937295291923e-01
2.219824343919999943e-01,2.935052650224358461e-01
2.247738689180000249e-01,2.441246663198341771e-01
2.553716301919999876e-01,2.194366825556397227e-01
2.618205845359999895e-01,2.093160440547375545e-01
2.273367345329999900e-01,2.141559213788803706e-01
2.031441032889999831e-01,2.166772275070968923e-01
1.758806854490000404e-01,2.060998307038939825e-01
1.670619547370000013e-01,1.902492727234555980e-01
2.118712961670000117e-01,1.814595900175470233e-01
1.990658938880000006e-01,1.869672470708526324e-01
1.948491036890000194e-01,1.938702319763817294e-01
1.566408872600000002e-01,2.002874291575413024e-01
1.590297073130000072e-01,1.923043413092780096e-01
1.671897023919999836e-01,1.808773197769596719e-01
1.815824955700000298e-01,1.799141296781187060e-01
2.245292961599999748e-01,1.853130769837078307e-01
2.216224968430000053e-01,2.031795422274336460e-01
2.066582888360000148e-01,2.106363465810903168e-01
1.570345163350000128e-01,2.094102732408439638e-01
1.968932896850000003e-01,1.952482381529463684e-01
2.048864960669999902e-01,1.864317373532936029e-01
1.668177992110000118e-01,1.886856201529059085e-01
1.417246013879999988e-01,1.914197258907019139e-01
1.666631847619999829e-01,1.892659155446838881e-01
1.926406770939999569e-01,1.794080124132095833e-01
2.254680991169999982e-01,1.848839171966711603e-01
2.252101451159999879e-01,2.049860819936524803e-01
2.145293951029999535e-01,2.168344866035660790e-01
1.820016801359999881e-01,2.113236306831280942e-01
1.906076073649999592e-01,1.975008865534039204e-01
1.686857044700000030e-01,1.878683209818235167e-01
1.903967410330000276e-01,1.829764777999000891e-01
2.045876085759999741e-01,1.861975467252708627e-01
1.865548938510000199e-01,1.936058593982283027e-01
1.815108954909999961e-01,1.943688334186164102e-01
2.014583945270000120e-01,1.948685492834203448e-01
2.036586105820000214e-01,1.913827844994081817e-01
1.918114423750000019e-01,1.927777578944231407e-01
1.731049269440000093e-01,1.960100415595256718e-01
1.919497996569999865e-01,1.916731430006966275e-01
1.787570714950000028e-01,1.876533316665147111e-01
1.788225024940000296e-01,1.863798649903767035e-01
1.665375530719999941e-01,1.887445602518438570e-01
1.951155364510000489e-01,1.875055191037206803e-01
1.929849982259999874e-01,1.884354649252641956e-01
1.620820015670000058e-01,1.928992882061221492e-01
1.356869190929999858e-01,1.912008928853915490e-01
1.467041671279999959e-01,1.845647731804563041e-01
1.972582042220000220e-01,1.758709950545545853e-01
1.894697993989999940e-01,1.848295705950774581e-01
1.961945891380000029e-01,1.971214898934463278e-01
2.645494043830000086e-01,2.064725891955455361e-01
2.692976891989999899e-01,2.194775240208834688e-01
2.608369886879999822e-01,2.259753411090231756e-01
2.406771630049999999e-01,2.362345424154704554e-01
3.313829302790000098e-01,2.282195100489812500e-01
3.281686902050000021e-01,2.401783800473739350e-01
2.893257141109999986e-01,2.571869343865703650e-01
2.625965774060000091e-01,2.631954761731551962e-01
1.794345527890000014e-01,2.515433682775710111e-01
1.727855503559999895e-01,2.153736514465169893e-01
2.207822054619999752e-01,1.948280903215089954e-01
2.426082938910000264e-01,1.889249523435790334e-01
2.444625049829999841e-01,2.010228217007808127e-01
2.097309380769999676e-01,2.206868182378582399e-01
1.825350672010000175e-01,2.156097963383639959e-01
1.691226661210000204e-01,1.963897864140800031e-01
1.575669944289999902e-01,1.844056344124327396e-01
1.770704984660000092e-01,1.783090355723722376e-01
1.741859167810000109e-01,1.813776275071067035e-01
1.755136996510000269e-01,1.859250075902801336e-01
1.687776893379999976e-01,1.900854317726735077e-01
1.939594447609999939e-01,1.898053194339681116e-01
1.943469941619999919e-01,1.904918605128092524e-01
2.223779261109999905e-01,1.940411050753793332e-01
2.144328951839999942e-01,2.029497962146190326e-01
1.937792897219999533e-01,2.059304696297185044e-01
1.783622056249999921e-01,1.990452801591095500e-01
1.706998199219999790e-01,1.918731343920064558e-01
1.894924789669999998e-01,1.829998567173830026e-01
2.422726899390000022e-01,1.845781091209497127e-01
2.336400598289999908e-01,2.018003370308374123e-01
2.456458657979999904e-01,2.143875458649888432e-01
2.297928631310000025e-01,2.230732653854463621e-01
2.152034044269999780e-01,2.148232500348055962e-01
2.607180178169999918e-01,2.015824516036570646e-01
2.623189091679999918e-01,2.091648988173027968e-01
2.198584228750000147e-01,2.162249774602074681e-01
3.426670730110000229e-01,2.157904817532689534e-01
3.465315699580000519e-01,2.476189496847353844e-01
2.930460572240000117e-01,2.653976373634557850e-01
2.670845985409999734e-01,2.731901067506162795e-01
2.535850703720000099e-01,2.626304176528102552e-01
2.199364602570000049e-01,2.292772817112218031e-01
2.274277955290000264e-01,2.124044187990682675e-01
1.686184257270000042e-01,2.040911868075104552e-01
1.842167228460000195e-01,1.915174310568993066e-01
1.896838992830000015e-01,1.862810353206836578e-01
1.641370058060000192e-01,1.849427320973965616e-01
2.130100131029999677e-01,1.842656554659545254e-01
2.186074256900000234e-01,1.966540086187065495e-01
2.188677042720000021e-01,2.000740644980417982e-01
2.313981950280000199e-01,2.068444520576700474e-01
2.149903923270000128e-01,2.127354725797190038e-01
2.503419816490000116e-01,2.005197161567710828e-01
2.535111904139999983e-01,2.075686419760626733e-01
2.445873767139999932e-01,2.138238393894759948e-01
2.031902372839999860e-01,2.165105743056171539e-01
2.327843457459999599e-01,2.089658891690462095e-01
2.531769871709999564e-01,2.014913594857059287e-01
2.558321058749999932e-01,2.054440662965127118e-01
2.091450989249999948e-01,2.158123520899707382e-01
2.179704755539999816e-01,2.141382581986721878e-01
2.751700878139999862e-01,2.029822732009914088e-01
2.834362983699999505e-01,2.106711093712143046e-01
5.200669765470000705e-01,2.268740412123303740e-01
5.718095898630000118e-01,3.398034178177508635e-01
5.820317864419999321e-01,4.237892562153698361e-01
5.010549426079999868e-01,4.750203858923532918e-01
2.807539105419999959e-01,4.595390009141419041e-01
2.063424885269999898e-01,3.540988170305617855e-01
2.145204693079999780e-01,2.836327401904809586e-01
2.198818922040000068e-01,2.328437588661323998e-01
2.337387651210000028e-01,2.105815142915990201e-01
2.567627131940000140e-01,1.991715221056493679e-01
2.328460067509999509e-01,2.137012414056379817e-01
1.991674900050000030e-01,2.133806025320969801e-01
1.789865642790000044e-01,2.050150384984832930e-01
1.796395033599999802e-01,1.919954686006926925e-01
1.698227077719999811e-01,1.828655158105555179e-01
1.522479057309999995e-01,1.811514647858740168e-01
1.740261465309999867e-01,1.814123873811780419e-01
1.826220005749999709e-01,1.839383896520154493e-01
1.566141396759999915e-01,1.870011642539839425e-01
1.689846664669999721e-01,1.883305490320429654e-01
1.731435954569999769e-01,1.893743725216389395e-01
1.901344954969999834e-01,1.852630244974479978e-01
1.337733566760000159e-01,1.900123201789590544e-01
1.587713211769999910e-01,1.879933405850183203e-01
3.362798094749999689e-01,1.839896336238011632e-01
3.365317881109999854e-01,2.337114507675542019e-01
3.025190830230000127e-01,2.758978219684064537e-01
2.839955985550000062e-01,3.015773878507487793e-01
1.806526631120000115e-01,2.792776051060985587e-01
1.813106983900000246e-01,2.229597738833507814e-01
2.399948686360000027e-01,2.009860451351420385e-01
2.357428967949999898e-01,1.954856273473560002e-01
2.299271076919999768e-01,2.032693737338253925e-01
2.266699969770000211e-01,2.175399893254296446e-01
2.079305946829999863e-01,2.127009439976645933e-01
2.176461517809999968e-01,1.967264767161705230e-01
2.530807852749999975e-01,1.947094193469497969e-01
2.445257008080000127e-01,2.043361165723932560e-01
2.472106367350000167e-01,2.118549645947166993e-01
2.140260040760000038e-01,2.188949065022482154e-01
3.001447618010000262e-01,2.091943075316894940e-01
4.906117916109999921e-01,2.232798498785388830e-01
3.879201114179999799e-01,3.148812273006105777e-01
3.368788957599999634e-01,3.450541102512527103e-01
2.932540476320000256e-01,3.452322733319446169e-01
1.897923052309999914e-01,2.921704238321103375e-01
2.160292118790000104e-01,2.349516199096294833e-01
3.753999471659999476e-01,2.113419662162204782e-01
3.595648109909999612e-01,2.413244391673314837e-01
3.568296134470000380e-01,2.803468308959404243e-01
2.543200254440000085e-01,3.168058368409418235e-01
1.710169017309999817e-01,2.834499079947405131e-01
1.929912567139999979e-01,2.290827446755872576e-01
1.877582967279999848e-01,2.022054871495686801e-01
1.911910772320000174e-01,1.875495389689243175e-01
2.173696309329999909e-01,1.872818321450001322e-01
2.077021002769999791e-01,1.999734982993549570e-01
2.206149846319999941e-01,1.988227209928074557e-01
2.270559668539999798e-01,2.035553310401164995e-01
2.409625947480000252e-01,2.041458314653150918e-01
2.354097962379999853e-01,2.059910186752764993e-01
2.214455157519999995e-01,2.097070330725115672e-01
1.873570978640000106e-01,2.051856313935238874e-01
1.875694990160000075e-01,1.960586664395730649e-01
1.860239952800000485e-01,1.878858692772546468e-01
2.020407021049999696e-01,1.842744740865884523e-01
1.742038130759999970e-01,1.888212430280260257e-01
1.875655949120000054e-01,1.908473978128568393e-01
1.820583045479999829e-01,1.908145590100481792e-01
1.922361850739999767e-01,1.885256514754713453e-01
2.172528207300000180e-01,1.895685919638013250e-01
2.296049296860000200e-01,1.991822242396270870e-01
2.509359121320000052e-01,2.052476805659984027e-01
2.739968001839999667e-01,2.167509291355736722e-01
2.468370050189999942e-01,2.273002412777237746e-01
2.319672256710000047e-01,2.245537649154012161e-01
2.044411897660000088e-01,2.176443370563023727e-01
2.075911909340000250e-01,2.029659607504747665e-01
2.634023129940000207e-01,1.935413689345304722e-01
3.036424219609999975e-01,2.045387985420857591e-01
3.236212432380000115e-01,2.322229823224129519e-01
3.383783698080000124e-01,2.618804332959957515e-01
3.256455063820000162e-01,2.780795967697231585e-01
3.199611008170000215e-01,2.737022497022464917e-01
3.445942103859999661e-01,2.676717637728470711e-01
3.591096997259999868e-01,2.691471435662657896e-01
3.462464511389999888e-01,2.763526364546807779e-01
3.135047256949999861e-01,2.821369836802956610e-01
2.611905336379999887e-01,2.747483599812734489e-01
2.517339885229999963e-01,2.515653904133531849e-01
2.365340739490000288e-01,2.310894912697326053e-01
2.257324606179999804e-01,2.152546175464267464e-01
2.135377526280000104e-01,2.060413019234092202e-01
1.833177059890000182e-01,1.988538111231816785e-01
2.036423683169999999e-01,1.907274608284334760e-01
2.443349212410000082e-01,1.887485623398934276e-01
2.420464009050000143e-01,1.989198009582804072e-01
1.904003769159999526e-01,2.112546838871252886e-01
1.422279328109999907e-01,2.102628245459696177e-01
1.802364736799999811e-01,1.929099632642495288e-01
1.587783545260000040e-01,1.809607721994942742e-01
1.564234346149999955e-01,1.780206142019206961e-01
1.458736360070000126e-01,1.838805209674526098e-01
1.534039974209999990e-01,1.846689075793919999e-01
1.587697118520000061e-01,1.791993367750502053e-01
1.766731888060000533e-01,1.827734948679808347e-01
1.735716015100000065e-01,1.883766309413970053e-01
1.556300967930000223e-01,1.923151636944370191e-01
1.678923070430000108e-01,1.891800829403876005e-01
1.889611035589999766e-01,1.867619367400152885e-01
1.857852935790000048e-01,1.878617029672308147e-01
1.759144961829999798e-01,1.928690942628346894e-01
1.993034631010000002e-01,1.951117945448143376e-01
1.905056983229999890e-01,1.944879386810496047e-01
1.746108233929999920e-01,1.918829414767667108e-01
1.891844570640000001e-01,1.914088789917942901e-01
1.795153021809999805e-01,1.912582786027547388e-01
2.012605071070000251e-01,1.867606280742757641e-01
2.108775675299999763e-01,1.926471004619819682e-01
1.980962008239999794e-01,1.988155458869508008e-01
1.666497588159999987e-01,1.980763471759458549e-01
1.744651794429999958e-01,1.932658416408723767e-01
1.693953573699999993e-01,1.851483683030612226e-01
1.666028350590000040e-01,1.813719936696392421e-01
1.645158231259999937e-01,1.834101565251720356e-01
1.785626411439999728e-01,1.859190982661915736e-01
2.016437053679999980e-01,1.867798155222002432e-01
2.162254005669999868e-01,1.941126926892235149e-01
1.915986984970000084e-01,2.031022944327028623e-01
1.954402029510000083e-01,2.027507557935425975e-01
2.037038058040000210e-01,1.973481539672917451e-01
1.996463239190000016e-01,1.919769230249119552e-01
1.804761737589999915e-01,1.916685124628849657e-01
1.873520165680000182e-01,1.922969377122580592e-01
1.970120966429999843e-01,1.893795900198181059e-01
2.032908946279999851e-01,1.889365548187742494e-01
1.883477419610000425e-01,1.935645996657086310e-01
2.073840051889999925e-01,1.955406509700497175e-01
1.903086006639999883e-01,1.958236840317908178e-01
1.647335141900000133e-01,1.922568733587155243e-01
1.856785118579999949e-01,1.881347408988898184e-01
2.097074985500000099e-01,1.875537726653913606e-01
1.964578926559999994e-01,1.902802877281566107e-01
2.250059992069999848e-01,1.970135175068502831e-01
2.485178858039999994e-01,2.068931813389524588e-01
2.478968948129999794e-01,2.111049899529206519e-01
2.352291047569999849e-01,2.158546336669437127e-01
2.200151830909999606e-01,2.176881425716506724e-01
1.695966720579999976e-01,2.066828932766991145e-01
2.001868933439999443e-01,1.929957242366298065e-01
1.837853938339999993e-01,1.878658041357408881e-01
1.719795018430000100e-01,1.847863665041558079e-01
1.722060889009999762e-01,1.866807049568424692e-01
2.091183662410000255e-01,1.885291121162373240e-01
1.962699592110000169e-01,1.901055953945416099e-01
2.345576137300000308e-01,1.961120027034053415e-01
2.212668955329999965e-01,2.087123706255719080e-01
2.321032136680000191e-01,2.090815535137498515e-01
2.424474954610000288e-01,2.070787285214296392e-01
2.362180352210000167e-01,2.111173814125315018e-01
2.033241987229999492e-01,2.071745384941413026e-01
1.746149510150000472e-01,2.027037183276801935e-01
1.879347711800000154e-01,1.919098037950445479e-01
1.927646994589999885e-01,1.846734210393402575e-01
1.995158940549999760e-01,1.847448221132886315e-01
1.902115345000000013e-01,1.922342639493322125e-01
1.989603042599999982e-01,1.957672735243002893e-01
1.870438009499999499e-01,1.940767096404651948e-01
1.557538956400000008e-01,1.913145181533369155e-01
1.348650753500000021e-01,1.859807773637694450e-01
1.567980051039999934e-01,1.797229655786522495e-01
1.943633109329999942e-01,1.762482289672691882e-01
2.161478996279999898e-01,1.861918562292182722e-01
2.312179952860000387e-01,2.047081147875467189e-01
1.992108970879999941e-01,2.190373495086671840e-01
3.674222230910000331e-01,2.103875642324492534e-01
4.058226048949999942e-01,2.537647985100978110e-01
4.052526056769999996e-01,3.007058546128761334e-01
3.688966929910000303e-01,3.379391203077484196e-01
2.675450444220000001e-01,3.387201531166593726e-01
2.104666233059999947e-01,2.801765017262567437e-01
2.505743205550000074e-01,2.408759915907082438e-01
2.567990124230000171e-01,2.180437078979616528e-01
2.333147972819999694e-01,2.118854943738812946e-01
1.871584951879999847e-01,2.123683194389551221e-01
1.702336072920000165e-01,2.058895191263383495e-01
1.787967979910000116e-01,1.887434392405643868e-01
2.178041040900000058e-01,1.810539262336707811e-01
2.256611436609999854e-01,1.893221510054909629e-01
2.151906937359999994e-01,2.044028896120720917e-01
2.004701942210000143e-01,2.104820290041070630e-01
1.993511021139999784e-01,2.031016363630168964e-01
2.054219990969999576e-01,1.916880628727085922e-01
2.202302068469999818e-01,1.901709096175001057e-01
2.543391883370000328e-01,1.957030473291584416e-01
2.307367920879999923e-01,2.103806296610477855e-01
2.086869627239999747e-01,2.134379622558007228e-01
1.803357303139999923e-01,2.077368403801540808e-01
1.733369380239999924e-01,1.943362674746572094e-01
1.888285428290000234e-01,1.833451826141441199e-01
1.801446974280000168e-01,1.831574174024401813e-01
1.690454930070000028e-01,1.861092034960571406e-01
1.937783956529999796e-01,1.886680026098854213e-01
1.963465064759999934e-01,1.910056045421696103e-01
1.779485940929999843e-01,1.918851042714004029e-01
1.642222702499999964e-01,1.934886492268171054e-01
2.063633054490000007e-01,1.898565903899419038e-01
2.183381021019999979e-01,1.895591824088967148e-01
1.926020979879999873e-01,1.975699449412940678e-01
1.817457973960000250e-01,2.025977505009089741e-01
1.791574060919999822e-01,1.985722068237085192e-01
1.796555072069999648e-01,1.860429233655232495e-01
1.755983978510000099e-01,1.838835271506998881e-01
1.700639575719999907e-01,1.864025459236244575e-01
1.699959039689999951e-01,1.866547985323148695e-01
1.770231574769999816e-01,1.858458913278271396e-01
1.734361052510000056e-01,1.865246450837249048e-01
1.864347159860000047e-01,1.877110349506519449e-01
1.702874004839999844e-01,1.910780592383578558e-01
1.785273402929999920e-01,1.895644880946179556e-01
1.290820986030000173e-01,1.890377477169827292e-01
1.158849000929999956e-01,1.823540650689499387e-01
1.127520129079999933e-01,1.750087932156660919e-01
1.570463031529999998e-01,1.699192571030198606e-01
1.757429093120000119e-01,1.754841630908071937e-01
1.788239777089999927e-01,1.915635778566354142e-01
2.061250060799999784e-01,2.021094071383046642e-01
2.961472272869999922e-01,2.085890078391333669e-01
2.668476104740000188e-01,2.298011563973186011e-01
2.756402194500000014e-01,2.406035259935690729e-01
2.648843526840000129e-01,2.490251375154382552e-01
3.272587060930000069e-01,2.379719380243908999e-01
2.934317588809999822e-01,2.431344339697048551e-01
2.612319886680000147e-01,2.494351356754017923e-01
2.073775231839999900e-01,2.441202863208299378e-01
1.807138323779999833e-01,2.235621783262387308e-01
1.843436211349999965e-01,1.986024898966287922e-01
2.054681032900000093e-01,1.856568600990911033e-01
1.878930032250000215e-01,1.858075070321309197e-01
2.013643831010000218e-01,1.909594729075041464e-01
1.992990970609999912e-01,1.967003895117103995e-01
2.207290083170000417e-01,1.948543385069886891e-01
2.184396982190000003e-01,1.974868752171949626e-01
2.160932719709999783e-01,2.025873618208594573e-01
1.800702065230000148e-01,2.016831563774967306e-01
1.806241124869999992e-01,1.952332279171581642e-01
1.736052930359999746e-01,1.871513139339217313e-01
1.964215040210000318e-01,1.827937231085704217e-01
2.613951861859999948e-01,1.868071551779178496e-01
2.367069572210000195e-01,2.109090382023204313e-01
1.817331761120000166e-01,2.202342562305368845e-01
1.872550845150000032e-01,2.140822932541610601e-01
1.708921939130000067e-01,1.974089715892344832e-01
1.886087059969999979e-01,1.814291003190495466e-01
1.907265037299999966e-01,1.841746828429490501e-01
1.932464987040000415e-01,1.908989635231851667e-01
1.732929944990000137e-01,1.933418595130837192e-01
2.095063477749999625e-01,1.924565977585048215e-01
4.538556933399999771e-01,1.934818118410376320e-01
4.529328942299999938e-01,2.911682650057654254e-01
4.376089870929998904e-01,3.587570031638754875e-01
4.101786911490000742e-01,3.975996889986764815e-01
2.999480962750000201e-01,3.746372151206449619e-01
2.743109166620000261e-01,2.984957497797776083e-01
2.636764347549999665e-01,2.650916312562632271e-01
3.030085861679999715e-01,2.371255171489227431e-01
2.883977890009999934e-01,2.339630146587788062e-01
2.769187986850000227e-01,2.382284933958777884e-01
2.645944654940000085e-01,2.408867335059230730e-01
3.595731556419999864e-01,2.346815637685155942e-01
3.489974141120000262e-01,2.539140900191313444e-01
3.149650990960000119e-01,2.730483474216744977e-01
2.530409693719999908e-01,2.800319202787361350e-01
2.099061757329999944e-01,2.596536837534413888e-01
2.237384021280000024e-01,2.234629372354652033e-01
2.169338017699999344e-01,2.056497510183457056e-01
2.123453021049999945e-01,1.964824215207139069e-01
2.144929021599999985e-01,1.948299905197732884e-01
2.123427987100000303e-01,1.970002175547004020e-01
2.086919993160000208e-01,1.943438446363808247e-01
2.024399936200000361e-01,1.948622851016335866e-01
1.932131946090000219e-01,1.937577706741686057e-01
1.812405437229999972e-01,1.909585891039124184e-01
1.841152161359999873e-01,1.879219073239893623e-01
2.009199708700000198e-01,1.864959437279345433e-01
1.946409046650000030e-01,1.897067852102369279e-01
1.966055035590000000e-01,1.931619099958321872e-01
1.737543940540000054e-01,1.960839981306891078e-01
1.790176033969999858e-01,1.909238509763034053e-01
2.000912129879999779e-01,1.865111863320075281e-01
1.695824414490000043e-01,1.893628293456807721e-01
1.927433013919999938e-01,1.886604457815103664e-01
2.038794755939999925e-01,1.935609297090264136e-01
2.095497995620000109e-01,1.941522803379854833e-01
2.050999999049999967e-01,1.973705229442250242e-01
1.882844567299999938e-01,2.024225883184495034e-01
2.005678713319999917e-01,1.944998138020583855e-01
1.948222815989999746e-01,1.915802080578987432e-01
1.851616054770000019e-01,1.899797630233025225e-01
1.811457574369999823e-01,1.902177080814119181e-01
1.909579336640000180e-01,1.896271951046516191e-01
2.015465050940000169e-01,1.880542553246031534e-01
1.874635964629999818e-01,1.921833442839844253e-01
2.141287922859999859e-01,1.939568257627915238e-01
2.041694968939999910e-01,1.983490183861390810e-01
2.533474564550000085e-01,1.968388219797080618e-01
2.678037881850000024e-01,2.091529148730319754e-01
3.017286956309999657e-01,2.237960211612889105e-01
3.658618927000000243e-01,2.415199941870781464e-01
3.397559225559999563e-01,2.759274363456978851e-01
2.932764291759999975e-01,2.826573887427907827e-01
2.594402134420000228e-01,2.748422915289184809e-01
1.747480928900000119e-01,2.498395422333617444e-01
1.857970058920000167e-01,2.154732392061973756e-01
2.116256058219999903e-01,1.958499802783911226e-01
2.045923024419999958e-01,1.879381839036417257e-01
2.080095559360000124e-01,1.920452321793724715e-01
2.008861005310000059e-01,2.024908329933363671e-01
2.219119668010000324e-01,1.974774928536365270e-01
2.171941995620000065e-01,1.964897608398927520e-01
2.135767042640000224e-01,1.991899551695047454e-01
2.023674994709999952e-01,1.998008382576358655e-01
1.955586671829999956e-01,1.970505874933761448e-01
1.969362944360000256e-01,1.907436364863440981e-01
1.962438523770000387e-01,1.895817103118397073e-01
2.066201269630000281e-01,1.898412506877328598e-01
2.266834974290000138e-01,1.935752657486657646e-01
2.307016998529999863e-01,2.004719217011609322e-01
2.064162045719999949e-01,2.059698426577688257e-01
2.136748582119999684e-01,2.038780729278003301e-01
2.115589976309999731e-01,1.988316320146417127e-01
2.210098206999999981e-01,1.932156520974946667e-01
2.002004534010000114e-01,1.956951745588101088e-01
2.026610970500000164e-01,1.964823299126923772e-01
1.840810924770000245e-01,1.937284838863724545e-01
1.918098330499999893e-01,1.893358933414858447e-01
1.945068985220000102e-01,1.876289613170385728e-01
1.860962957140000207e-01,1.897438407877784783e-01
3.239021003249999975e-01,1.899344391416775968e-01
2.998737990859999814e-01,2.326802496436862489e-01
2.647733092310000091e-01,2.538623862941029596e-01
2.435151785609999953e-01,2.605535213017637353e-01
1.468971520659999863e-01,2.445994026077266403e-01
1.675205081699999987e-01,2.024982303785841375e-01
1.691907048229999710e-01,1.870756729087756365e-01
1.851512044669999801e-01,1.782627695066899831e-01
1.919896006579999981e-01,1.847089030058867154e-01
1.983390152450000277e-01,1.975112314709228656e-01
2.193651050329999963e-01,1.975760201724781617e-01
2.147694528099999833e-01,2.026912250277389249e-01
2.910268306730000032e-01,2.024912994526544829e-01
2.744570672509999976e-01,2.251986991978452424e-01
2.695364058020000009e-01,2.354760607920577953e-01
2.071107774970000204e-01,2.399121458062000445e-01
1.958816945549999577e-01,2.238912160051695632e-01
1.965135931969999861e-01,2.007711145944229836e-01
1.876440942289999969e-01,1.893894781907199121e-01
2.025545984510000175e-01,1.853988769675369852e-01
1.871117651460000031e-01,1.909969258651144086e-01
1.973968744280000243e-01,1.912897008656810616e-01
2.005362063649999971e-01,1.926499951975347291e-01
2.371928393840000149e-01,1.938614866821521399e-01
2.252300232649999678e-01,2.019191487130400364e-01
2.096156179900000305e-01,2.082640942428256037e-01
1.828726381060000183e-01,2.053315672843017692e-01
2.188799381260000398e-01,1.956795728388309452e-01
2.092117965219999765e-01,1.910219706845414644e-01
2.991323173050000062e-01,1.932109921641925743e-01
3.725849986079999843e-01,2.254524954410646320e-01
3.703671991829999843e-01,2.753248721560732082e-01
3.411498963830000286e-01,3.025550694014971786e-01
2.537753880020000019e-01,3.079784812704175478e-01
2.660570144650000191e-01,2.677723974180865607e-01
2.583504617210000132e-01,2.397007783936486169e-01
2.349327653649999903e-01,2.230501768040805965e-01
1.964800357820000176e-01,2.148190605906751260e-01
2.010751813650000219e-01,2.038310341331865116e-01
2.233009040360000030e-01,1.929069088994931902e-01
2.107799947259999807e-01,1.917782055625811000e-01
2.084790617230000143e-01,1.952486962325284126e-01
2.135446965689999921e-01,2.000840890661830795e-01
2.063921540979999636e-01,1.973423923529032120e-01
1.915937960150000119e-01,1.933196806842093496e-01
1.907173544170000234e-01,1.925533732362134376e-01
2.065229862929999771e-01,1.898303709702088560e-01
2.108760029080000431e-01,1.903866844791214930e-01
1.930121034380000433e-01,1.950881611127842918e-01
1.988846510650000288e-01,1.966371160737940826e-01
2.141418010000000205e-01,1.948683520540711589e-01
2.070428282019999844e-01,1.938274439732047827e-01
3.285667896269999777e-01,1.955774741667019034e-01
4.495427012439999759e-01,2.375028369265954620e-01
4.017376005650000748e-01,3.123899873592839160e-01
3.919491171839999399e-01,3.458205091684458110e-01
3.275258541109999921e-01,3.529497864943227370e-01
2.748836874960000065e-01,3.052820770301835629e-01
2.869270443920000080e-01,2.639038247381287894e-01
2.935220301149999989e-01,2.451985603995350260e-01
3.149933218959999892e-01,2.365133071977960355e-01
3.063029944900000356e-01,2.457099880535738301e-01
2.829472124579999748e-01,2.539956497458674689e-01
2.236190885309999876e-01,2.489854756408298730e-01
2.047974467280000155e-01,2.298547608868712344e-01
1.970064640049999927e-01,2.090560382905191916e-01
2.168944925069999918e-01,1.935600114938499372e-01
2.222929000849999948e-01,1.907594242457405220e-01
2.163385450839999946e-01,1.964753034292794354e-01
2.129120975730000032e-01,2.014989557386946961e-01
2.239284068350000101e-01,2.008811978640988316e-01
2.111652940509999854e-01,1.976103395010021802e-01
2.037166059019999975e-01,1.961257581939165051e-01
1.949672847989999958e-01,1.952795830352905271e-01
2.212041467430000130e-01,1.917424899893167001e-01
2.242754995819999930e-01,1.933155969809132180e-01
2.110134959219999995e-01,1.993644140684155408e-01
1.880159825090000070e-01,2.018476845720945656e-01
1.926469951869999864e-01,1.969286110734699280e-01
1.927028000349999826e-01,1.886285538661947314e-01
2.360453009609999875e-01,1.867640604402263649e-01
2.494726628070000063e-01,1.988674518450758988e-01
2.352280020710000030e-01,2.138377553603070247e-01
1.843072175980000060e-01,2.179573027259988638e-01
1.996876001359999819e-01,2.068876059740905882e-01
1.958325058219999859e-01,1.925931179589750186e-01
1.888218969110000145e-01,1.864287425291286937e-01
1.885980367660000101e-01,1.881618097237772458e-01
1.783643960949999885e-01,1.920632717408091439e-01
1.893583983179999986e-01,1.874904403055471513e-01
1.769174039359999728e-01,1.886513413231027669e-01
1.822073012590000041e-01,1.881789465631409641e-01
1.726381331679999742e-01,1.888743667347439759e-01
1.796488463879999664e-01,1.878987490253576642e-01
1.893453001979999994e-01,1.871001360411179149e-01
2.041255980730000141e-01,1.904165445068769225e-01
2.021193057299999762e-01,1.950660677336317206e-01
1.950753927230000073e-01,1.992461266450185342e-01
1.913484036919999853e-01,1.974106191443153746e-01
1.940153539180000386e-01,1.931100611333891603e-01
2.548274099830000194e-01,1.899829429981239048e-01
2.428829520939999875e-01,2.051817715507696371e-01
2.269057929519999739e-01,2.156129301121096631e-01
2.461629658940000243e-01,2.183498872429811832e-01
2.363652586939999911e-01,2.162535588163471689e-01
2.234285175800000134e-01,2.062329413636991571e-01
2.153740972279999943e-01,2.046791351749038534e-01
2.169086933140000062e-01,2.003892340270139460e-01
1.956495195630000294e-01,1.948818584083908956e-01
1.911730021240000132e-01,1.915649881378957697e-01
1.911281347270000208e-01,1.897348274475269547e-01
1.682610064739999967e-01,1.878344527316087309e-01
1.873182952399999879e-01,1.848368301565296856e-01
1.789516657589999837e-01,1.874277218056966676e-01
1.870546638969999842e-01,1.870052160913488748e-01
2.044772058730000008e-01,1.900414788669503585e-01
1.983377933500000412e-01,1.963976938006752604e-01
2.032073587180000251e-01,1.957971226881081994e-01
2.265556752679999952e-01,1.986123888456082232e-01
2.234009951350000023e-01,2.013474875188004110e-01
2.426621168849999732e-01,2.023319149291806784e-01
2.588768005370000180e-01,2.103598126027077242e-01
2.521358132360000393e-01,2.172442057369390889e-01
2.280115038159999941e-01,2.188262961557404518e-01
1.778044104579999951e-01,2.149101786911180589e-01
1.634968966249999989e-01,1.994694263545360446e-01
1.860933601860000064e-01,1.857525471140635542e-01
1.859123855829999672e-01,1.809082973163055885e-01
1.739067137240000172e-01,1.846151446098969751e-01
1.785075962540000061e-01,1.909412535458076821e-01
1.885641068220000049e-01,1.912434017805991482e-01
2.542034089569999988e-01,1.886851027162713690e-01
2.529518902300000316e-01,2.073174505224560094e-01
2.264477610590000245e-01,2.228768649300992832e-01
2.110380530360000118e-01,2.237256233567973263e-01
2.390624135729999822e-01,2.115391107755026923e-01
2.233908027409999830e-01,2.006595018260640406e-01
2.384739071129999832e-01,1.994406607541850396e-01
2.096938937900000022e-01,2.061667325143196061e-01
2.205873429780000061e-01,2.026697380851398278e-01
1.979559957979999951e-01,1.976516716484112424e-01
2.239636480809999997e-01,1.935664035638369473e-01
1.824693381790000180e-01,1.948034020114785547e-01
1.944653987880000379e-01,1.929769734208764687e-01
1.623506993060000181e-01,1.909919438000061698e-01
1.634901016950000008e-01,1.861698000718153001e-01
1.519308984280000052e-01,1.813460443164597313e-01
1.773174256089999623e-01,1.806661900486436767e-01
2.009179741139999753e-01,1.827986585895385874e-01
1.831925064329999742e-01,1.942238649149412022e-01
1.519723981620000053e-01,1.974481044934948970e-01
1.608350872990000069e-01,1.932708216635629361e-01
1.576898992060000171e-01,1.834677667213143182e-01
1.789468824859999918e-01,1.784088285393222451e-01
1.863833963870000221e-01,1.853849019208842486e-01
1.762941032649999740e-01,1.936535909939492150e-01
1.410365849730000065e-01,1.937161961390282960e-01
1.918971985579999984e-01,1.876369434450425033e-01
2.020718008279999978e-01,1.868898242445190261e-01
2.467120736839999995e-01,1.921167037068268746e-01
2.503778040410000183e-01,2.135786570249861016e-01
2.420776039360000020e-01,2.283858372501295364e-01
2.059547007079999548e-01,2.214648654739670985e-01
1.608465462920000144e-01,2.101612032053045975e-01
1.329861283299999808e-01,1.917215439650096220e-01
1.673102676869999972e-01,1.790687430541473835e-01
1.795337647199999609e-01,1.754993208358963386e-01
1.848126053810000002e-01,1.824053209174981427e-01
2.060592025519999981e-01,1.950336416158221786e-01
1.993591934439999935e-01,2.046900142212733642e-01
2.019896209239999962e-01,1.996193539350196999e-01
1.895201951269999963e-01,1.987745620222254594e-01
2.597720026969999596e-01,1.943364758233113720e-01
2.444770485159999951e-01,2.063293838282536097e-01
2.407727241519999617e-01,2.156707681824129585e-01
2.282528877259999978e-01,2.215957038859132922e-01
1.719890981910000005e-01,2.164369057962668152e-01
2.107089906930000034e-01,1.949412178769709680e-01
2.091155946250000119e-01,1.913884374505132602e-01
1.978048980240000032e-01,1.901790748698891920e-01
2.423519939180000249e-01,1.946705113753234018e-01
2.733131051059999872e-01,2.090084920002209801e-01
2.591018974779999984e-01,2.183459670231791550e-01
2.398502230640000010e-01,2.287533030839697112e-01
2.027270048860000118e-01,2.272377504061795228e-01
1.646265089510000057e-01,2.074599253096859330e-01
1.514579057690000063e-01,1.904941644019670366e-01
1.715828478339999907e-01,1.796606717726969560e-01
2.222049087290000058e-01,1.774398312778645015e-01
2.350890487429999898e-01,1.930123183978140200e-01
2.281305044889999634e-01,2.131526727795023390e-01
2.251530140639999844e-01,2.212304067055492485e-01
2.360830008979999950e-01,2.138887399650925558e-01
2.331852018829999873e-01,2.037705183851620527e-01
1.995675563809999886e-01,2.033646659009942792e-01
2.020958065989999775e-01,1.992415477268976998e-01
1.845946013929999907e-01,1.940707377766404673e-01
1.881015300749999952e-01,1.869330120335888912e-01
2.119678109879999939e-01,1.860873666441096863e-01
2.234034091230000241e-01,1.927420568687598645e-01
2.446219176049999888e-01,1.997677909775286420e-01
2.418016940359999645e-01,2.127207237077498592e-01
2.144879996780000020e-01,2.161246336629205345e-01
2.017266303299999897e-01,2.078006625842827304e-01
1.734066754580000091e-01,1.983595128528187757e-01
1.667926013469999968e-01,1.872400398588179027e-01
1.653245985510000127e-01,1.816258928568533215e-01
1.766120344399999820e-01,1.801067304525819646e-01
2.292105853560000295e-01,1.830607686693923042e-01
2.151339054109999982e-01,2.000694188191987910e-01
2.032367140049999854e-01,2.083276841738431751e-01
2.899451851839999761e-01,2.090756948314057007e-01
3.044671118260000031e-01,2.248579284315976035e-01
2.927406132220000123e-01,2.390388048305461532e-01
2.604539990429999841e-01,2.559502294392013710e-01
2.598164081569999673e-01,2.494393457933454239e-01
2.464921027420000077e-01,2.286936684411458309e-01
2.179778963329999930e-01,2.179154069062811117e-01
2.073534131049999674e-01,2.079623175871962715e-01
2.050486057999999778e-01,1.990060075988047683e-01
2.097736448049999924e-01,1.915738131727724447e-01
2.061820030209999821e-01,1.905765996994550904e-01
1.972219944000000447e-01,1.932708824319081253e-01
1.988296955820000045e-01,1.934876236923788184e-01
2.057753950360000361e-01,1.922649420698912814e-01
2.033157944680000218e-01,1.921870656613079154e-01
1.759992837910000218e-01,1.938692792024850065e-01
2.031327337029999736e-01,1.915663812222319629e-01
2.274394929410000210e-01,1.915054596055821845e-01
2.340615987779999796e-01,1.969415191124070930e-01
2.466137260199999792e-01,2.074742876616531284e-01
2.308412343259999833e-01,2.186970151496727133e-01
2.145392149689999972e-01,2.120674700152579140e-01
1.903560012579999794e-01,2.032993519247580372e-01
2.080181986090000046e-01,1.939654493072173469e-01
2.246207594869999991e-01,1.895607781725983376e-01
2.103735655550000305e-01,1.940771500097183411e-01
1.986407041550000141e-01,1.988511052377216204e-01
1.817755550150000066e-01,1.994548326692441031e-01
1.930263042450000022e-01,1.901880008948896028e-01
1.930966228249999805e-01,1.864990223303813754e-01
1.897509992120000044e-01,1.882977125271984298e-01
1.693823039529999963e-01,1.911261152280094577e-01
1.858561486009999986e-01,1.896584879000238755e-01
1.774827986960000048e-01,1.874418177538642594e-01
1.667204946280000100e-01,1.864135586610888018e-01
1.615741997959999898e-01,1.865299587446470064e-01
1.936000734570000048e-01,1.857058313125074522e-01
2.084788978100000079e-01,1.874313408384996049e-01
2.083924710750000298e-01,1.965286304418913943e-01
1.912561953069999710e-01,2.044130517498815025e-01
1.796658039089999992e-01,2.020002306885995969e-01
1.821167021990000301e-01,1.909271462783492801e-01
2.010916024449999895e-01,1.857854357458983974e-01
1.848223060370000059e-01,1.887357440717756518e-01
1.947717964649999800e-01,1.917285600468764950e-01
1.730353981260000229e-01,1.947585553922478174e-01
1.828583031890000099e-01,1.898367059652293909e-01
1.498861461880000023e-01,1.871698904924278262e-01
1.527018994090000026e-01,1.837034573078169808e-01
1.779081076379999959e-01,1.803311182313181160e-01
1.696159988640000005e-01,1.838418208793097530e-01
1.754582375290000273e-01,1.860869518294387126e-01
1.580465734000000011e-01,1.930116692707260773e-01
1.843986064199999997e-01,1.884970161089982721e-01
1.731242984530000084e-01,1.874935173019786350e-01
1.698645055290000094e-01,1.885165746132252129e-01
2.204860746860000387e-01,1.888968660605007954e-01
2.881226837640000205e-01,1.994294637757327016e-01
2.816658914090000021e-01,2.237855969637373710e-01
2.804358899590000398e-01,2.457683360831893205e-01
3.555045723920000067e-01,2.536465313643679331e-01
3.446882963180000203e-01,2.670310563720038610e-01
3.495651185509999759e-01,2.728166680345590622e-01
3.308182954789999908e-01,2.867508048957425060e-01
2.400473654270000312e-01,2.824954636958206255e-01
1.951503008599999867e-01,2.509528785962432118e-01
1.843069046739999883e-01,2.234900846215654990e-01
1.784625351430000062e-01,1.981238770735962440e-01
1.679867953059999974e-01,1.848386056606804440e-01
1.683609932660000141e-01,1.809768237683577474e-01
2.073428332810000052e-01,1.833972902621835155e-01
3.081569075580000150e-01,1.913964042920004160e-01
3.016481101509999596e-01,2.302277728869674134e-01
3.267253041270000158e-01,2.580534461345816433e-01
2.592641115190000289e-01,2.791515190616898345e-01
2.114182710650000241e-01,2.583972166860099562e-01
2.050412595270000027e-01,2.259742078015958555e-01
2.347255051140000048e-01,2.055672740637353446e-01
2.621370851990000306e-01,1.980540146647012667e-01
2.531891763210000201e-01,2.086952659609772609e-01
2.543610632420000295e-01,2.216881131766813839e-01
2.207816988229999999e-01,2.253478239117777671e-01
2.424586564300000302e-01,2.123992945019806400e-01
2.450377047060000035e-01,2.076356880647649006e-01
2.463154047729999852e-01,2.074488439282337893e-01
2.298433184620000125e-01,2.111024451885078479e-01
2.683678865429999782e-01,2.110971491764012109e-01
2.317014038559999656e-01,2.160131727104780408e-01
2.536134123800000140e-01,2.124431178143878218e-01
2.278259247540000143e-01,2.162512661357976484e-01
2.511056959629999752e-01,2.109247415279112969e-01
2.406570017340000089e-01,2.102464775799347818e-01
2.355776131150000285e-01,2.111784188270174056e-01
2.084955275060000057e-01,2.089341235972312361e-01
2.014831006530000135e-01,2.030663281503783113e-01
2.134985029700000314e-01,1.937453981205812248e-01
1.968656927350000141e-01,1.912641243513657496e-01
1.748276948930000407e-01,1.903795896521037756e-01
1.675257831810000042e-01,1.897982955090444512e-01
1.819289028640000139e-01,1.849238472478171857e-01
2.163158357140000099e-01,1.827768134476875084e-01
1.956270039080000300e-01,1.935948898183645350e-01
1.841740161179999946e-01,2.000992823049351221e-01
2.603065371509999948e-01,1.991144945710404124e-01
2.706716060640000365e-01,2.090653419087024900e-01
2.765875160690000056e-01,2.210266637480645391e-01
3.321622908119999940e-01,2.401432152921040286e-01
3.372164070610000342e-01,2.621472113180703389e-01
3.424106836320000014e-01,2.665109158670911915e-01
3.502804040910000305e-01,2.788382001654638453e-01
3.334882259370000046e-01,2.838675384270694102e-01
3.048415184020000224e-01,2.757502516234502932e-01
2.241699099539999906e-01,2.658708771884373823e-01
2.231916040179999783e-01,2.401471426651852759e-01
2.127934992309999940e-01,2.179973645498043122e-01
2.555466890340000186e-01,2.008249075569295272e-01
2.643494009969999947e-01,2.043985024996471389e-01
2.531680464739999858e-01,2.176374542457787387e-01
2.339650541540000128e-01,2.240172432135686953e-01
2.333215028050000250e-01,2.200069225781561000e-01
2.242033332589999928e-01,2.086736597979266805e-01
2.012783437970000200e-01,2.019096297782901617e-01
1.966407001020000211e-01,1.955015564366185399e-01
2.178835868840000300e-01,1.910485741220163958e-01
2.213913053269999931e-01,1.913988375628342953e-01
1.959984004500000265e-01,1.966265945872800458e-01
1.992403119800000288e-01,1.985658609959432830e-01
1.625297963619999897e-01,1.955458561592527400e-01
1.901159286500000156e-01,1.855727487509211404e-01
1.898488998409999795e-01,1.853008477311799962e-01
2.000212967400000208e-01,1.880980282001610826e-01
1.874057054520000265e-01,1.937647521086650337e-01
1.881960034370000201e-01,1.973247302378758061e-01
2.220781892539999691e-01,1.916809769808266728e-01
2.257640063759999982e-01,1.968885877103231097e-01
2.163868844509999889e-01,2.023709257075209100e-01
1.905837059019999669e-01,2.070485436540039637e-01
2.389943003649999953e-01,1.998100001303270146e-01
2.126784026619999990e-01,1.986477475890689182e-01
2.203326970339999913e-01,1.982234115279042641e-01
1.995152980090000028e-01,2.031963771654504147e-01
1.767843067650000100e-01,1.999119178206695269e-01
2.036905288699999983e-01,1.879649125446444247e-01
1.890024542810000152e-01,1.891975549283120839e-01
1.914628148079999814e-01,1.878575860446954349e-01
2.303853929040000081e-01,1.923565963086070196e-01
2.602671086789999921e-01,2.018668131474833372e-01
2.651697993279999999e-01,2.132939123455945551e-01
2.410915046930000583e-01,2.290320351039768776e-01
2.030028998850000044e-01,2.272677872636001961e-01
2.060085982080000211e-01,2.093572807556215720e-01
1.778325885530000205e-01,1.961915907708465523e-01
1.719783544540000042e-01,1.862267065056324167e-01
1.757052987809999689e-01,1.833040693318641057e-01
1.694041937590000102e-01,1.835556639091104336e-01
1.635388135910000040e-01,1.829929993859448767e-01
1.943304240699999796e-01,1.852630878372978351e-01
2.042852044110000098e-01,1.901089195041351654e-01
2.030708640810000021e-01,1.959333797363135565e-01
1.812596023079999785e-01,2.018754910997629104e-01
2.182700932030000041e-01,1.983637087982813296e-01
2.186232060190000104e-01,1.958499681806490089e-01
2.044367194179999569e-01,1.979270134766240030e-01
1.787614673380000241e-01,2.005285691502831924e-01
2.417660057539999519e-01,1.965064680796415331e-01
2.367322593929999941e-01,1.978292381555450952e-01
2.201220840219999808e-01,2.052998130387831688e-01
2.190245538950000292e-01,2.117040486690322243e-01
2.470148950820000300e-01,2.100239102922456247e-01
2.227835953240000222e-01,2.029393197233086699e-01
2.453936934469999886e-01,2.031944974454605590e-01
2.456143051390000109e-01,2.102650819907987689e-01
2.149323076009999889e-01,2.116399193537422396e-01
1.782320737840000502e-01,2.050326705323917698e-01
1.983320713039999628e-01,1.969778107786277210e-01
1.837121993299999645e-01,1.879821470107274350e-01
2.150899022819999784e-01,1.842487893883511529e-01
2.187249064449999780e-01,1.936081963642077297e-01
1.953707039359999786e-01,2.023281052743803876e-01
2.260476946829999834e-01,1.990639721312646437e-01
2.273865938190000047e-01,2.030686617874073174e-01
2.131565511230000265e-01,1.998526754719224252e-01
1.765360683200000169e-01,2.012453337851869695e-01
2.150828540329999816e-01,1.965648397896208321e-01
3.349621891979999710e-01,1.913312091237373280e-01
3.160460889339999913e-01,2.323843888285773984e-01
3.057914972309999646e-01,2.632147736960877005e-01
2.454170137640000193e-01,2.809982964643545911e-01
2.043210864070000021e-01,2.538563689037841575e-01
2.795807123180000242e-01,2.175026290718738153e-01
2.639636099339999764e-01,2.154282867239890598e-01
2.800608277320000283e-01,2.180872639319180739e-01
2.840686142440000395e-01,2.348077198226581341e-01
2.698352336879999980e-01,2.428604394522185517e-01
2.565046846869999952e-01,2.326337390343327927e-01
1.737418919799999795e-01,2.286492430369930495e-01
1.598615348340000075e-01,2.080739408203192697e-01
1.806169450279999644e-01,1.907173661456415537e-01
1.780257374049999952e-01,1.807286455873531594e-01
1.924792230129999948e-01,1.817607029517676331e-01
1.990472823380000089e-01,1.933637420787620853e-01
1.957502663139999710e-01,1.979020560604885515e-01
1.883261650800000242e-01,1.961218879017496142e-01
1.797540038819999686e-01,1.947593323343375649e-01
1.916811913249999999e-01,1.893250396236075550e-01
2.141620814799999883e-01,1.884783672511921582e-01
2.216559946539999881e-01,1.945187616467952685e-01
2.209348082539999703e-01,2.027119896647124053e-01
2.184751033780000240e-01,2.073429371017387335e-01
2.180604040619999739e-01,2.039863019176688386e-01
2.504481077190000016e-01,1.982899362606913019e-01
2.412912994619999807e-01,2.056876929328855241e-01
2.391991466279999590e-01,2.104985888846212794e-01
2.296963632110000098e-01,2.135792650734872622e-01
2.403284162280000247e-01,2.094375312073798456e-01
2.240518331529999796e-01,2.056434385133838749e-01
2.023217231040000119e-01,2.028626779883302145e-01
2.082566022870000200e-01,1.974790751930554367e-01
2.085203975440000079e-01,1.933588519989405952e-01
1.949775964020000196e-01,1.905779968081678377e-01
1.989800930020000080e-01,1.913258825289414489e-01
1.869141757489999889e-01,1.927611887223431020e-01
1.943044960499999974e-01,1.892098138268819563e-01
2.154057025910000034e-01,1.895958336684987755e-01
2.246519029140000012e-01,1.952827143969376178e-01
1.886185854669999717e-01,2.014753606568588651e-01
1.838601976629999635e-01,2.005567298670134224e-01
1.893669962880000224e-01,1.934746154811394503e-01
1.995205432180000016e-01,1.863256440400405944e-01
1.813428401949999658e-01,1.881221504825568713e-01
1.920076012609999994e-01,1.917650573247923207e-01
2.081632465119999942e-01,1.925289767338508595e-01
1.980955004690000132e-01,1.939217766225332928e-01
2.022272646429999765e-01,1.948129096304465901e-01
1.925842463970000029e-01,1.981453094230937462e-01
2.055149674419999850e-01,1.933661870501993674e-01
1.921776980160000148e-01,1.924416890165013272e-01
1.974076032640000034e-01,1.924396495910832006e-01
1.978288739919999983e-01,1.925084810024816351e-01
1.947185993189999853e-01,1.928886652243579913e-01
1.929751932619999943e-01,1.914783264292524434e-01
1.787372082470000123e-01,1.925548089674706809e-01
1.773243993519999784e-01,1.890191131338109509e-01
1.954015046359999785e-01,1.868042354825379670e-01
1.786402463910000127e-01,1.887167875218796476e-01
1.929298043250000094e-01,1.891796605013406074e-01
1.924515962599999963e-01,1.932963536762696277e-01
1.982013732189999711e-01,1.929830170119340438e-01
2.029816657299999549e-01,1.931928721905974145e-01
2.076473981139999869e-01,1.969076309852465512e-01
1.996106952430000137e-01,1.966052121619725201e-01
1.837998628619999797e-01,1.961635862204897940e-01
3.492729067800000586e-01,1.919027024051268016e-01
3.385715782639999727e-01,2.394341715417797334e-01
3.246645033359999988e-01,2.721322215553799717e-01
2.590272426610000234e-01,2.944932050380600908e-01
2.013491839169999909e-01,2.749111456036169021e-01
2.125197052959999777e-01,2.248230380383682003e-01
2.082609981300000135e-01,2.045712916166407547e-01
2.026299685240000037e-01,1.931220048178942383e-01
1.967180371280000117e-01,1.910715401098351252e-01
1.891978979110000014e-01,1.934484992668984715e-01
1.683970987799999763e-01,1.893879357062204782e-01
1.529303938150000097e-01,1.859095272258089460e-01
1.571273952720000089e-01,1.816106255428900917e-01
1.925273537640000143e-01,1.790527639088264900e-01
2.034381031989999922e-01,1.857745695899410410e-01
1.979987621310000112e-01,1.974136015768681029e-01
1.713397651909999986e-01,2.042080569379521038e-01
1.605434864760000024e-01,1.972749891493836283e-01
1.448902040719999840e-01,1.850538422210457057e-01
1.455924957989999935e-01,1.779926497811814001e-01
1.324006021019999979e-01,1.762953520884128211e-01
1.147388964889999863e-01,1.761393551172110716e-01
1.390763670209999858e-01,1.741028091962462665e-01
1.773481071000000131e-01,1.760396942397554065e-01
1.872349977490000150e-01,1.856811856718188214e-01
1.716542839999999903e-01,1.992182493375604657e-01
1.901565045120000019e-01,2.033778962374459265e-01
2.085365056989999799e-01,1.983976973047800740e-01
2.105930447580000031e-01,1.955216762772468697e-01
2.011387944220000001e-01,1.999164880838933678e-01
1.981692165139999906e-01,2.021548812056569167e-01
1.862777769570000130e-01,1.958754227401526271e-01
2.313299924139999852e-01,1.895270326592057297e-01
2.665236890320000218e-01,1.965830428951714504e-01
2.672828137869999732e-01,2.149355638634216636e-01
2.530894875529999810e-01,2.302399377126114477e-01
2.939947843549999829e-01,2.333739503303277618e-01
2.766048014160000235e-01,2.349986870611234790e-01
2.432340085509999972e-01,2.333026988372697008e-01
2.223459333180000108e-01,2.283636315348723800e-01
2.186183035370000138e-01,2.162233053007529826e-01
2.029476463789999796e-01,2.016713210963057556e-01
1.907453686000000204e-01,1.933544323075291893e-01
1.951031982900000294e-01,1.890767190461278002e-01
2.226422727109999833e-01,1.881982164421209802e-01
2.252217978240000085e-01,1.937307124877840347e-01
2.214518934490000146e-01,2.021212795703890008e-01
2.066775113340000025e-01,2.068811716900938180e-01
2.097374200819999979e-01,2.015397415908923295e-01
2.612883150579999869e-01,1.938891414252965073e-01
2.342368513349999681e-01,2.063320949491201373e-01
2.237651944159999851e-01,2.114201264898090127e-01
2.170636057850000022e-01,2.132859468922264357e-01
2.301114946599999433e-01,2.047174242381500642e-01
2.086910158400000215e-01,1.978841174470852282e-01
2.047397941349999584e-01,1.959652977023735310e-01
2.222295254470000037e-01,1.948810979947420696e-01
2.279004752640000075e-01,1.955982824770705619e-01
2.129457294940000078e-01,1.982237327111457392e-01
1.926552951340000375e-01,2.014233207153929561e-01
1.835393011569999844e-01,1.965761304860957071e-01
1.722192019220000203e-01,1.882032947775062748e-01
1.875299960370000463e-01,1.831389346365145665e-01
1.739563494920000064e-01,1.850073287083842111e-01
1.938352584840000170e-01,1.866083845087610216e-01
1.973450034860000091e-01,1.914893959050281702e-01
1.942632943389999978e-01,1.948225371252274019e-01
2.034828513860000021e-01,1.948750533940414031e-01
1.873460412029999966e-01,1.978119769105707026e-01
2.008862048390000210e-01,1.923824186662730362e-01
1.905569285150000014e-01,1.929225032805989004e-01
1.927679926160000001e-01,1.915714735299285099e-01
1.832018047569999863e-01,1.911170525863719050e-01
2.027056962250000094e-01,1.906756005950693833e-01
1.902956068519999766e-01,1.912727094182752052e-01
1.815531253809999912e-01,1.924279680252157232e-01
1.891089975829999548e-01,1.913462148277386143e-01
1.840091049670000145e-01,1.907451968451439883e-01
1.819614022970000022e-01,1.875533575178450207e-01
1.854998767380000024e-01,1.893301969278986252e-01
2.226949036120000058e-01,1.901111187778626865e-01
2.071253955359999843e-01,1.971342974378710311e-01
2.009170949460000188e-01,2.013087753015676273e-01
1.885115951299999870e-01,2.018743681138542023e-01
1.943915784359999954e-01,1.948264473422213761e-01
1.774574071170000045e-01,1.878479958284808016e-01
1.960569024089999779e-01,1.870542793773359302e-01
1.895107030869999931e-01,1.896643718221408259e-01
2.074400931600000053e-01,1.910225232901612835e-01
2.042641043660000100e-01,1.951847918636158974e-01
2.000678032640000048e-01,1.985357629041684113e-01
1.733694821599999769e-01,1.961203673485842347e-01
1.849348992109999812e-01,1.915897525194055206e-01
1.688267737630000098e-01,1.866899422543537024e-01
1.914010494949999752e-01,1.837624315330093905e-01
1.822085529569999751e-01,1.878806134999072563e-01
2.055577039720000165e-01,1.911092224475182122e-01
2.419840693470000081e-01,1.954176261192610564e-01
2.256706357000000107e-01,2.086812518205630740e-01
2.096177935600000153e-01,2.104285821779752486e-01
1.874290108680000400e-01,2.093279072518068329e-01
1.834661066530000328e-01,1.956060402684750565e-01
1.931275576349999745e-01,1.855936935198239657e-01
1.979932039979999947e-01,1.856622313818389880e-01
1.810770928860000184e-01,1.899173635684199002e-01
4.031366109849999768e-01,1.920852828235665999e-01
4.604647159579999816e-01,2.667928150476064908e-01
5.008617043499999921e-01,3.401125615178637873e-01
4.378605186940000005e-01,4.074518967890696231e-01
2.561259269710000064e-01,4.077226167718716043e-01
2.273572981360000023e-01,3.195482742125395070e-01
2.201671004300000123e-01,2.646448343218472665e-01
1.984222531320000149e-01,2.231632555423535835e-01
1.943005025389999973e-01,2.036023338777798730e-01
1.805235445499999702e-01,1.887522560888091339e-01
1.998776346449999686e-01,1.858737218301834970e-01
2.088513970380000140e-01,1.879093158796399932e-01
2.052325755359999948e-01,1.939275272994932797e-01
2.000157982109999899e-01,1.979470009964998944e-01
1.864733994009999674e-01,1.987709270787144655e-01
1.736753731969999937e-01,1.915956683758530399e-01
1.885808259249999730e-01,1.864069311139594509e-01
1.996680051089999852e-01,1.862240184447175040e-01
2.059511989359999740e-01,1.901634466356655895e-01
1.754488945010000134e-01,1.971707791931603115e-01
2.038332223890000072e-01,1.955883299222644922e-01
2.094203978779999864e-01,1.937414906740417275e-01
1.958734989169999829e-01,1.938051281885379562e-01
1.724482625719999940e-01,1.955655580538778471e-01
1.776420623059999926e-01,1.941071066027784120e-01
1.713635921480000102e-01,1.855007956385132384e-01
1.787484437230000278e-01,1.825883231484520530e-01
1.702087521550000038e-01,1.857629026654133153e-01
1.913181245330000113e-01,1.877368245631646226e-01
1.938814073799999815e-01,1.905221659085227504e-01
2.021497935060000140e-01,1.939347327743179972e-01
1.973596364259999902e-01,1.972972463694734058e-01
1.818598955869999978e-01,1.983486487651357488e-01
1.518772840500000054e-01,1.920435662028797119e-01
1.797889769079999700e-01,1.851888628397472258e-01
1.766516566280000311e-01,1.828960132667516170e-01
2.190984636549999920e-01,1.841261513561412433e-01
2.368807047610000382e-01,1.986121888555854587e-01
2.723162174219999621e-01,2.136952037130861182e-01
2.842651307580000286e-01,2.270370641667001366e-01
3.610217571259999314e-01,2.405441961060786338e-01
3.393641114230000477e-01,2.681841519535142493e-01
2.713941931720000311e-01,2.805161448464301155e-01
2.359429746869999844e-01,2.676330844771956374e-01
1.764906942839999937e-01,2.424681383806069346e-01
1.933852136140000177e-01,2.080178263901194535e-01
2.070471495389999417e-01,1.920047485863404513e-01
2.076206952330000022e-01,1.867792892512596392e-01
2.084009945389999896e-01,1.931218886976564242e-01
2.094228416680000149e-01,2.016527975029527853e-01
1.959958970549999790e-01,1.980264533863108078e-01
2.029076218609999760e-01,1.935931338268749857e-01
1.715861856940000263e-01,1.927889976137061590e-01
1.853289008139999972e-01,1.880551986768148887e-01
1.865625381469999955e-01,1.869273754172653679e-01
1.824795007709999750e-01,1.872908235052801185e-01
1.865475177760000103e-01,1.883916100854460540e-01
1.910450011489999711e-01,1.924490921185698644e-01
1.947984993460000203e-01,1.910615415127075445e-01
1.942836940290000036e-01,1.927934154283165724e-01
1.823579072949999824e-01,1.941856564146739184e-01
1.863520592450000068e-01,1.916563149966518664e-01
2.122309356929999724e-01,1.897183565034589459e-01
2.061766982079999977e-01,1.934260112155165301e-01
2.002694308759999930e-01,1.973083528968215816e-01
2.036442905660000025e-01,1.998041133948559311e-01
2.041575908660000216e-01,1.968249952677366965e-01
2.072980999949999847e-01,1.924676661441669934e-01
1.624802798030000051e-01,1.946209194678422127e-01
2.047239691019999974e-01,1.900489789262746754e-01
1.887350976469999997e-01,1.906632682032497750e-01
1.948221027850000064e-01,1.890962224683995219e-01
1.866550594570000055e-01,1.934440069529742567e-01
2.063589692120000041e-01,1.959941756504559318e-01
1.990336924790000184e-01,1.921761600743155940e-01
1.980886012320000056e-01,1.950738632286691809e-01
2.041638940570000005e-01,1.952271301244190571e-01
1.967703551049999888e-01,1.958471452302170401e-01
1.815092116589999971e-01,1.923216778399432780e-01
1.704124957319999856e-01,1.907862039232196549e-01
1.662842035290000020e-01,1.864498636032291268e-01
1.620960831640000099e-01,1.823737032784280565e-01
2.050786018369999963e-01,1.814692840701525312e-01
2.152855992319999967e-01,1.908665550923474563e-01
2.119203954940000467e-01,2.014478181721506556e-01
2.017627954479999930e-01,2.080779628157348182e-01
1.966343224050000060e-01,2.051200681223085409e-01
1.994546651839999851e-01,1.930754723035416898e-01
1.848202943799999998e-01,1.903100296827525684e-01
1.885830014939999799e-01,1.888753186411766538e-01
1.749152988199999814e-01,1.893200577067117307e-01
1.777306050059999920e-01,1.869659358331982602e-01
1.724444031720000214e-01,1.860869280138419679e-01
1.696542352440000012e-01,1.861079096280749690e-01
1.860917955640000176e-01,1.852311300915232273e-01
1.783816069359999701e-01,1.889474925109100312e-01
1.954015940430000042e-01,1.894739503291228144e-01
1.979020982979999843e-01,1.941377169114184287e-01
1.943283975120000118e-01,1.960810093945148103e-01
1.862878054379999981e-01,1.950568617538657457e-01
1.807115972040000129e-01,1.939049814317481690e-01
1.901234537359999810e-01,1.886226422189669905e-01
1.879478991030000268e-01,1.883390442486422567e-01
1.885761320589999790e-01,1.895574425190816592e-01
1.930653005840000103e-01,1.917415081536829047e-01
1.887152642009999881e-01,1.928624228153107967e-01
2.012016028170000026e-01,1.913825774729410456e-01
2.029483020310000330e-01,1.937816647383338031e-01
1.880519986150000211e-01,1.952212722783311372e-01
1.938583850860000068e-01,1.937098392029460436e-01
1.818363368510000078e-01,1.928673638539445956e-01
1.934503465890000384e-01,1.882498781131870524e-01
1.825065016750000157e-01,1.893932194102345701e-01
1.718572974210000048e-01,1.899123371945209970e-01
1.888858973980000189e-01,1.876201581552548736e-01
1.934519559140000233e-01,1.891411372854980566e-01
2.148046046500000361e-01,1.899850085574819603e-01
1.987380981450000417e-01,1.989578916537300679e-01
2.087343037130000023e-01,2.006873412516357313e-01
1.829220354560000261e-01,1.989132257006598348e-01
1.861628442999999911e-01,1.928265840422904720e-01
1.987580806019999813e-01,1.881652614342821106e-01
2.008325010539999955e-01,1.897967953244351913e-01
1.991298943760000106e-01,1.918900549952836376e-01
1.789479851720000014e-01,1.968377729702510404e-01
1.960126012559999797e-01,1.924470753414578295e-01
1.769941002129999941e-01,1.901446215905928105e-01
1.811666339639999845e-01,1.873085050804375318e-01
2.170765548939999900e-01,1.880745062303119386e-01
2.228865027430000090e-01,1.960503857639963321e-01
1.981754004959999926e-01,2.017118313183307587e-01
1.650676876309999930e-01,2.048081542524180509e-01
1.990987807510000429e-01,1.947273437986933031e-01
1.952784955500000141e-01,1.870062716433088801e-01
1.885309964419999984e-01,1.875068040844516670e-01
1.826629936699999956e-01,1.934256241914080743e-01
2.290190458300000176e-01,1.946146613379394763e-01
2.735207974910000006e-01,1.967497422944533836e-01
2.842034697529999820e-01,2.181354284169735869e-01
2.687470018859999810e-01,2.392684126513732745e-01
2.419617027039999979e-01,2.446094222960699116e-01
2.585682272909999857e-01,2.288283272302866489e-01
2.487231940029999977e-01,2.195918557678330219e-01
2.237731963400000357e-01,2.144241589974179574e-01
2.095130234959999838e-01,2.092830169452057076e-01
1.998770385979999897e-01,2.017494846528865571e-01
2.012569010259999958e-01,1.920529539576908973e-01
2.061658948660000101e-01,1.887236638067846806e-01
1.921332776550000176e-01,1.908705848932340798e-01
1.658605039119999958e-01,1.917555923919005145e-01
1.724504977459999921e-01,1.883320644381026310e-01
1.866747587920000173e-01,1.840970969801652701e-01
1.559437066319999954e-01,1.843307513501172834e-01
1.450039297340000033e-01,1.849823524664745145e-01
1.372807174919999929e-01,1.841758652549751185e-01
1.404531002040000087e-01,1.774162545295754068e-01
1.343677937979999848e-01,1.749435326920696643e-01
1.512558013200000218e-01,1.772521225437565517e-01
1.571162044999999952e-01,1.812456858477219934e-01
1.624787002799999991e-01,1.850839068942634613e-01
1.773491054770000019e-01,1.883888104381274964e-01
1.815999448299999985e-01,1.928624532341630116e-01
1.852913051839999992e-01,1.931733982178729103e-01
1.884922981259999908e-01,1.947514496036848453e-01
1.918683052059999838e-01,1.946499613382078331e-01
2.261683344839999776e-01,1.933065207442098421e-01
2.014196962120000101e-01,2.006313393067090389e-01
1.973526030779999829e-01,2.008430370815474375e-01
1.941564679150000194e-01,1.992507937672609308e-01
2.078395932910000188e-01,1.933522772356864872e-01
1.838871985670000042e-01,1.902902316965096874e-01
2.030725032089999993e-01,1.914555874531527757e-01
1.920516937969999893e-01,1.934903993813025802e-01
1.887007951740000411e-01,1.918405319650429430e-01
1.887437999249999832e-01,1.906101971178606747e-01
1.873788982629999988e-01,1.916713477100181473e-01
1.891151070590000038e-01,1.885273641449308757e-01
1.895716041330000323e-01,1.903197228817409825e-01
1.892361938949999878e-01,1.910139647380985350e-01
1.986678987739999847e-01,1.912515115528669873e-01
2.600212097169999903e-01,1.930776400335538767e-01
2.536996603009999962e-01,2.097711701900771830e-01
2.486595213409999727e-01,2.216380508861276466e-01
2.238901853559999988e-01,2.276742057758902871e-01
1.916601955889999931e-01,2.173102004749636329e-01
1.912304460999999789e-01,1.979163219847671629e-01
2.217618972060000082e-01,1.890833128048561851e-01
2.349424958230000027e-01,1.902823687202034042e-01
2.342955172060000035e-01,2.011908972736136669e-01
2.245461940769999942e-01,2.120917537205191106e-01
2.107733041050000034e-01,2.103195068472044349e-01
2.195045053959999715e-01,1.993255990797092592e-01
1.867112517360000057e-01,1.952029899903952037e-01
1.782344579700000098e-01,1.908567530069880114e-01
1.810989975930000218e-01,1.877070521615801790e-01
1.992904990909999952e-01,1.848803995854694793e-01
2.188781946900000275e-01,1.872699969969768841e-01
3.330821096900000167e-01,1.989321732897381401e-01
2.986789345740000212e-01,2.434797979116255784e-01
3.000943064689999829e-01,2.613356685442008720e-01
2.386572659019999820e-01,2.692048623780727845e-01
2.014694958929999502e-01,2.463179761940141321e-01
2.121156007049999903e-01,2.136821317517585694e-01
2.050123065709999748e-01,1.991534473339958144e-01
1.987702995540000239e-01,1.909798705533966579e-01
1.788948029280000296e-01,1.906221333141304708e-01
2.083670347930000055e-01,1.901561288892573975e-01
2.080235034229999946e-01,1.904164738816440106e-01
1.859974563120000146e-01,1.938881807435368643e-01
2.174742072819999816e-01,1.950301551513136666e-01
2.246447950599999854e-01,1.996083259861547998e-01
2.117234021429999780e-01,1.985093356998018088e-01
2.041544467209999714e-01,2.016995544361324944e-01
2.146971523759999834e-01,2.013175577232486080e-01
2.150782048699999838e-01,1.941251561605219778e-01
2.338068932289999735e-01,1.944464058424873187e-01
3.202091157440000169e-01,2.021898673960968174e-01
3.246116042139999824e-01,2.362288114338530198e-01
3.107064068320000150e-01,2.603962392260593672e-01
3.095698356630000037e-01,2.725557280550078287e-01
2.792485058309999713e-01,2.676832281033606487e-01
2.426900416609999722e-01,2.466070895545610098e-01
2.526278495789999745e-01,2.309423057777453547e-01
2.839281857009999799e-01,2.203707832097326069e-01
2.947731912139999744e-01,2.221022059631111989e-01
2.706804275510000246e-01,2.345865695501448966e-01
2.213104963300000227e-01,2.400325840416938639e-01
2.309004068370000273e-01,2.254281384721542325e-01
2.387782931329999747e-01,2.106539548239921844e-01
2.419604510069999770e-01,2.037085897177279836e-01
2.565485239029999809e-01,2.061215313065777044e-01
2.649432718749999971e-01,2.157141780298317546e-01
2.552419006819999781e-01,2.212250230016915564e-01
2.503576874729999679e-01,2.224679403363371000e-01
2.851879894730000031e-01,2.205795065663495869e-01
3.117785453800000495e-01,2.263624293471357962e-01
2.945955097679999746e-01,2.410273054328724851e-01
3.066652119159999912e-01,2.500729189563415389e-01
2.395841330290000293e-01,2.557558621728506232e-01
1.883951872589999799e-01,2.364495719301178411e-01
1.851434856649999960e-01,2.138985717873737036e-01
2.226487994190000097e-01,1.948861298620284122e-01
2.192545831199999851e-01,1.902492944690461207e-01
2.097330987449999851e-01,1.962936608705866115e-01
1.943479031319999828e-01,2.045275873836746305e-01
1.941306889060000207e-01,1.987891059170119323e-01
2.030006051060000150e-01,1.891028531656390732e-01
1.910956948999999738e-01,1.895615239156917264e-01
1.403214633459999860e-01,1.906923950551948077e-01
1.376174986360000074e-01,1.864026403556664491e-01
1.550265699630000160e-01,1.787957443215886233e-01
2.001304924489999970e-01,1.749342658930147787e-01
1.929156184199999624e-01,1.881883744456853691e-01
1.806230992080000430e-01,2.026697057894165654e-01
1.619705408809999914e-01,2.033225171181377855e-01
1.889210045340000144e-01,1.921054543120152003e-01
1.788192987439999881e-01,1.854366993228727667e-01
1.769654452799999944e-01,1.869653901459109036e-01
1.813704073430000008e-01,1.904131494413339454e-01
2.045527994630000068e-01,1.915830135116170785e-01
2.115447074170000163e-01,1.923725874125476465e-01
2.114014774559999921e-01,1.996120956057912954e-01
1.859614849089999966e-01,2.033299126677777235e-01
1.966694146390000064e-01,1.976627314140964597e-01
1.941680759189999828e-01,1.913391354276910428e-01
1.857832968239999938e-01,1.887769494303943307e-01
1.800334155560000260e-01,1.891552329412696798e-01
2.057538926599999929e-01,1.899270465221138127e-01
