1.955727785830000398e-01,1.847158075094196272e-01
1.954265981910000005e-01,1.819963456142094926e-01
2.004670947789999880e-01,1.864785661984751375e-01
2.029463946819999587e-01,1.918682183412020181e-01
0.000000000000000000e+00,1.947269125633466491e-01
1.862521618600000151e-01,1.759975484828425196e-01
1.862153261900000301e-01,1.846330408615194374e-01
4.038094580169999670e-01,1.558852741858109958e-01
4.118085205549999461e-01,1.830722052566047531e-01
3.743042349819999948e-01,2.201043358107326320e-01
3.571429848669999685e-01,2.742463199108849392e-01
2.572054266930000055e-01,2.852062954658947103e-01
2.409307956699999753e-01,2.755223336169783654e-01
2.253161966800000249e-01,2.731527382857306674e-01
1.935185044999999937e-01,2.528186836332467213e-01
1.787700653079999924e-01,2.289624484412436378e-01
1.622045934200000150e-01,2.017957208968207405e-01
1.761920750140000269e-01,1.931532388203516803e-01
1.883655935530000325e-01,1.870573225482695667e-01
1.861467957499999548e-01,1.818680325538662712e-01
1.954913884399999968e-01,1.820504875370471121e-01
1.954011768099999935e-01,1.854569869738298127e-01
1.660518944260000185e-01,1.883741431997501548e-01
1.907722949980000249e-01,1.904149429204990140e-01
2.156041562559999625e-01,1.874777885250737686e-01
1.898660957809999716e-01,1.850994155192929869e-01
1.770474612709999895e-01,1.916100559079054466e-01
2.001174986360000074e-01,1.935581374367691676e-01
1.948629021640000125e-01,1.877414852327899675e-01
1.922753006219999894e-01,1.890895369529352332e-01
1.779100298880000042e-01,1.933881406328651353e-01
1.810636967419999854e-01,1.917457958610484237e-01
1.680064052340000114e-01,1.890898083032726273e-01
1.635809391740000174e-01,1.853882461624843936e-01
1.706920862200000111e-01,1.798995075404107025e-01
1.916799396280000345e-01,1.731459047446637645e-01
2.085516005749999957e-01,1.768321461563675812e-01
2.058236002919999752e-01,1.805428281905513965e-01
1.828240007160000513e-01,1.892194960110059609e-01
1.857409924269999846e-01,1.954779697168628483e-01
1.775099337099999841e-01,1.972061342071219914e-01
1.752161234619999952e-01,1.905167299859093499e-01
1.971126049759999999e-01,1.852569538436369956e-01
1.845117062330000057e-01,1.833281079892844501e-01
1.984785944219999987e-01,1.829906165658702344e-01
2.143009155989999692e-01,1.864317651938069975e-01
1.841159015890000139e-01,1.903221357044558026e-01
2.104043960570000094e-01,1.956425207827769963e-01
2.032361328599999739e-01,1.956136964108317333e-01
2.088565975429999833e-01,1.911686732705615566e-01
1.960448026660000231e-01,1.986887879336131923e-01
1.900728046889999523e-01,2.026615054498255020e-01
1.658952832220000062e-01,2.000779189367377364e-01
1.872539073229999851e-01,1.895939289716584986e-01
1.852532625200000171e-01,1.871899777109849450e-01
1.799222826959999966e-01,1.823810578839528684e-01
2.012764066460000223e-01,1.811390187919358907e-01
1.978618204589999985e-01,1.826497630330870536e-01
1.950792670250000027e-01,1.901646249598091531e-01
1.711323857310000085e-01,1.940838379590759666e-01
1.623787879939999901e-01,1.909873304816376571e-01
1.677809953689999856e-01,1.874651130289781142e-01
2.059821039440000168e-01,1.810871505753241517e-01
2.158481031659999771e-01,1.798413418942761133e-01
2.141157686710000174e-01,1.839044479675176480e-01
1.768843084569999835e-01,1.933665643556743419e-01
1.967563778159999444e-01,1.935467669456226725e-01
1.834106147289999988e-01,1.959267340847132832e-01
1.805770993230000065e-01,1.911179752884008820e-01
1.911945044990000231e-01,1.887501281198419312e-01
2.012096941470000178e-01,1.855969666371493632e-01
2.066745012999999798e-01,1.891756095409656835e-01
2.420079559090000110e-01,1.903391120325640673e-01
2.195876985790000124e-01,1.967061831067818956e-01
2.106474190949999825e-01,2.066755371704274424e-01
1.944769918919999896e-01,2.111646106801934042e-01
1.704634428020000148e-01,2.031427242365733687e-01
1.787724494929999741e-01,1.949556612724570037e-01
1.750701963900000158e-01,1.906928893828294946e-01
1.796004772190000487e-01,1.851676130497435235e-01
1.688816994429999940e-01,1.814319781182739399e-01
1.640222966669999949e-01,1.802585617363446080e-01
1.799237728120000324e-01,1.790085573389761653e-01
1.769366562369999729e-01,1.751368211923120533e-01
1.781685650350000039e-01,1.748085714655458478e-01
1.665234863759999795e-01,1.765551242769928530e-01
1.855484992270000077e-01,1.760307184205137099e-01
1.732649058100000083e-01,1.798853106896094178e-01
1.860052198169999949e-01,1.802378354760061085e-01
1.832000017169999884e-01,1.832134926567191013e-01
1.951216459270000425e-01,1.818630152712623071e-01
2.088083624839999763e-01,1.850319018954543204e-01
1.873752027749999993e-01,1.895959992317444165e-01
2.025922685860000183e-01,1.953150694081350891e-01
1.986005455260000108e-01,1.939428430582354201e-01
1.863885968919999914e-01,1.915410806250385789e-01
1.716178953649999950e-01,1.939714726664786004e-01
1.885485500099999823e-01,1.934577055578677041e-01
2.112170010809999998e-01,1.862727011741098782e-01
1.833238750700000030e-01,1.848388809411050659e-01
2.096922993660000067e-01,1.870094785556744854e-01
2.197588831190000203e-01,1.930944453462364319e-01
2.330529242750000174e-01,1.937256848186138525e-01
2.151579260829999951e-01,2.035005451066435322e-01
2.008593231439999849e-01,2.050669310885510077e-01
1.312076449390000010e-01,2.056844250441407784e-01
1.399971693750000079e-01,1.941875014032889979e-01
1.684847325090000070e-01,1.855676379297753475e-01
2.097207009790000298e-01,1.712921513000711382e-01
1.677834987640000053e-01,1.731189445783321290e-01
1.697814613580000132e-01,1.726086135942533906e-01
1.778024435040000129e-01,1.782135082739920995e-01
1.989280730490000093e-01,1.736146499443083357e-01
1.968562752010000194e-01,1.816459121590002224e-01
1.764101982119999634e-01,1.840207390172905466e-01
1.775619983670000124e-01,1.859432057616653977e-01
1.848997771739999962e-01,1.849750236358620181e-01
1.751745045190000183e-01,1.845792095661229204e-01
1.822087168690000036e-01,1.843567707329546723e-01
1.833387613300000163e-01,1.838421856033247426e-01
2.092746049170000067e-01,1.835568161243155139e-01
2.103900015349999819e-01,1.873219958793592155e-01
1.875178515910000121e-01,1.892929593217332618e-01
1.892182081940000093e-01,1.935852263312443922e-01
2.129119038579999901e-01,1.948216883185842074e-01
1.846891939640000202e-01,1.968139726967837178e-01
1.933595985170000198e-01,1.929150818528629630e-01
1.597519963980000013e-01,1.903638836174631199e-01
1.731968969110000145e-01,1.869981245811142556e-01
1.763989776370000484e-01,1.869926548202424099e-01
1.903230398890000119e-01,1.799127282998478072e-01
1.978137493129999980e-01,1.788888716223178688e-01
1.724811047320000124e-01,1.821293906075114322e-01
1.773964017630000056e-01,1.888740580974733185e-01
1.862247735259999759e-01,1.894589380636871601e-01
2.039294093849999823e-01,1.814061049796445724e-01
2.303259670730000153e-01,1.815385764608865027e-01
2.793866395949999859e-01,1.886597062206581410e-01
2.991397082810000052e-01,2.124711341220519023e-01
2.514718174930000161e-01,2.262524446475317752e-01
1.890812516209999794e-01,2.410716085861308033e-01
2.833725214000000214e-01,2.384025523584501205e-01
2.606627941129999737e-01,2.355953354750650874e-01
2.856159806249999877e-01,2.323636882742098897e-01
2.152941524979999910e-01,2.352281448516690687e-01
1.691618561740000082e-01,2.213340535775697171e-01
1.676646620040000146e-01,2.143034027919417939e-01
1.986771523950000007e-01,2.030108549045207267e-01
1.806469559670000058e-01,1.954111129603354757e-01
1.824937760829999922e-01,1.879971142207027268e-01
1.871567964549999963e-01,1.856250167825398423e-01
2.099210023880000164e-01,1.834026858239556634e-01
1.939254999159999993e-01,1.865629247741787955e-01
1.662387549880000037e-01,1.921406754582841159e-01
1.659430116420000101e-01,1.937305673352633373e-01
1.823978126049999871e-01,1.865449479768278851e-01
1.884365230800000013e-01,1.807003594757084497e-01
2.158337980510000031e-01,1.808263147634272539e-01
2.153968065980000068e-01,1.857023697639592630e-01
1.994820386169999793e-01,1.894377652508248688e-01
1.468160003419999859e-01,1.947886727105802851e-01
1.810178905730000509e-01,1.941657954676558051e-01
1.982497125860000209e-01,1.921739787906148744e-01
1.886273920540000038e-01,1.828887117446594268e-01
1.874347329140000074e-01,1.862394881512992317e-01
1.838997006419999802e-01,1.880839404691535266e-01
1.789868623020000049e-01,1.905274004304458313e-01
2.386641800400000069e-01,1.885605523939826167e-01
4.006521701810000224e-01,1.880126757695355644e-01
3.205133974549999598e-01,2.161492762622218289e-01
3.453539609910000197e-01,2.406879279949004913e-01
3.201048076149999866e-01,2.665577907780352640e-01
3.410750627520000022e-01,2.624842695875674869e-01
3.317869901659999954e-01,2.835916908469049980e-01
3.053638935090000062e-01,2.854352488561863188e-01
2.349332422019999866e-01,2.862440050184650309e-01
2.433501929039999789e-01,2.675983341868906074e-01
2.282197028400000105e-01,2.558080478581188366e-01
2.155468463900000187e-01,2.417827235550342457e-01
1.862514019010000077e-01,2.309988925580081232e-01
1.789111644029999504e-01,2.134019109222104749e-01
1.881189942359999534e-01,2.021098575175911960e-01
2.258600741620000185e-01,1.912515609735803424e-01
2.293289005759999999e-01,1.921013021683244670e-01
2.172957956789999534e-01,1.961194269612176744e-01
2.285813987260000013e-01,2.038050483175727901e-01
2.961176931860000083e-01,2.062619959195967079e-01
2.966041862959999942e-01,2.252759015543143450e-01
2.547382712360000134e-01,2.314836360661225168e-01
2.234010547399999935e-01,2.364783775958270440e-01
2.086469978090000066e-01,2.316605064544004500e-01
2.144542932510000166e-01,2.293574749212171082e-01
1.909040212630000177e-01,2.180568217951552867e-01
1.961078941820000032e-01,2.085057956305559901e-01
1.758218258620000141e-01,1.998967280134900104e-01
1.801499277349999928e-01,1.909359651393154333e-01
1.802266091110000246e-01,1.883077629873906589e-01
1.831340938809999930e-01,1.860111762799489532e-01
1.799343973400000241e-01,1.863069291636214042e-01
1.912952065469999963e-01,1.842418403823626871e-01
2.391949146990000052e-01,1.830339983478921351e-01
2.476447969680000138e-01,1.903891541393271103e-01
2.603625059129999753e-01,2.018895518330329208e-01
2.153915017839999890e-01,2.091172715664172954e-01
1.687171012159999761e-01,2.110933563742058705e-01
1.901023983960000163e-01,2.102027349537556600e-01
1.932636946439999781e-01,2.056276942995089174e-01
1.967433989050000331e-01,1.960380996739593540e-01
1.968259066340000141e-01,1.899251467602943166e-01
1.806160062550000167e-01,1.890883519693364601e-01
1.917202025649999975e-01,1.916297787626498883e-01
1.939498037100000072e-01,1.920029865943273517e-01
1.780927032229999429e-01,1.907075814590135920e-01
1.982128173110000169e-01,1.878781233774640680e-01
2.026619017119999921e-01,1.885799670271779971e-01
1.926424354309999587e-01,1.868287104714020652e-01
1.775846034290000375e-01,1.869420269171406246e-01
1.697379499670000069e-01,1.885172359709559320e-01
1.742126941680000041e-01,1.888654887865673371e-01
1.767573058610000247e-01,1.852879104874961824e-01
1.698893159629999983e-01,1.802746825475756987e-01
1.786662638189999985e-01,1.776194748583474758e-01
1.773128658529999901e-01,1.777706516128197689e-01
1.912915557620000206e-01,1.787884848093457268e-01
1.917339116329999926e-01,1.817422643602929211e-01
1.682408750059999902e-01,1.845064802261130177e-01
1.533582359550000052e-01,1.853353609408789349e-01
1.219834238290000011e-01,1.806903559865216669e-01
1.124273017049999962e-01,1.702738370299935744e-01
1.387385427950000027e-01,1.615568730732502567e-01
1.735682934519999776e-01,1.531382822776399255e-01
1.894755959509999699e-01,1.499070968911022372e-01
1.896263062950000189e-01,1.592018425218977851e-01
1.874510943890000114e-01,1.719325178203471305e-01
1.846003979439999887e-01,1.813544839475127735e-01
2.440665513279999810e-01,1.877168285423611027e-01
2.327407002449999873e-01,1.940606248712477278e-01
2.219963967800000215e-01,1.985364443562748216e-01
1.852974742650000117e-01,2.051243729730302667e-01
1.947617977860000016e-01,2.016783605714670968e-01
1.780637502669999983e-01,2.025123383645358599e-01
1.859644204379999610e-01,1.954178587979982784e-01
2.072025239469999502e-01,1.897952793425959073e-01
1.870556026700000152e-01,1.876985613926284990e-01
2.003259211780000215e-01,1.915613157009826151e-01
2.049419134859999936e-01,1.908981577861850187e-01
4.109843969350000514e-01,1.902055534307224016e-01
3.850685060019999884e-01,2.178574127080315781e-01
3.761990368370000670e-01,2.416271088808720491e-01
3.382981419560000536e-01,2.709263053664101584e-01
2.050670981410000482e-01,2.742527030458628556e-01
2.311079055070000277e-01,2.681972877260465626e-01
2.232432067389999997e-01,2.572438676413131287e-01
1.962449550630000206e-01,2.363533503364322885e-01
1.992976218459999727e-01,2.200269736849848612e-01
1.784480065109999847e-01,2.004345690564675042e-01
1.708953380579999737e-01,1.951016080153222809e-01
1.857410371300000085e-01,1.929547126989530903e-01
1.884250044819999748e-01,1.871139860082955408e-01
1.818749755619999964e-01,1.834265398900360167e-01
1.925081014630000142e-01,1.835875178500597227e-01
1.790819615130000153e-01,1.858936436034351047e-01
1.921849995850000159e-01,1.863176213001523363e-01
1.867637038229999769e-01,1.888010103371771387e-01
1.980000883339999851e-01,1.853322875987971075e-01
3.074838817119999734e-01,1.879775558296109816e-01
2.838982045650000341e-01,2.016504467282958790e-01
2.563236057759999964e-01,2.122711493711117725e-01
2.176708281040000137e-01,2.243143374692707082e-01
3.016590476040000302e-01,2.211394456233187478e-01
3.009566068650000314e-01,2.251750919037967813e-01
3.871228992939999558e-01,2.432747125233271079e-01
3.553330004220000005e-01,2.579386477233239217e-01
2.734268903729999978e-01,2.887193567361588942e-01
3.047637045380000020e-01,2.983107848574289567e-01
1.934034079309999710e-01,2.861437107952369274e-01
1.674667745829999943e-01,2.473626161981067884e-01
1.849085837600000226e-01,2.308625188624249813e-01
2.460200339559999727e-01,2.096997915906378407e-01
2.682054042820000150e-01,2.031181641496827839e-01
2.603135108949999887e-01,2.048346517349624585e-01
2.072546035049999680e-01,2.237567851522681561e-01
2.076155245300000118e-01,2.311214403990173860e-01
1.928880363700000156e-01,2.237763139817798563e-01
1.886100023979999929e-01,2.041848478500890851e-01
1.899161785839999783e-01,1.998185362760579731e-01
1.841135472060000111e-01,1.944809001766466816e-01
1.885657012459999726e-01,1.901094213306981640e-01
1.928238719700000325e-01,1.880423870428583610e-01
1.931996941570000015e-01,1.891696397570153398e-01
1.622868627309999867e-01,1.902629819589434501e-01
1.296745538709999923e-01,1.868513328268519014e-01
1.509044617410000011e-01,1.798373788354399316e-01
1.567745953799999925e-01,1.717182627603479339e-01
2.352031022309999941e-01,1.637162901589923614e-01
2.412368059159999689e-01,1.690475975388307794e-01
3.487674891950000022e-01,1.779182811123908026e-01
4.479171633719999934e-01,2.092020309981115767e-01
7.274934649469999570e-01,2.463889812533811008e-01
7.546014785770001065e-01,3.314858077687868887e-01
6.946486234659999814e-01,4.321517084187695978e-01
6.383669972420000782e-01,4.751127140280300698e-01
5.096258521080000436e-01,4.825436135347198618e-01
3.489852249620000735e-01,4.621263995122470991e-01
3.274166882039999948e-01,4.159291924653404360e-01
3.183498978609999863e-01,3.894770382923540830e-01
2.771280407910000076e-01,3.432089493519466239e-01
2.614668905739999660e-01,2.979233999237365649e-01
2.646197974680000176e-01,2.666603101424814826e-01
2.569813728329999880e-01,2.547753731649917697e-01
2.632848024370000317e-01,2.464437766615759084e-01
2.274889498949999866e-01,2.428601583731216096e-01
1.972997337579999733e-01,2.318971500801348395e-01
1.593737602229999828e-01,2.182959705450832899e-01
1.552143245940000027e-01,1.994780279135493217e-01
2.165970057250000136e-01,1.887364025565431147e-01
2.152127921579999881e-01,1.804509957257594555e-01
2.079710960389999919e-01,1.854250779848432285e-01
2.003736048939999681e-01,1.958085541780487937e-01
1.930765211580000029e-01,2.005458255061242367e-01
1.887691617009999989e-01,1.970740722912844023e-01
2.153376042839999782e-01,1.937203648009359069e-01
2.704129219060000255e-01,1.929950932286704501e-01
5.549836754800000493e-01,2.006812543564674145e-01
5.126557946209999717e-01,2.462452491652985520e-01
5.099799633029999946e-01,3.260135124639865767e-01
4.163484573359999552e-01,3.616813471855999662e-01
2.535916566849999998e-01,3.535826494587605562e-01
1.788074076179999861e-01,3.308326633212764212e-01
1.850019842389999947e-01,2.928272354628378982e-01
1.711802035570000047e-01,2.566994975645517374e-01
1.727939993140000241e-01,2.206253176167277119e-01
1.767069548369999965e-01,1.935469626021651957e-01
1.761609017850000181e-01,1.811702392869033174e-01
2.039509564639999939e-01,1.793200667614952837e-01
1.905422955750000480e-01,1.807243430484948565e-01
1.819348037240000049e-01,1.834522107376941324e-01
1.684180349109999919e-01,1.875053618066051808e-01
1.891849339009999964e-01,1.838124611492406857e-01
1.689333617690000067e-01,1.827804684118423117e-01
1.962249428029999576e-01,1.801011002232997538e-01
1.980420649049999537e-01,1.822642948521863981e-01
1.778897047040000068e-01,1.819166870673956105e-01
1.612316220999999994e-01,1.862369248262333854e-01
1.492553949359999854e-01,1.852852447452326967e-01
1.442013978960000053e-01,1.819373611275248714e-01
1.220441684129999899e-01,1.731867846906086361e-01
1.259213238949999925e-01,1.615366255393545225e-01
1.192706972360000062e-01,1.550944840172255035e-01
1.400409787890000146e-01,1.489108604966745131e-01
1.655126959090000016e-01,1.469635065216933767e-01
1.946723610159999951e-01,1.477362029773627849e-01
1.824015975000000123e-01,1.587335453313803713e-01
1.781254708769999806e-01,1.705100321926965867e-01
1.768455654380000075e-01,1.814750411700429833e-01
1.895092576740000090e-01,1.840042450090101922e-01
1.890345066789999584e-01,1.847424667563530021e-01
2.166133970019999688e-01,1.844896759149247945e-01
2.142671942709999944e-01,1.876614671286301606e-01
1.696722060440000179e-01,1.938935170579657030e-01
1.861636042589999707e-01,1.965484086753410686e-01
2.109026014799999793e-01,1.925587623063575449e-01
2.016181051729999951e-01,1.876986765783640876e-01
2.371999472380000307e-01,1.946680816698272143e-01
1.953185498709999746e-01,1.971743728606911439e-01
1.463003754620000041e-01,1.953004936049803353e-01
2.596421837810000133e-01,1.944375757808277927e-01
4.047906100750000014e-01,1.941061304548785671e-01
3.813273906710000216e-01,2.232913224492911186e-01
3.577617108820000391e-01,2.530570689208422319e-01
3.031907975670000144e-01,2.741237599268321334e-01
2.219824343919999943e-01,2.725452685522110619e-01
2.247738689180000249e-01,2.694364365030194608e-01
2.553716301919999876e-01,2.566756835401922121e-01
2.618205845359999895e-01,2.362856031129844936e-01
2.273367345329999900e-01,2.299157702492492794e-01
2.031441032889999831e-01,2.286438217175652821e-01
1.758806854490000404e-01,2.240196326604398380e-01
1.670619547370000013e-01,2.086143407693026031e-01
2.118712961670000117e-01,1.981565963823317122e-01
1.990658938880000006e-01,1.902893523486095251e-01
1.948491036890000194e-01,1.887081883155496964e-01
1.566408872600000002e-01,1.906913297749779912e-01
1.590297073130000072e-01,1.874439683778675869e-01
1.671897023919999836e-01,1.827650744616879652e-01
1.815824955700000298e-01,1.764943157448637945e-01
2.245292961599999748e-01,1.730070307719931144e-01
2.216224968430000053e-01,1.813521499612252008e-01
2.066582888360000148e-01,1.875106423144325407e-01
1.570345163350000128e-01,1.942855400505203722e-01
1.968932896850000003e-01,1.919133561534614452e-01
2.048864960669999902e-01,1.959070514237557514e-01
1.668177992110000118e-01,1.889227725940779146e-01
1.417246013879999988e-01,1.896848724503661654e-01
1.666631847619999829e-01,1.842928679607670206e-01
1.926406770939999569e-01,1.795682861408811615e-01
2.254680991169999982e-01,1.747547827078087535e-01
2.252101451159999879e-01,1.851789027601010718e-01
2.145293951029999535e-01,1.918790839622400990e-01
1.820016801359999881e-01,1.986685045544935302e-01
1.906076073649999592e-01,1.991817774273255126e-01
1.686857044700000030e-01,2.018913749608023389e-01
1.903967410330000276e-01,1.941632366470277815e-01
2.045876085759999741e-01,1.883462719154170850e-01
1.865548938510000199e-01,1.863853165156742764e-01
1.815108954909999961e-01,1.888370724753039853e-01
2.014583945270000120e-01,1.881910148387059001e-01
2.036586105820000214e-01,1.887331532821450719e-01
1.918114423750000019e-01,1.911863761244660120e-01
1.731049269440000093e-01,1.922163689693695554e-01
1.919497996569999865e-01,1.896385372691297144e-01
1.787570714950000028e-01,1.893950955842661488e-01
1.788225024940000296e-01,1.877379091785958409e-01
1.665375530719999941e-01,1.865719422515321468e-01
1.951155364510000489e-01,1.822702904308532712e-01
1.929849982259999874e-01,1.827194028676824566e-01
1.620820015670000058e-01,1.848827349323050040e-01
1.356869190929999858e-01,1.867247515162886451e-01
1.467041671279999959e-01,1.802681218233877225e-01
1.972582042220000220e-01,1.710129608769331566e-01
1.894697993989999940e-01,1.666847857088523677e-01
1.961945891380000029e-01,1.712123500381808883e-01
2.645494043830000086e-01,1.807424733923546634e-01
2.692976891989999899e-01,1.936263786429109623e-01
2.608369886879999822e-01,2.138641071691561313e-01
2.406771630049999999e-01,2.245425222835622792e-01
3.313829302790000098e-01,2.222654720064687339e-01
3.281686902050000021e-01,2.287896060484049532e-01
2.893257141109999986e-01,2.543341160527887168e-01
2.625965774060000091e-01,2.712495167671568064e-01
1.794345527890000014e-01,2.657467654270009860e-01
1.727855503559999895e-01,2.428567311135483020e-01
2.207822054619999752e-01,2.248112252883074369e-01
2.426082938910000264e-01,2.071531162949364901e-01
2.444625049829999841e-01,2.042879067667631166e-01
2.097309380769999676e-01,2.037748335066634497e-01
1.825350672010000175e-01,2.078507077036869100e-01
1.691226661210000204e-01,2.057791909566288602e-01
1.575669944289999902e-01,2.024172219464115130e-01
1.770704984660000092e-01,1.924350946833331133e-01
1.741859167810000109e-01,1.819567886389765188e-01
1.755136996510000269e-01,1.747879048292089732e-01
1.687776893379999976e-01,1.780591781889141467e-01
1.939594447609999939e-01,1.781513004095041097e-01
1.943469941619999919e-01,1.797801596425574189e-01
2.223779261109999905e-01,1.826337774517517165e-01
2.144328951839999942e-01,1.909070675029875819e-01
1.937792897219999533e-01,1.987083871036927629e-01
1.783622056249999921e-01,2.019276155943872941e-01
1.706998199219999790e-01,1.955412574780343027e-01
1.894924789669999998e-01,1.886923821392048617e-01
2.422726899390000022e-01,1.861230815653177051e-01
2.336400598289999908e-01,1.936140637053167524e-01
2.456458657979999904e-01,1.968576396066861189e-01
2.297928631310000025e-01,2.051131855111734126e-01
2.152034044269999780e-01,2.124846313743668225e-01
2.607180178169999918e-01,2.177626628449737534e-01
2.623189091679999918e-01,2.195267181319462135e-01
2.198584228750000147e-01,2.240302287976546070e-01
3.426670730110000229e-01,2.276375794050456702e-01
3.465315699580000519e-01,2.327413225647520512e-01
2.930460572240000117e-01,2.416205724791569143e-01
2.670845985409999734e-01,2.611824530367471975e-01
2.535850703720000099e-01,2.603093742798655019e-01
2.199364602570000049e-01,2.575141519898569986e-01
2.274277955290000264e-01,2.497765073118507484e-01
1.686184257270000042e-01,2.339361298615092732e-01
1.842167228460000195e-01,2.114818979155286827e-01
1.896838992830000015e-01,2.006393569928016374e-01
1.641370058060000192e-01,1.926407575284584395e-01
2.130100131029999677e-01,1.885913706567981518e-01
2.186074256900000234e-01,1.857673524766063622e-01
2.188677042720000021e-01,1.871916793393627876e-01
2.313981950280000199e-01,1.982093436313318857e-01
2.149903923270000128e-01,2.062810427824627035e-01
2.503419816490000116e-01,2.139939947133751297e-01
2.535111904139999983e-01,2.179558579785307593e-01
2.445873767139999932e-01,2.200946302612550309e-01
2.031902372839999860e-01,2.242350794253546997e-01
2.327843457459999599e-01,2.220037192162781226e-01
2.531769871709999564e-01,2.202120019646221227e-01
2.558321058749999932e-01,2.185775561485714946e-01
2.091450989249999948e-01,2.200197640103056518e-01
2.179704755539999816e-01,2.183614679312793072e-01
2.751700878139999862e-01,2.159049713581016050e-01
2.834362983699999505e-01,2.173625293892491317e-01
5.200669765470000705e-01,2.247792562120124182e-01
5.718095898630000118e-01,2.584170036583556262e-01
5.820317864419999321e-01,3.197314513923857904e-01
5.010549426079999868e-01,3.697391230979000798e-01
2.807539105419999959e-01,3.879130311463690473e-01
2.063424885269999898e-01,3.790118927375316082e-01
2.145204693079999780e-01,3.476772752050228399e-01
2.198818922040000068e-01,2.947766000882403037e-01
2.337387651210000028e-01,2.432797134070127376e-01
2.567627131940000140e-01,2.119026643442011026e-01
2.328460067509999509e-01,2.124468917459729211e-01
1.991674900050000030e-01,2.189976658097282924e-01
1.789865642790000044e-01,2.172294066689552106e-01
1.796395033599999802e-01,2.059176497152055696e-01
1.698227077719999811e-01,1.962695456027715168e-01
1.522479057309999995e-01,1.888161142537326531e-01
1.740261465309999867e-01,1.822963091402235725e-01
1.826220005749999709e-01,1.755552882644312862e-01
1.566141396759999915e-01,1.717462754466889119e-01
1.689846664669999721e-01,1.740421575020188738e-01
1.731435954569999769e-01,1.755763046910059078e-01
1.901344954969999834e-01,1.752171355335869485e-01
1.337733566760000159e-01,1.751411367610003211e-01
1.587713211769999910e-01,1.706509362431489207e-01
3.362798094749999689e-01,1.719372621510036059e-01
3.365317881109999854e-01,1.858106537668919866e-01
3.025190830230000127e-01,2.044549296369199687e-01
2.839955985550000062e-01,2.283986377253504896e-01
1.806526631120000115e-01,2.391483750208571180e-01
1.813106983900000246e-01,2.341470276587302723e-01
2.399948686360000027e-01,2.276040579665908059e-01
2.357428967949999898e-01,2.156885367432154477e-01
2.299271076919999768e-01,2.118175932971046449e-01
2.266699969770000211e-01,2.141028865309869689e-01
2.079305946829999863e-01,2.171697400853270510e-01
2.176461517809999968e-01,2.162818442243323591e-01
2.530807852749999975e-01,2.096372661310775820e-01
2.445257008080000127e-01,2.108412442561028166e-01
2.472106367350000167e-01,2.174753530319810391e-01
2.140260040760000038e-01,2.198537623716920741e-01
3.001447618010000262e-01,2.132893163570175055e-01
4.906117916109999921e-01,2.193967387522459400e-01
3.879201114179999799e-01,2.554952872646529261e-01
3.368788957599999634e-01,2.975408097720904088e-01
2.932540476320000256e-01,3.187711588856936840e-01
1.897923052309999914e-01,3.012624561394773304e-01
2.160292118790000104e-01,2.703401927704673358e-01
3.753999471659999476e-01,2.446619986670742208e-01
3.595648109909999612e-01,2.459604442730232154e-01
3.568296134470000380e-01,2.437616050981150084e-01
2.543200254440000085e-01,2.557415433146766892e-01
1.710169017309999817e-01,2.589937156191259304e-01
1.929912567139999979e-01,2.561484603512014790e-01
1.877582967279999848e-01,2.347596242883930595e-01
1.911910772320000174e-01,2.114257083253712755e-01
2.173696309329999909e-01,1.959992449680906801e-01
2.077021002769999791e-01,1.904312296032480423e-01
2.206149846319999941e-01,1.932629042354076510e-01
2.270559668539999798e-01,1.975462354125268882e-01
2.409625947480000252e-01,1.998561891220553277e-01
2.354097962379999853e-01,2.084303037538230152e-01
2.214455157519999995e-01,2.106548616888482273e-01
1.873570978640000106e-01,2.101787579253553695e-01
1.875694990160000075e-01,2.068817105337568685e-01
1.860239952800000485e-01,2.020265478995363628e-01
2.020407021049999696e-01,1.951044753489634132e-01
1.742038130759999970e-01,1.919382862855009142e-01
1.875655949120000054e-01,1.852558863314938964e-01
1.820583045479999829e-01,1.828842780679193480e-01
1.922361850739999767e-01,1.823301962137128807e-01
2.172528207300000180e-01,1.856885845510591604e-01
2.296049296860000200e-01,1.887106796151410415e-01
2.509359121320000052e-01,1.944311318267220867e-01
2.739968001839999667e-01,2.025636668684225594e-01
2.468370050189999942e-01,2.150406254044476828e-01
2.319672256710000047e-01,2.253216117431685039e-01
2.044411897660000088e-01,2.260740502798772311e-01
2.075911909340000250e-01,2.145579759138433462e-01
2.634023129940000207e-01,2.097691031194617028e-01
3.036424219609999975e-01,2.112666801241110948e-01
3.236212432380000115e-01,2.218517460800268903e-01
3.383783698080000124e-01,2.409165175638689482e-01
3.256455063820000162e-01,2.667802062524405882e-01
3.199611008170000215e-01,2.838020023154395055e-01
3.445942103859999661e-01,2.869439894739073127e-01
3.591096997259999868e-01,2.903744282055595871e-01
3.462464511389999888e-01,2.927203238647958505e-01
3.135047256949999861e-01,2.875923234973841169e-01
2.611905336379999887e-01,2.794422975989211411e-01
2.517339885229999963e-01,2.709794874902946571e-01
2.365340739490000288e-01,2.635848402540922342e-01
2.257324606179999804e-01,2.482913134681977163e-01
2.135377526280000104e-01,2.360075216248075092e-01
1.833177059890000182e-01,2.209628340277869640e-01
2.036423683169999999e-01,2.079088419897959505e-01
2.443349212410000082e-01,1.998620094557702065e-01
2.420464009050000143e-01,1.998457604198700110e-01
1.904003769159999526e-01,2.026905707125917500e-01
1.422279328109999907e-01,2.073107689326980085e-01
1.802364736799999811e-01,2.020644165571602591e-01
1.587783545260000040e-01,1.928543392386639910e-01
1.564234346149999955e-01,1.782892469892730647e-01
1.458736360070000126e-01,1.734848648639397695e-01
1.534039974209999990e-01,1.677471792732586620e-01
1.587697118520000061e-01,1.677333713355826095e-01
1.766731888060000533e-01,1.633648075846541592e-01
1.735716015100000065e-01,1.647854587013204697e-01
1.556300967930000223e-01,1.692475103007580750e-01
1.678923070430000108e-01,1.737399837332936625e-01
1.889611035589999766e-01,1.737248994650598677e-01
1.857852935790000048e-01,1.718780128904184579e-01
1.759144961829999798e-01,1.776437663601089789e-01
1.993034631010000002e-01,1.818860771676205634e-01
1.905056983229999890e-01,1.838787960307055602e-01
1.746108233929999920e-01,1.848340060194405832e-01
1.891844570640000001e-01,1.885459847926748700e-01
1.795153021809999805e-01,1.876089804599481436e-01
2.012605071070000251e-01,1.870747855366182710e-01
2.108775675299999763e-01,1.855746870817851779e-01
1.980962008239999794e-01,1.872639160231801547e-01
1.666497588159999987e-01,1.947283879142075458e-01
1.744651794429999958e-01,1.958581416545758513e-01
1.693953573699999993e-01,1.899567190268613148e-01
1.666028350590000040e-01,1.831149932770409494e-01
1.645158231259999937e-01,1.781726344179324073e-01
1.785626411439999728e-01,1.733104198077743130e-01
2.016437053679999980e-01,1.737058296960030945e-01
2.162254005669999868e-01,1.779328861989502575e-01
1.915986984970000084e-01,1.852309894225201148e-01
1.954402029510000083e-01,1.891391950850380699e-01
2.037038058040000210e-01,1.916815063149844012e-01
1.996463239190000016e-01,1.942497509140436451e-01
1.804761737589999915e-01,1.958463251900208479e-01
1.873520165680000182e-01,1.940273165042914749e-01
1.970120966429999843e-01,1.922204692204909637e-01
2.032908946279999851e-01,1.923294206354086155e-01
1.883477419610000425e-01,1.891696346741840451e-01
2.073840051889999925e-01,1.897100770057429664e-01
1.903086006639999883e-01,1.920516427614353261e-01
1.647335141900000133e-01,1.930395331503265977e-01
1.856785118579999949e-01,1.909996906451726095e-01
2.097074985500000099e-01,1.880397450390902114e-01
1.964578926559999994e-01,1.833286972671719084e-01
2.250059992069999848e-01,1.873941424970566316e-01
2.485178858039999994e-01,1.933473369164520339e-01
2.478968948129999794e-01,2.013286988728544280e-01
2.352291047569999849e-01,2.120465835425650591e-01
2.200151830909999606e-01,2.169461361131598820e-01
1.695966720579999976e-01,2.152653882487897130e-01
2.001868933439999443e-01,2.067439222829046130e-01
1.837853938339999993e-01,2.038642303843678227e-01
1.719795018430000100e-01,1.940887746306262096e-01
1.722060889009999762e-01,1.883176935875186808e-01
2.091183662410000255e-01,1.797823208962006647e-01
1.962699592110000169e-01,1.840976615974534991e-01
2.345576137300000308e-01,1.826754868284514166e-01
2.212668955329999965e-01,1.874166276851743085e-01
2.321032136680000191e-01,1.937270001574054878e-01
2.424474954610000288e-01,2.057204536954556351e-01
2.362180352210000167e-01,2.114538409433515398e-01
2.033241987229999492e-01,2.136651315156981867e-01
1.746149510150000472e-01,2.112826654408122284e-01
1.879347711800000154e-01,2.035170223459045469e-01
1.927646994589999885e-01,1.998684074803837862e-01
1.995158940549999760e-01,1.945132367565726716e-01
1.902115345000000013e-01,1.898051380487265349e-01
1.989603042599999982e-01,1.892246750228808450e-01
1.870438009499999499e-01,1.943775641929513243e-01
1.557538956400000008e-01,1.955786859713823100e-01
1.348650753500000021e-01,1.905516543404676688e-01
1.567980051039999934e-01,1.806647137939928760e-01
1.943633109329999942e-01,1.709115220630974263e-01
2.161478996279999898e-01,1.669202402347386704e-01
2.312179952860000387e-01,1.751098470813022001e-01
1.992108970879999941e-01,1.891509264692565195e-01
3.674222230910000331e-01,2.001857808037796338e-01
4.058226048949999942e-01,2.159882375367312701e-01
4.052526056769999996e-01,2.558565803964334973e-01
3.688966929910000303e-01,2.797224355612121238e-01
2.675450444220000001e-01,2.848865983141751768e-01
2.104666233059999947e-01,2.776299239311538769e-01
2.505743205550000074e-01,2.678013523333829804e-01
2.567990124230000171e-01,2.577830911042321427e-01
2.333147972819999694e-01,2.366811169278017213e-01
1.871584951879999847e-01,2.249229286909450176e-01
1.702336072920000165e-01,2.137813775785949444e-01
1.787967979910000116e-01,2.085248784021505597e-01
2.178041040900000058e-01,1.968106842004693768e-01
2.256611436609999854e-01,1.895793153202477987e-01
2.151906937359999994e-01,1.920738387642353107e-01
2.004701942210000143e-01,2.001847044202253179e-01
1.993511021139999784e-01,2.020398512951714076e-01
2.054219990969999576e-01,1.982321238518957585e-01
2.202302068469999818e-01,1.967495315294180425e-01
2.543391883370000328e-01,1.969174336063879982e-01
2.307367920879999923e-01,2.022559290995202264e-01
2.086869627239999747e-01,2.095892457224580174e-01
1.803357303139999923e-01,2.151079056436960291e-01
1.733369380239999924e-01,2.069501761538131979e-01
1.888285428290000234e-01,1.991176103641267292e-01
1.801446974280000168e-01,1.903817323753295709e-01
1.690454930070000028e-01,1.865350961638560234e-01
1.937783956529999796e-01,1.828543941407484164e-01
1.963465064759999934e-01,1.813921991802672218e-01
1.779485940929999843e-01,1.825101380613636526e-01
1.642222702499999964e-01,1.858210800739200919e-01
2.063633054490000007e-01,1.841325220272694851e-01
2.183381021019999979e-01,1.842395009253143534e-01
1.926020979879999873e-01,1.873367609260024602e-01
1.817457973960000250e-01,1.930298970995070196e-01
1.791574060919999822e-01,1.926720821416725293e-01
1.796555072069999648e-01,1.908277305058057871e-01
1.755983978510000099e-01,1.881594646420101380e-01
1.700639575719999907e-01,1.836558178707015931e-01
1.699959039689999951e-01,1.805242257177631371e-01
1.770231574769999816e-01,1.797979550383374259e-01
1.734361052510000056e-01,1.776947333705657106e-01
1.864347159860000047e-01,1.749485299256271498e-01
1.702874004839999844e-01,1.771213957154299801e-01
1.785273402929999920e-01,1.796348231325040345e-01
1.290820986030000173e-01,1.810314573293608231e-01
1.158849000929999956e-01,1.729642056145967721e-01
1.127520129079999933e-01,1.668856887278286905e-01
1.570463031529999998e-01,1.548871693964109231e-01
1.757429093120000119e-01,1.506466086844210073e-01
1.788239777089999927e-01,1.492620921891678609e-01
2.061250060799999784e-01,1.608607852018853202e-01
2.961472272869999922e-01,1.733705891236380359e-01
2.668476104740000188e-01,1.992527040832088869e-01
2.756402194500000014e-01,2.205867180150978824e-01
2.648843526840000129e-01,2.334557142682235076e-01
3.272587060930000069e-01,2.297228060294303487e-01
2.934317588809999822e-01,2.514543330035697855e-01
2.612319886680000147e-01,2.607623680412076705e-01
2.073775231839999900e-01,2.599948739984528912e-01
1.807138323779999833e-01,2.383504763506719415e-01
1.843436211349999965e-01,2.243935662046043500e-01
2.054681032900000093e-01,2.088783613226769809e-01
1.878930032250000215e-01,1.986486571815136437e-01
2.013643831010000218e-01,1.927141030230130059e-01
1.992990970609999912e-01,1.924381102812990352e-01
2.207290083170000417e-01,1.917691852438684064e-01
2.184396982190000003e-01,1.942774665291237268e-01
2.160932719709999783e-01,1.998406159083188638e-01
1.800702065230000148e-01,2.050299515222527014e-01
1.806241124869999992e-01,2.017824635497360020e-01
1.736052930359999746e-01,1.965854096641434512e-01
1.964215040210000318e-01,1.909121356204741271e-01
2.613951861859999948e-01,1.856631708439951123e-01
2.367069572210000195e-01,1.913428035790975257e-01
1.817331761120000166e-01,1.993742511800462580e-01
1.872550845150000032e-01,2.071785981838607515e-01
1.708921939130000067e-01,2.020106636364115971e-01
1.886087059969999979e-01,1.949160957781258530e-01
1.907265037299999966e-01,1.890487085261539357e-01
1.932464987040000415e-01,1.867130907249328065e-01
1.732929944990000137e-01,1.866279661779585708e-01
2.095063477749999625e-01,1.858695261565930790e-01
4.538556933399999771e-01,1.859386361485782513e-01
4.529328942299999938e-01,2.137845934299643924e-01
4.376089870929998904e-01,2.648894994659455326e-01
4.101786911490000742e-01,3.024224680400829368e-01
2.999480962750000201e-01,3.104854392171337851e-01
2.743109166620000261e-01,3.056656038080093896e-01
2.636764347549999665e-01,3.008644282349161592e-01
3.030085861679999715e-01,2.889580374473434410e-01
2.883977890009999934e-01,2.727001967370762947e-01
2.769187986850000227e-01,2.544388943316667762e-01
2.645944654940000085e-01,2.512078775320973900e-01
3.595731556419999864e-01,2.502737686597424349e-01
3.489974141120000262e-01,2.618625260019841750e-01
3.149650990960000119e-01,2.652907911939377805e-01
2.530409693719999908e-01,2.740006919013389663e-01
2.099061757329999944e-01,2.681468135587570800e-01
2.237384021280000024e-01,2.546804572174984904e-01
2.169338017699999344e-01,2.388281882883319940e-01
2.123453021049999945e-01,2.241060764409151806e-01
2.144929021599999985e-01,2.145823957727424902e-01
2.123427987100000303e-01,2.098655426102525035e-01
2.086919993160000208e-01,2.095005082283191433e-01
2.024399936200000361e-01,2.076666072204268743e-01
1.932131946090000219e-01,2.055028340427296762e-01
1.812405437229999972e-01,2.013400708298395403e-01
1.841152161359999873e-01,1.948815699043816851e-01
2.009199708700000198e-01,1.914194372175337666e-01
1.946409046650000030e-01,1.892309947575324947e-01
1.966055035590000000e-01,1.897423743251444583e-01
1.737543940540000054e-01,1.915809482172941003e-01
1.790176033969999858e-01,1.931877728003419115e-01
2.000912129879999779e-01,1.908350170946622459e-01
1.695824414490000043e-01,1.853443117412323926e-01
1.927433013919999938e-01,1.838194642818859470e-01
2.038794755939999925e-01,1.845519507726221253e-01
2.095497995620000109e-01,1.837033906909641690e-01
2.050999999049999967e-01,1.936043161280204539e-01
1.882844567299999938e-01,1.968674891091586054e-01
2.005678713319999917e-01,1.968879767051123775e-01
1.948222815989999746e-01,1.962874527630618371e-01
1.851616054770000019e-01,1.954792575129769283e-01
1.811457574369999823e-01,1.940244343849569786e-01
1.909579336640000180e-01,1.906927044414867267e-01
2.015465050940000169e-01,1.896102863189673138e-01
1.874635964629999818e-01,1.914807657099484584e-01
2.141287922859999859e-01,1.915913895015045887e-01
2.041694968939999910e-01,1.918387442982800173e-01
2.533474564550000085e-01,1.958025699742326764e-01
2.678037881850000024e-01,2.019489004721299330e-01
3.017286956309999657e-01,2.171172549734835533e-01
3.658618927000000243e-01,2.247759840705134959e-01
3.397559225559999563e-01,2.427073006585130088e-01
2.932764291759999975e-01,2.846706026100829234e-01
2.594402134420000228e-01,3.050877192313659059e-01
1.747480928900000119e-01,2.846646972089297845e-01
1.857970058920000167e-01,2.470282447264454673e-01
2.116256058219999903e-01,2.269822702071217779e-01
2.045923024419999958e-01,2.096581935901201676e-01
2.080095559360000124e-01,2.030833028967117815e-01
2.008861005310000059e-01,1.969639659435760970e-01
2.219119668010000324e-01,1.952030429444994997e-01
2.171941995620000065e-01,1.988327298755637462e-01
2.135767042640000224e-01,2.045425234107596801e-01
2.023674994709999952e-01,2.082137918477437732e-01
1.955586671829999956e-01,2.025320032614632004e-01
1.969362944360000256e-01,1.974374326348390107e-01
1.962438523770000387e-01,1.993307949743788055e-01
2.066201269630000281e-01,1.977407194617986919e-01
2.266834974290000138e-01,1.946563426564904553e-01
2.307016998529999863e-01,2.003650367814665822e-01
2.064162045719999949e-01,2.023227409273227750e-01
2.136748582119999684e-01,1.999454025641251020e-01
2.115589976309999731e-01,1.990017384574574166e-01
2.210098206999999981e-01,2.079517415731798879e-01
2.002004534010000114e-01,2.078059167116405037e-01
2.026610970500000164e-01,1.996575055326159365e-01
1.840810924770000245e-01,1.959200529474086905e-01
1.918098330499999893e-01,1.974914096864653357e-01
1.945068985220000102e-01,1.958509268857680785e-01
1.860962957140000207e-01,1.915192714007074026e-01
3.239021003249999975e-01,1.914851766417123013e-01
2.998737990859999814e-01,2.032902311379816696e-01
2.647733092310000091e-01,2.203082927924114864e-01
2.435151785609999953e-01,2.370878790822381899e-01
1.468971520659999863e-01,2.350761493157577375e-01
1.675205081699999987e-01,2.198614532235707020e-01
1.691907048229999710e-01,2.087298461142244044e-01
1.851512044669999801e-01,1.897725056158795220e-01
1.919896006579999981e-01,1.811645436368763684e-01
1.983390152450000277e-01,1.766483227891592622e-01
2.193651050329999963e-01,1.834854802199118451e-01
2.147694528099999833e-01,1.901748048540091163e-01
2.910268306730000032e-01,1.938402441301580736e-01
2.744570672509999976e-01,2.074023907921660470e-01
2.695364058020000009e-01,2.220188989529826296e-01
2.071107774970000204e-01,2.347883333687234286e-01
1.958816945549999577e-01,2.278300512708059389e-01
1.965135931969999861e-01,2.237166202708929241e-01
1.876440942289999969e-01,2.134895527054906372e-01
2.025545984510000175e-01,2.037487136402775234e-01
1.871117651460000031e-01,1.942437917459168828e-01
1.973968744280000243e-01,1.917967655814271921e-01
2.005362063649999971e-01,1.932226632079779294e-01
2.371928393840000149e-01,1.955564299518400273e-01
2.252300232649999678e-01,1.972235709815844118e-01
2.096156179900000305e-01,2.026108601538341436e-01
1.828726381060000183e-01,2.072786981453614286e-01
2.188799381260000398e-01,2.033185412475726206e-01
2.092117965219999765e-01,2.019465787782142863e-01
2.991323173050000062e-01,1.990648403570261515e-01
3.725849986079999843e-01,2.059661494648483970e-01
3.703671991829999843e-01,2.368269031885938680e-01
3.411498963830000286e-01,2.656733775860792290e-01
2.537753880020000019e-01,2.854463622104894127e-01
2.660570144650000191e-01,2.825787632400663663e-01
2.583504617210000132e-01,2.738914780011730832e-01
2.349327653649999903e-01,2.574437499740745428e-01
1.964800357820000176e-01,2.427935124258099042e-01
2.010751813650000219e-01,2.240605631595585512e-01
2.233009040360000030e-01,2.128957111179648476e-01
2.107799947259999807e-01,2.090936100576927803e-01
2.084790617230000143e-01,2.043980845486588482e-01
2.135446965689999921e-01,1.989671857745728689e-01
2.063921540979999636e-01,2.002576107124902915e-01
1.915937960150000119e-01,2.064092813001009163e-01
1.907173544170000234e-01,2.055993577531659289e-01
2.065229862929999771e-01,1.976305467927594872e-01
2.108760029080000431e-01,1.915316172523836291e-01
1.930121034380000433e-01,1.897921756489416023e-01
1.988846510650000288e-01,1.913397353116090549e-01
2.141418010000000205e-01,1.923565984357944181e-01
2.070428282019999844e-01,1.940532252609252495e-01
3.285667896269999777e-01,1.945585087772710442e-01
4.495427012439999759e-01,2.038937731524332053e-01
4.017376005650000748e-01,2.393801362270655819e-01
3.919491171839999399e-01,2.844149534066160445e-01
3.275258541109999921e-01,3.094675865224038036e-01
2.748836874960000065e-01,3.026272484220097203e-01
2.869270443920000080e-01,2.879477451252380749e-01
2.935220301149999989e-01,2.721644923002829453e-01
3.149933218959999892e-01,2.622819290921891144e-01
3.063029944900000356e-01,2.556009356709992297e-01
2.829472124579999748e-01,2.540654405399909166e-01
2.236190885309999876e-01,2.572810191440053629e-01
2.047974467280000155e-01,2.474537468716979383e-01
1.970064640049999927e-01,2.322933227609688123e-01
2.168944925069999918e-01,2.166904271067542076e-01
2.222929000849999948e-01,2.086806754493359117e-01
2.163385450839999946e-01,1.994657685767856903e-01
2.129120975730000032e-01,2.017641412454352079e-01
2.239284068350000101e-01,2.062853726520908759e-01
2.111652940509999854e-01,2.082277126024611180e-01
2.037166059019999975e-01,2.098204087980806432e-01
1.949672847989999958e-01,2.077673903229394492e-01
2.212041467430000130e-01,2.007781071434164288e-01
2.242754995819999930e-01,1.983208195671398999e-01
2.110134959219999995e-01,2.026308683686924850e-01
1.880159825090000070e-01,2.054788342506622678e-01
1.926469951869999864e-01,2.029373531978869438e-01
1.927028000349999826e-01,1.991753932672948868e-01
2.360453009609999875e-01,1.925764341693151083e-01
2.494726628070000063e-01,1.943231380241238482e-01
2.352280020710000030e-01,1.993028548572711167e-01
1.843072175980000060e-01,2.080195123700882276e-01
1.996876001359999819e-01,2.093967668325263654e-01
1.958325058219999859e-01,2.102687240268973634e-01
1.888218969110000145e-01,2.008103140803194908e-01
1.885980367660000101e-01,1.947377562832712239e-01
1.783643960949999885e-01,1.892398302794028320e-01
1.893583983179999986e-01,1.902809685617718738e-01
1.769174039359999728e-01,1.886965353050911731e-01
1.822073012590000041e-01,1.848403435746060752e-01
1.726381331679999742e-01,1.827824805981695944e-01
1.796488463879999664e-01,1.796455976866407622e-01
1.893453001979999994e-01,1.802869817618774073e-01
2.041255980730000141e-01,1.805162865544199524e-01
2.021193057299999762e-01,1.823494764051380723e-01
1.950753927230000073e-01,1.857927892256812930e-01
1.913484036919999853e-01,1.909797748139450968e-01
1.940153539180000386e-01,1.919279766266357989e-01
2.548274099830000194e-01,1.917710004599497420e-01
2.428829520939999875e-01,1.958660001808557594e-01
2.269057929519999739e-01,2.040386639743262953e-01
2.461629658940000243e-01,2.138348483194908167e-01
2.363652586939999911e-01,2.175331225413805192e-01
2.234285175800000134e-01,2.188314606856781031e-01
2.153740972279999943e-01,2.187495915515342004e-01
2.169086933140000062e-01,2.153201383964621629e-01
1.956495195630000294e-01,2.102791748918474424e-01
1.911730021240000132e-01,2.060462287588891994e-01
1.911281347270000208e-01,2.004674140974674890e-01
1.682610064739999967e-01,1.924201157262916406e-01
1.873182952399999879e-01,1.887183761236692625e-01
1.789516657589999837e-01,1.859864801418298630e-01
1.870546638969999842e-01,1.809703523677538006e-01
2.044772058730000008e-01,1.807978356589200475e-01
1.983377933500000412e-01,1.836893028751438450e-01
2.032073587180000251e-01,1.874162963454891473e-01
2.265556752679999952e-01,1.903865956723073682e-01
2.234009951350000023e-01,1.934766332340197847e-01
2.426621168849999732e-01,1.980854337200097792e-01
2.588768005370000180e-01,2.030263334152699328e-01
2.521358132360000393e-01,2.098062019219330276e-01
2.280115038159999941e-01,2.143972474166082609e-01
1.778044104579999951e-01,2.185596164031078648e-01
1.634968966249999989e-01,2.133335906513066094e-01
1.860933601860000064e-01,2.054818884671149037e-01
1.859123855829999672e-01,1.903206433763192928e-01
1.739067137240000172e-01,1.814248135454993305e-01
1.785075962540000061e-01,1.798737318508659977e-01
1.885641068220000049e-01,1.811381798522424258e-01
2.542034089569999988e-01,1.813076844941861054e-01
2.529518902300000316e-01,1.892473822855566534e-01
2.264477610590000245e-01,1.984124927086253487e-01
2.110380530360000118e-01,2.089809673681505831e-01
2.390624135729999822e-01,2.101064502458909189e-01
2.233908027409999830e-01,2.123407934469167258e-01
2.384739071129999832e-01,2.102501337816231330e-01
2.096938937900000022e-01,2.097593228549521072e-01
2.205873429780000061e-01,2.095143455417539102e-01
1.979559957979999951e-01,2.116437599683742288e-01
2.239636480809999997e-01,2.046563381653806746e-01
1.824693381790000180e-01,2.046119016330829044e-01
1.944653987880000379e-01,2.003572676054652113e-01
1.623506993060000181e-01,1.985625235881839090e-01
1.634901016950000008e-01,1.852281961301362190e-01
1.519308984280000052e-01,1.827391288559078453e-01
1.773174256089999623e-01,1.744449042937104843e-01
2.009179741139999753e-01,1.716310114684140853e-01
1.831925064329999742e-01,1.735463717999950473e-01
1.519723981620000053e-01,1.779354348980798084e-01
1.608350872990000069e-01,1.785376867322749361e-01
1.576898992060000171e-01,1.753786214286334744e-01
1.789468824859999918e-01,1.703414460615856607e-01
1.863833963870000221e-01,1.689344143207677507e-01
1.762941032649999740e-01,1.713998536454407196e-01
1.410365849730000065e-01,1.754712056011092092e-01
1.918971985579999984e-01,1.737846660244191377e-01
2.020718008279999978e-01,1.749679804383953707e-01
2.467120736839999995e-01,1.758792994955863664e-01
2.503778040410000183e-01,1.853759330573190311e-01
2.420776039360000020e-01,2.016443862103892981e-01
2.059547007079999548e-01,2.191201881630765180e-01
1.608465462920000144e-01,2.230685913599748937e-01
1.329861283299999808e-01,2.117795476446348302e-01
1.673102676869999972e-01,1.941107439405643509e-01
1.795337647199999609e-01,1.792884639358145737e-01
1.848126053810000002e-01,1.685085258332428282e-01
2.060592025519999981e-01,1.708960843239778482e-01
1.993591934439999935e-01,1.794151820863736368e-01
2.019896209239999962e-01,1.899281006941177241e-01
1.895201951269999963e-01,1.936976009409739075e-01
2.597720026969999596e-01,1.958210597014338472e-01
2.444770485159999951e-01,1.998354087556670766e-01
2.407727241519999617e-01,2.064542266425229144e-01
2.282528877259999978e-01,2.127714129514282904e-01
1.719890981910000005e-01,2.082869877759465083e-01
2.107089906930000034e-01,2.009494831468983111e-01
2.091155946250000119e-01,2.023479647149279970e-01
1.978048980240000032e-01,1.988550015378153235e-01
2.423519939180000249e-01,2.010067069352007019e-01
2.733131051059999872e-01,2.018830674712648043e-01
2.591018974779999984e-01,2.116859561159735725e-01
2.398502230640000010e-01,2.318281235370314164e-01
2.027270048860000118e-01,2.367738100369932153e-01
1.646265089510000057e-01,2.269347511645022353e-01
1.514579057690000063e-01,2.089237280038736821e-01
1.715828478339999907e-01,1.957426038047310468e-01
2.222049087290000058e-01,1.838404610486192303e-01
2.350890487429999898e-01,1.788998987332283408e-01
2.281305044889999634e-01,1.843753048300780517e-01
2.251530140639999844e-01,1.983152576281077550e-01
2.360830008979999950e-01,2.055591818273879157e-01
2.331852018829999873e-01,2.090870839876603493e-01
1.995675563809999886e-01,2.097966834188724761e-01
2.020958065989999775e-01,2.106138814058005349e-01
1.845946013929999907e-01,2.070801993579648448e-01
1.881015300749999952e-01,2.010949612424442201e-01
2.119678109879999939e-01,1.945342303703401221e-01
2.234034091230000241e-01,1.906289062938629209e-01
2.446219176049999888e-01,1.915128814584586558e-01
2.418016940359999645e-01,2.056053609224837708e-01
2.144879996780000020e-01,2.107022609832976956e-01
2.017266303299999897e-01,2.092236741064579242e-01
1.734066754580000091e-01,2.022901776145280828e-01
1.667926013469999968e-01,2.004187354368575091e-01
1.653245985510000127e-01,1.965092688556348277e-01
1.766120344399999820e-01,1.843051026036149065e-01
2.292105853560000295e-01,1.746212579282796773e-01
2.151339054109999982e-01,1.800075573013963370e-01
2.032367140049999854e-01,1.905167249541663277e-01
2.899451851839999761e-01,1.999576316606314907e-01
3.044671118260000031e-01,2.059379090297921988e-01
2.927406132220000123e-01,2.280048568412941234e-01
2.604539990429999841e-01,2.416983584822705589e-01
2.598164081569999673e-01,2.429054401654890116e-01
2.464921027420000077e-01,2.391600432536689358e-01
2.179778963329999930e-01,2.400294174758433319e-01
2.073534131049999674e-01,2.332669423151617072e-01
2.050486057999999778e-01,2.179449937412969440e-01
2.097736448049999924e-01,2.062775869090921477e-01
2.061820030209999821e-01,2.027127252993048134e-01
1.972219944000000447e-01,2.007727996839423212e-01
1.988296955820000045e-01,2.017880436108284437e-01
2.057753950360000361e-01,1.998332234362796000e-01
2.033157944680000218e-01,1.986486025489365981e-01
1.759992837910000218e-01,1.960419585665843512e-01
2.031327337029999736e-01,1.945832290701166589e-01
2.274394929410000210e-01,1.923245427023969334e-01
2.340615987779999796e-01,1.951728186052945901e-01
2.466137260199999792e-01,2.015168196718320204e-01
2.308412343259999833e-01,2.123629173275199122e-01
2.145392149689999972e-01,2.174464705739782566e-01
1.903560012579999794e-01,2.153358044775935398e-01
2.080181986090000046e-01,2.087894036350430860e-01
2.246207594869999991e-01,2.059750637247222960e-01
2.103735655550000305e-01,2.033301863092477901e-01
1.986407041550000141e-01,2.049275575205121991e-01
1.817755550150000066e-01,2.048547547843254657e-01
1.930263042450000022e-01,1.985145110795284440e-01
1.930966228249999805e-01,1.958904157485329700e-01
1.897509992120000044e-01,1.917880275810636415e-01
1.693823039529999963e-01,1.902729519056920171e-01
1.858561486009999986e-01,1.884519574122615615e-01
1.774827986960000048e-01,1.877586578369986603e-01
1.667204946280000100e-01,1.823006383477478454e-01
1.615741997959999898e-01,1.798689406893353160e-01
1.936000734570000048e-01,1.764476517639169684e-01
2.084788978100000079e-01,1.767297924213719895e-01
2.083924710750000298e-01,1.795601402612061470e-01
1.912561953069999710e-01,1.887677684354978347e-01
1.796658039089999992e-01,1.960553534042210888e-01
1.821167021990000301e-01,1.959893833579598177e-01
2.010916024449999895e-01,1.887533607298841898e-01
1.848223060370000059e-01,1.876285405617987012e-01
1.947717964649999800e-01,1.885777424191574791e-01
1.730353981260000229e-01,1.892252876000251327e-01
1.828583031890000099e-01,1.871332168606141821e-01
1.498861461880000023e-01,1.867048589380441159e-01
1.527018994090000026e-01,1.792627415926122680e-01
1.779081076379999959e-01,1.760734165833695297e-01
1.696159988640000005e-01,1.707108611906280882e-01
1.754582375290000273e-01,1.710609750655869010e-01
1.580465734000000011e-01,1.733381473583595067e-01
1.843986064199999997e-01,1.740843983131849515e-01
1.731242984530000084e-01,1.774506981197372935e-01
1.698645055290000094e-01,1.748091857375790314e-01
2.204860746860000387e-01,1.773029495724959825e-01
2.881226837640000205e-01,1.782740647994499050e-01
2.816658914090000021e-01,1.942670862888836447e-01
2.804358899590000398e-01,2.216504722859264920e-01
3.555045723920000067e-01,2.418805446483821564e-01
3.446882963180000203e-01,2.547812141377444606e-01
3.495651185509999759e-01,2.856515339120353492e-01
3.308182954789999908e-01,2.888994798988899215e-01
2.400473654270000312e-01,2.757964482239571580e-01
1.951503008599999867e-01,2.585495534517286975e-01
1.843069046739999883e-01,2.492828270800808155e-01
1.784625351430000062e-01,2.303513444098909124e-01
1.679867953059999974e-01,2.084201625151465842e-01
1.683609932660000141e-01,1.901531981013299677e-01
2.073428332810000052e-01,1.819652708713063727e-01
3.081569075580000150e-01,1.783414906505651487e-01
3.016481101509999596e-01,1.953444823329306135e-01
3.267253041270000158e-01,2.123202133812706616e-01
2.592641115190000289e-01,2.328416085260262558e-01
2.114182710650000241e-01,2.379802955696203592e-01
2.050412595270000027e-01,2.435128084598775777e-01
2.347255051140000048e-01,2.355023559892333862e-01
2.621370851990000306e-01,2.225984375947448746e-01
2.531891763210000201e-01,2.183991561976138529e-01
2.543610632420000295e-01,2.162875749986757912e-01
2.207816988229999999e-01,2.177690875329831854e-01
2.424586564300000302e-01,2.201490659268296735e-01
2.450377047060000035e-01,2.236411517293658557e-01
2.463154047729999852e-01,2.237705128008136424e-01
2.298433184620000125e-01,2.215164521571472978e-01
2.683678865429999782e-01,2.181690550008949514e-01
2.317014038559999656e-01,2.243946869822770196e-01
2.536134123800000140e-01,2.336332971435626515e-01
2.278259247540000143e-01,2.333014468846872635e-01
2.511056959629999752e-01,2.217298892444000413e-01
2.406570017340000089e-01,2.262382053795619630e-01
2.355776131150000285e-01,2.245242369803480409e-01
2.084955275060000057e-01,2.221586265031048335e-01
2.014831006530000135e-01,2.147968486151844991e-01
2.134985029700000314e-01,2.149813272730486946e-01
1.968656927350000141e-01,2.076281734687344949e-01
1.748276948930000407e-01,2.042142048908722196e-01
1.675257831810000042e-01,1.986602902906850210e-01
1.819289028640000139e-01,1.906763793004094543e-01
2.163158357140000099e-01,1.821174694925408732e-01
1.956270039080000300e-01,1.846094758840793326e-01
1.841740161179999946e-01,1.892669242940404617e-01
2.603065371509999948e-01,1.914773977503952118e-01
2.706716060640000365e-01,1.910955759339255655e-01
2.765875160690000056e-01,2.046158143139726049e-01
3.321622908119999940e-01,2.209695033780369189e-01
3.372164070610000342e-01,2.376259812902337398e-01
3.424106836320000014e-01,2.642346235343170369e-01
3.502804040910000305e-01,2.848502204651788272e-01
3.334882259370000046e-01,2.969106671147907495e-01
3.048415184020000224e-01,2.995861481323700004e-01
2.241699099539999906e-01,2.913888503474670877e-01
2.231916040179999783e-01,2.719849803365588237e-01
2.127934992309999940e-01,2.543525517780128586e-01
2.555466890340000186e-01,2.337702095550112658e-01
2.643494009969999947e-01,2.220569528643700496e-01
2.531680464739999858e-01,2.175875903454644877e-01
2.339650541540000128e-01,2.273979686255115373e-01
2.333215028050000250e-01,2.304321533995584703e-01
2.242033332589999928e-01,2.296364643463596478e-01
2.012783437970000200e-01,2.246785229487505420e-01
1.966407001020000211e-01,2.174434055422704015e-01
2.178835868840000300e-01,2.082873608585209535e-01
2.213913053269999931e-01,2.006333644693629736e-01
1.959984004500000265e-01,1.994350702682113619e-01
1.992403119800000288e-01,2.010836409949675052e-01
1.625297963619999897e-01,1.996004149989333565e-01
1.901159286500000156e-01,1.891682201792282692e-01
1.898488998409999795e-01,1.856702393989443367e-01
2.000212967400000208e-01,1.813042776140597334e-01
1.874057054520000265e-01,1.830726659930403399e-01
1.881960034370000201e-01,1.823034332884942987e-01
2.220781892539999691e-01,1.897521477631271269e-01
2.257640063759999982e-01,1.913579672863658376e-01
2.163868844509999889e-01,1.959092347761609565e-01
1.905837059019999669e-01,2.015988340275785828e-01
2.389943003649999953e-01,2.049931185499383746e-01
2.126784026619999990e-01,2.064681878405732474e-01
2.203326970339999913e-01,2.025932458432758154e-01
1.995152980090000028e-01,2.034929673595176625e-01
1.767843067650000100e-01,1.992201647877357706e-01
2.036905288699999983e-01,2.005518282858722023e-01
1.890024542810000152e-01,1.940493555180165253e-01
1.914628148079999814e-01,1.869858790285261196e-01
2.303853929040000081e-01,1.882555612483837182e-01
2.602671086789999921e-01,1.923294932173060523e-01
2.651697993279999999e-01,1.991878070307409321e-01
2.410915046930000583e-01,2.141563319842620661e-01
2.030028998850000044e-01,2.255714540128921364e-01
2.060085982080000211e-01,2.227825694070317275e-01
1.778325885530000205e-01,2.155448142930901367e-01
1.719783544540000042e-01,2.028958886561054997e-01
1.757052987809999689e-01,1.923065995952148999e-01
1.694041937590000102e-01,1.800756585851783498e-01
1.635388135910000040e-01,1.777331973837575629e-01
1.943304240699999796e-01,1.747513926331160095e-01
2.042852044110000098e-01,1.736161355567004405e-01
2.030708640810000021e-01,1.799847032905192989e-01
1.812596023079999785e-01,1.869473063926430367e-01
2.182700932030000041e-01,1.891548945645208646e-01
2.186232060190000104e-01,1.924435194574768415e-01
2.044367194179999569e-01,1.948458678894149088e-01
1.787614673380000241e-01,1.997236304984405519e-01
2.417660057539999519e-01,1.972975091663382308e-01
2.367322593929999941e-01,1.991410503908316587e-01
2.201220840219999808e-01,2.039758631837687575e-01
2.190245538950000292e-01,2.115927913708813557e-01
2.470148950820000300e-01,2.098172766227872355e-01
2.227835953240000222e-01,2.119243732357314891e-01
2.453936934469999886e-01,2.168592380195711045e-01
2.456143051390000109e-01,2.180482384254512629e-01
2.149323076009999889e-01,2.162343637481886072e-01
1.782320737840000502e-01,2.172709762556047364e-01
1.983320713039999628e-01,2.116967395730843249e-01
1.837121993299999645e-01,2.046533326536119635e-01
2.150899022819999784e-01,1.944831833071350158e-01
2.187249064449999780e-01,1.917429434317697579e-01
1.953707039359999786e-01,1.903066193896592317e-01
2.260476946829999834e-01,1.979701592935140253e-01
2.273865938190000047e-01,2.021047513167480714e-01
2.131565511230000265e-01,2.034534711252911632e-01
1.765360683200000169e-01,2.055703963601629713e-01
2.150828540329999816e-01,2.015171913390485792e-01
3.349621891979999710e-01,1.991770734284936117e-01
3.160460889339999913e-01,2.112969245502993032e-01
3.057914972309999646e-01,2.267723162400068493e-01
2.454170137640000193e-01,2.422985065848965724e-01
2.043210864070000021e-01,2.409768422892421824e-01
2.795807123180000242e-01,2.374255808152126723e-01
2.639636099339999764e-01,2.301826871146442355e-01
2.800608277320000283e-01,2.338412223375921084e-01
2.840686142440000395e-01,2.349459643718979363e-01
2.698352336879999980e-01,2.334108466080245803e-01
2.565046846869999952e-01,2.372200457904876658e-01
1.737418919799999795e-01,2.360788872037955233e-01
1.598615348340000075e-01,2.233168055042937528e-01
1.806169450279999644e-01,2.128820522894707690e-01
1.780257374049999952e-01,1.966752169311014320e-01
1.924792230129999948e-01,1.842660417536977346e-01
1.990472823380000089e-01,1.801708645378232165e-01
1.957502663139999710e-01,1.824713514378184243e-01
1.883261650800000242e-01,1.865224116183833158e-01
1.797540038819999686e-01,1.915122500787813653e-01
1.916811913249999999e-01,1.942266999338929656e-01
2.141620814799999883e-01,1.903363968612848955e-01
2.216559946539999881e-01,1.884209172267293786e-01
2.209348082539999703e-01,1.934478089006503587e-01
2.184751033780000240e-01,1.984180211913137981e-01
2.180604040619999739e-01,2.017882020161228251e-01
2.504481077190000016e-01,2.088625930982077605e-01
2.412912994619999807e-01,2.152243650926116969e-01
2.391991466279999590e-01,2.204697510865905041e-01
2.296963632110000098e-01,2.204794389502074958e-01
2.403284162280000247e-01,2.227786792123439275e-01
2.240518331529999796e-01,2.210939318661239716e-01
2.023217231040000119e-01,2.159746093077293816e-01
2.082566022870000200e-01,2.109806804987905404e-01
2.085203975440000079e-01,2.084477377572613033e-01
1.949775964020000196e-01,2.040723845238459344e-01
1.989800930020000080e-01,2.033418132355808705e-01
1.869141757489999889e-01,1.981407988903316486e-01
1.943044960499999974e-01,1.905642116222074078e-01
2.154057025910000034e-01,1.880065994671283602e-01
2.246519029140000012e-01,1.903738305054149260e-01
1.886185854669999717e-01,1.959363343199102270e-01
1.838601976629999635e-01,1.995615833908777892e-01
1.893669962880000224e-01,1.979514993629387376e-01
1.995205432180000016e-01,1.892994328675347004e-01
1.813428401949999658e-01,1.872471339186868033e-01
1.920076012609999994e-01,1.857861049155249966e-01
2.081632465119999942e-01,1.888699053101002556e-01
1.980955004690000132e-01,1.870368929878795661e-01
2.022272646429999765e-01,1.925391712361520236e-01
1.925842463970000029e-01,1.945102307565899358e-01
2.055149674419999850e-01,1.936522878783216439e-01
1.921776980160000148e-01,1.935943368391482011e-01
1.974076032640000034e-01,1.947223395045160343e-01
1.978288739919999983e-01,1.942933187187726174e-01
1.947185993189999853e-01,1.915300403095113457e-01
1.929751932619999943e-01,1.939138118332035809e-01
1.787372082470000123e-01,1.929209955347620797e-01
1.773243993519999784e-01,1.895070297498039347e-01
1.954015046359999785e-01,1.864018919437611665e-01
1.786402463910000127e-01,1.842854098571959642e-01
1.929298043250000094e-01,1.838332779695981412e-01
1.924515962599999963e-01,1.862470602942601083e-01
1.982013732189999711e-01,1.850609084886109257e-01
2.029816657299999549e-01,1.857144525302407978e-01
2.076473981139999869e-01,1.897259639883040749e-01
1.996106952430000137e-01,1.942469047162637130e-01
1.837998628619999797e-01,1.937742576646736548e-01
3.492729067800000586e-01,1.921938642629590632e-01
3.385715782639999727e-01,2.087312541936044152e-01
3.246645033359999988e-01,2.263258327197734676e-01
2.590272426610000234e-01,2.549454832294998918e-01
2.013491839169999909e-01,2.601253982382077945e-01
2.125197052959999777e-01,2.566290716633468638e-01
2.082609981300000135e-01,2.422988284208870691e-01
2.026299685240000037e-01,2.233955756291615136e-01
1.967180371280000117e-01,2.092021414449331262e-01
1.891978979110000014e-01,1.987872478599848891e-01
1.683970987799999763e-01,1.966096460946940294e-01
1.529303938150000097e-01,1.905491219288020510e-01
1.571273952720000089e-01,1.840299695206716601e-01
1.925273537640000143e-01,1.755580956703015894e-01
2.034381031989999922e-01,1.708868658559353215e-01
1.979987621310000112e-01,1.762680532273567802e-01
1.713397651909999986e-01,1.865382966526632491e-01
1.605434864760000024e-01,1.899004712233045566e-01
1.448902040719999840e-01,1.859939068409419693e-01
1.455924957989999935e-01,1.787142566286596401e-01
1.324006021019999979e-01,1.703645119954938780e-01
1.147388964889999863e-01,1.602021093165420240e-01
1.390763670209999858e-01,1.531252560830151099e-01
1.773481071000000131e-01,1.502378771543548819e-01
1.872349977490000150e-01,1.524310920121082213e-01
1.716542839999999903e-01,1.582513875864882680e-01
1.901565045120000019e-01,1.703637629805300202e-01
2.085365056989999799e-01,1.789577241332482860e-01
2.105930447580000031e-01,1.856991621284841965e-01
2.011387944220000001e-01,1.896755788568652845e-01
1.981692165139999906e-01,1.953364859639218909e-01
1.862777769570000130e-01,1.973238654999736330e-01
2.313299924139999852e-01,1.965647910666686871e-01
2.665236890320000218e-01,1.978560575359270823e-01
2.672828137869999732e-01,2.121506244669884578e-01
2.530894875529999810e-01,2.214697581387809200e-01
2.939947843549999829e-01,2.260225933868403314e-01
2.766048014160000235e-01,2.354365820264484876e-01
2.432340085509999972e-01,2.428792157751976377e-01
2.223459333180000108e-01,2.444809531463155161e-01
2.186183035370000138e-01,2.329708461484092386e-01
2.029476463789999796e-01,2.250843578820443391e-01
1.907453686000000204e-01,2.164205453205195473e-01
1.951031982900000294e-01,2.072932883851725527e-01
2.226422727109999833e-01,1.985967867658401109e-01
2.252217978240000085e-01,1.971281392231674923e-01
2.214518934490000146e-01,2.022650435837805849e-01
2.066775113340000025e-01,2.073355071528919791e-01
2.097374200819999979e-01,2.106705000563491303e-01
2.612883150579999869e-01,2.091021991505742639e-01
2.342368513349999681e-01,2.097049341531371791e-01
2.237651944159999851e-01,2.152849098672884043e-01
2.170636057850000022e-01,2.203626957027403632e-01
2.301114946599999433e-01,2.135544440683623535e-01
2.086910158400000215e-01,2.150278788387016693e-01
2.047397941349999584e-01,2.143001241211945074e-01
2.222295254470000037e-01,2.098274597652269868e-01
2.279004752640000075e-01,2.066669054447101972e-01
2.129457294940000078e-01,2.043827196768311094e-01
1.926552951340000375e-01,2.049702544997135667e-01
1.835393011569999844e-01,2.063218622673991254e-01
1.722192019220000203e-01,2.037887355508522791e-01
1.875299960370000463e-01,1.934151307875179859e-01
1.739563494920000064e-01,1.876150188710642430e-01
1.938352584840000170e-01,1.835623458743354530e-01
1.973450034860000091e-01,1.836654618596244848e-01
1.942632943389999978e-01,1.850526510263461877e-01
2.034828513860000021e-01,1.889818054987564555e-01
1.873460412029999966e-01,1.895079848475706985e-01
2.008862048390000210e-01,1.922419075799762511e-01
1.905569285150000014e-01,1.941631249953396643e-01
1.927679926160000001e-01,1.899262065595207494e-01
1.832018047569999863e-01,1.895532703398719598e-01
2.027056962250000094e-01,1.894470664187757891e-01
1.902956068519999766e-01,1.924238715453992776e-01
1.815531253809999912e-01,1.891656642748581196e-01
1.891089975829999548e-01,1.868548078316575323e-01
1.840091049670000145e-01,1.863962862271581478e-01
1.819614022970000022e-01,1.880195053089517565e-01
1.854998767380000024e-01,1.880237005226196301e-01
2.226949036120000058e-01,1.853697772440337510e-01
2.071253955359999843e-01,1.892663262827695148e-01
2.009170949460000188e-01,1.941495308180838097e-01
1.885115951299999870e-01,1.987265461295596169e-01
1.943915784359999954e-01,1.978108024273890486e-01
1.774574071170000045e-01,1.959502409186627825e-01
1.960569024089999779e-01,1.910196000364236535e-01
1.895107030869999931e-01,1.870096106266634362e-01
2.074400931600000053e-01,1.849678598187146916e-01
2.042641043660000100e-01,1.890193043832020803e-01
2.000678032640000048e-01,1.920132632287546715e-01
1.733694821599999769e-01,1.943061779417389334e-01
1.849348992109999812e-01,1.909222729245592942e-01
1.688267737630000098e-01,1.897810066918374783e-01
1.914010494949999752e-01,1.854114799587190388e-01
1.822085529569999751e-01,1.852428869129616185e-01
2.055577039720000165e-01,1.818230952711827608e-01
2.419840693470000081e-01,1.841287368891264820e-01
2.256706357000000107e-01,1.926371522139428138e-01
2.096177935600000153e-01,2.010005765383651444e-01
1.874290108680000400e-01,2.056517937457925382e-01
1.834661066530000328e-01,2.014445349973620347e-01
1.931275576349999745e-01,2.006992727914966024e-01
1.979932039979999947e-01,1.945689050153240895e-01
1.810770928860000184e-01,1.920595542776981912e-01
4.031366109849999768e-01,1.897074920568841416e-01
4.604647159579999816e-01,2.086419208392692737e-01
5.008617043499999921e-01,2.453624973984862567e-01
4.378605186940000005e-01,2.865978289634430465e-01
2.561259269710000064e-01,3.057360893975947236e-01
2.273572981360000023e-01,3.071449088931073601e-01
2.201671004300000123e-01,3.055159805105810422e-01
1.984222531320000149e-01,2.719371329537007553e-01
1.943005025389999973e-01,2.329020220928179064e-01
1.805235445499999702e-01,2.002155180238511523e-01
1.998776346449999686e-01,1.951609014278885834e-01
2.088513970380000140e-01,1.927197921015157966e-01
2.052325755359999948e-01,1.916272399206086496e-01
2.000157982109999899e-01,1.920224598388432791e-01
1.864733994009999674e-01,1.942966394245441708e-01
1.736753731969999937e-01,1.944999514706533816e-01
1.885808259249999730e-01,1.912096947640424260e-01
1.996680051089999852e-01,1.864054989984611499e-01
2.059511989359999740e-01,1.865288835289148350e-01
1.754488945010000134e-01,1.886452520636582031e-01
2.038332223890000072e-01,1.899450219568709353e-01
2.094203978779999864e-01,1.919256425561191581e-01
1.958734989169999829e-01,1.924778438513198298e-01
1.724482625719999940e-01,1.947419787560176752e-01
1.776420623059999926e-01,1.932179187342596416e-01
1.713635921480000102e-01,1.900643113006243723e-01
1.787484437230000278e-01,1.851049702608082437e-01
1.702087521550000038e-01,1.807099325569908876e-01
1.913181245330000113e-01,1.772449863441623863e-01
1.938814073799999815e-01,1.794726373935029706e-01
2.021497935060000140e-01,1.820568023719593975e-01
1.973596364259999902e-01,1.859057525453801374e-01
1.818598955869999978e-01,1.893658566472719573e-01
1.518772840500000054e-01,1.930052231949091202e-01
1.797889769079999700e-01,1.883702939588700886e-01
1.766516566280000311e-01,1.813221121222310106e-01
2.190984636549999920e-01,1.750861812984707555e-01
2.368807047610000382e-01,1.767764490892282103e-01
2.723162174219999621e-01,1.854102151085320338e-01
2.842651307580000286e-01,2.044615225491546173e-01
3.610217571259999314e-01,2.317186255056811472e-01
3.393641114230000477e-01,2.512662382530213567e-01
2.713941931720000311e-01,2.709748071677604009e-01
2.359429746869999844e-01,2.773841482279832960e-01
1.764906942839999937e-01,2.635740855889454615e-01
1.933852136140000177e-01,2.357448019811495543e-01
2.070471495389999417e-01,2.169989006991075720e-01
2.076206952330000022e-01,2.015062447451878846e-01
2.084009945389999896e-01,1.985104876674510244e-01
2.094228416680000149e-01,1.980898057196928963e-01
1.959958970549999790e-01,1.989840153923577160e-01
2.029076218609999760e-01,1.985724216360218730e-01
1.715861856940000263e-01,1.957906505081134507e-01
1.853289008139999972e-01,1.901497401082008765e-01
1.865625381469999955e-01,1.890092812656762877e-01
1.824795007709999750e-01,1.859547509246483876e-01
1.865475177760000103e-01,1.854723341621678789e-01
1.910450011489999711e-01,1.834381940570697644e-01
1.947984993460000203e-01,1.860085633424737872e-01
1.942836940290000036e-01,1.871181993242864994e-01
1.823579072949999824e-01,1.889522676927880285e-01
1.863520592450000068e-01,1.897684447866210822e-01
2.122309356929999724e-01,1.877098277984398378e-01
2.061766982079999977e-01,1.878735002443145397e-01
2.002694308759999930e-01,1.892071972480272590e-01
2.036442905660000025e-01,1.929241992401943273e-01
2.041575908660000216e-01,1.947558035091274953e-01
2.072980999949999847e-01,1.989147316038560043e-01
1.624802798030000051e-01,1.985686737839738591e-01
2.047239691019999974e-01,1.938745861228060308e-01
1.887350976469999997e-01,1.914724353021517722e-01
1.948221027850000064e-01,1.887093360235100881e-01
1.866550594570000055e-01,1.893381499097023246e-01
2.063589692120000041e-01,1.853161829039834396e-01
1.990336924790000184e-01,1.893460305194948345e-01
1.980886012320000056e-01,1.924496189951151182e-01
2.041638940570000005e-01,1.941474199281623403e-01
1.967703551049999888e-01,1.954380657032711854e-01
1.815092116589999971e-01,1.985679121332049046e-01
1.704124957319999856e-01,1.965629367511862180e-01
1.662842035290000020e-01,1.892788649679698343e-01
1.620960831640000099e-01,1.833081025318442914e-01
2.050786018369999963e-01,1.783052297765661542e-01
2.152855992319999967e-01,1.767184404199849679e-01
2.119203954940000467e-01,1.839351196613309702e-01
2.017627954479999930e-01,1.933823823560754385e-01
1.966343224050000060e-01,1.944551516537988411e-01
1.994546651839999851e-01,1.947462868635164157e-01
1.848202943799999998e-01,1.975151875726353090e-01
1.885830014939999799e-01,1.977718979433990831e-01
1.749152988199999814e-01,1.927599247885047884e-01
1.777306050059999920e-01,1.878296426632082572e-01
1.724444031720000214e-01,1.859728306393810537e-01
1.696542352440000012e-01,1.823218332574394751e-01
1.860917955640000176e-01,1.787676135088741847e-01
1.783816069359999701e-01,1.784512503054663801e-01
1.954015940430000042e-01,1.794004179720136982e-01
1.979020982979999843e-01,1.821261090315441367e-01
1.943283975120000118e-01,1.862716608525377682e-01
1.862878054379999981e-01,1.907632970122901672e-01
1.807115972040000129e-01,1.921167278618180763e-01
1.901234537359999810e-01,1.897190936614553403e-01
1.879478991030000268e-01,1.869016163352227311e-01
1.885761320589999790e-01,1.858554474256812195e-01
1.930653005840000103e-01,1.866636318500927427e-01
1.887152642009999881e-01,1.891572317014598437e-01
2.012016028170000026e-01,1.888945027495911588e-01
2.029483020310000330e-01,1.889320910826963740e-01
1.880519986150000211e-01,1.906806503816118603e-01
1.938583850860000068e-01,1.915677231133208480e-01
1.818363368510000078e-01,1.884034722009772234e-01
1.934503465890000384e-01,1.886147371370934522e-01
1.825065016750000157e-01,1.893398898288763399e-01
1.718572974210000048e-01,1.870368462138288224e-01
1.888858973980000189e-01,1.848906321343686543e-01
1.934519559140000233e-01,1.840012150770074240e-01
2.148046046500000361e-01,1.834585090943500751e-01
1.987380981450000417e-01,1.883261294746398640e-01
2.087343037130000023e-01,1.921804860046620878e-01
1.829220354560000261e-01,1.956336816915642818e-01
1.861628442999999911e-01,1.938810822659046973e-01
1.987580806019999813e-01,1.949850097093539791e-01
2.008325010539999955e-01,1.897730953509800256e-01
1.991298943760000106e-01,1.904762773893950156e-01
1.789479851720000014e-01,1.910232853797277086e-01
1.960126012559999797e-01,1.923012410700378205e-01
1.769941002129999941e-01,1.916192033854327570e-01
1.811666339639999845e-01,1.907635198199785498e-01
2.170765548939999900e-01,1.880138230462929105e-01
2.228865027430000090e-01,1.894881452966589441e-01
1.981754004959999926e-01,1.907574928094619149e-01
1.650676876309999930e-01,1.944823139338529294e-01
1.990987807510000429e-01,1.933549821193498996e-01
1.952784955500000141e-01,1.951042539889996374e-01
1.885309964419999984e-01,1.900072755345906805e-01
1.826629936699999956e-01,1.891722918416284538e-01
2.290190458300000176e-01,1.886291649323761366e-01
2.735207974910000006e-01,1.927817124596523657e-01
2.842034697529999820e-01,2.052509419179195105e-01
2.687470018859999810e-01,2.126933076345764451e-01
2.419617027039999979e-01,2.195905574411365357e-01
2.585682272909999857e-01,2.280981131320918009e-01
2.487231940029999977e-01,2.324155657955379317e-01
2.237731963400000357e-01,2.314428690148977175e-01
2.095130234959999838e-01,2.264421211285978230e-01
1.998770385979999897e-01,2.160822951349714305e-01
2.012569010259999958e-01,2.048115280290494222e-01
2.061658948660000101e-01,2.039216366378675815e-01
1.921332776550000176e-01,2.016231196397063052e-01
1.658605039119999958e-01,1.983358176504206039e-01
1.724504977459999921e-01,1.926600946901857458e-01
1.866747587920000173e-01,1.881657109746245060e-01
1.559437066319999954e-01,1.821313455026866701e-01
1.450039297340000033e-01,1.819902009724539693e-01
1.372807174919999929e-01,1.779616036029228188e-01
1.404531002040000087e-01,1.670833075268466916e-01
1.343677937979999848e-01,1.582370732479373709e-01
1.512558013200000218e-01,1.547410852604175213e-01
1.571162044999999952e-01,1.546376632271243001e-01
1.624787002799999991e-01,1.541965983077528968e-01
1.773491054770000019e-01,1.603214704759815534e-01
1.815999448299999985e-01,1.655211892474733049e-01
1.852913051839999992e-01,1.713528340574137498e-01
1.884922981259999908e-01,1.789630122478091112e-01
1.918683052059999838e-01,1.842971639957504404e-01
2.261683344839999776e-01,1.842895844989922149e-01
2.014196962120000101e-01,1.904380785056867254e-01
1.973526030779999829e-01,1.945584441437634982e-01
1.941564679150000194e-01,1.980037591843189781e-01
2.078395932910000188e-01,1.942295155054205580e-01
1.838871985670000042e-01,1.959426621752669295e-01
2.030725032089999993e-01,1.951143134827558190e-01
1.920516937969999893e-01,1.935762109982233636e-01
1.887007951740000411e-01,1.912842414821779302e-01
1.887437999249999832e-01,1.927935615639486400e-01
1.873788982629999988e-01,1.892823736837316029e-01
1.891151070590000038e-01,1.906169353886281170e-01
1.895716041330000323e-01,1.898633282102171471e-01
1.892361938949999878e-01,1.892260380830298461e-01
1.986678987739999847e-01,1.885514581001026813e-01
2.600212097169999903e-01,1.909988610498979944e-01
2.536996603009999962e-01,1.972985712183703000e-01
2.486595213409999727e-01,2.096984632682926952e-01
2.238901853559999988e-01,2.191613854301951714e-01
1.916601955889999931e-01,2.159003305619156265e-01
1.912304460999999789e-01,2.118831727483996563e-01
2.217618972060000082e-01,2.079560986130152833e-01
2.349424958230000027e-01,2.030107437488955224e-01
2.342955172060000035e-01,2.047734266337809805e-01
2.245461940769999942e-01,2.082185025382774779e-01
2.107733041050000034e-01,2.148266332897037223e-01
2.195045053959999715e-01,2.191806791384900144e-01
1.867112517360000057e-01,2.145541139037829559e-01
1.782344579700000098e-01,2.055559612874887088e-01
1.810989975930000218e-01,2.001886054571508367e-01
1.992904990909999952e-01,1.940646595886856007e-01
2.188781946900000275e-01,1.876938848437151586e-01
3.330821096900000167e-01,1.877534934604691008e-01
2.986789345740000212e-01,2.040835930254536190e-01
3.000943064689999829e-01,2.364689552957201790e-01
2.386572659019999820e-01,2.554107260030566984e-01
2.014694958929999502e-01,2.493092002730951384e-01
2.121156007049999903e-01,2.387763104991310337e-01
2.050123065709999748e-01,2.267395989887323327e-01
1.987702995540000239e-01,2.157280755365415525e-01
1.788948029280000296e-01,2.063820448658379714e-01
2.083670347930000055e-01,1.960444250004087507e-01
2.080235034229999946e-01,1.921356975275809176e-01
1.859974563120000146e-01,1.913470926081972390e-01
2.174742072819999816e-01,1.971328290417705131e-01
2.246447950599999854e-01,1.967526316352835314e-01
2.117234021429999780e-01,2.002963016307653943e-01
2.041544467209999714e-01,2.052214699915418106e-01
2.146971523759999834e-01,2.024006767611215563e-01
2.150782048699999838e-01,2.015135225952391640e-01
2.338068932289999735e-01,2.070063573596401529e-01
3.202091157440000169e-01,2.090024002828142491e-01
3.246116042139999824e-01,2.187435629472127274e-01
3.107064068320000150e-01,2.427080037250351763e-01
3.095698356630000037e-01,2.656343635619169419e-01
2.792485058309999713e-01,2.666200689126896339e-01
2.426900416609999722e-01,2.657954930669916283e-01
2.526278495789999745e-01,2.663859241579880632e-01
2.839281857009999799e-01,2.578963597229451676e-01
2.947731912139999744e-01,2.464842982508641256e-01
2.706804275510000246e-01,2.448420600995979690e-01
2.213104963300000227e-01,2.538770449437472987e-01
2.309004068370000273e-01,2.515517114307642133e-01
2.387782931329999747e-01,2.378750525214430034e-01
2.419604510069999770e-01,2.245138115129022005e-01
2.565485239029999809e-01,2.228416761318696704e-01
2.649432718749999971e-01,2.311753727113138590e-01
2.552419006819999781e-01,2.293914910356097403e-01
2.503576874729999679e-01,2.337941583307206195e-01
2.851879894730000031e-01,2.339803361370537960e-01
3.117785453800000495e-01,2.335308185627530675e-01
2.945955097679999746e-01,2.428639089813785235e-01
3.066652119159999912e-01,2.637819845149284026e-01
2.395841330290000293e-01,2.669294587865984059e-01
1.883951872589999799e-01,2.577562974570477561e-01
1.851434856649999960e-01,2.416271557292927197e-01
2.226487994190000097e-01,2.233386231250577003e-01
2.192545831199999851e-01,2.099535475541162433e-01
2.097330987449999851e-01,2.053795854273225419e-01
1.943479031319999828e-01,2.026696277303055294e-01
1.941306889060000207e-01,1.987783605647052143e-01
2.030006051060000150e-01,1.960237820269659093e-01
1.910956948999999738e-01,1.956074297003559670e-01
1.403214633459999860e-01,1.930310375461653516e-01
1.376174986360000074e-01,1.873934080913675915e-01
1.550265699630000160e-01,1.796883358841760425e-01
2.001304924489999970e-01,1.687253084342904552e-01
1.929156184199999624e-01,1.663357252791590746e-01
1.806230992080000430e-01,1.712810576309579946e-01
1.619705408809999914e-01,1.818264779646545093e-01
1.889210045340000144e-01,1.826973150352140252e-01
1.788192987439999881e-01,1.835273052161400520e-01
1.769654452799999944e-01,1.804370138122320943e-01
1.813704073430000008e-01,1.826746182613703251e-01
2.045527994630000068e-01,1.804047843019041530e-01
2.115447074170000163e-01,1.824495830992949041e-01
2.114014774559999921e-01,1.884636262855662603e-01
1.859614849089999966e-01,1.934425641123914685e-01
1.966694146390000064e-01,1.928329804895168031e-01
1.941680759189999828e-01,1.943065844486097371e-01
1.857832968239999938e-01,1.941350391212867954e-01
1.800334155560000260e-01,1.940313066200414494e-01
2.057538926599999929e-01,1.904944702826721070e-01
