8.723750114440917969e-01,8.488841762387135947e-01
8.723750114440917969e-01,8.525614720095938681e-01
8.355640172958374023e-01,8.608689897677649361e-01
7.321749925613403320e-01,8.625825276334913028e-01
7.321749925613403320e-01,8.710686416629020989e-01
7.640249729156494141e-01,8.760123381760138717e-01
7.640249729156494141e-01,8.747483374892867092e-01
4.072830080986022949e-01,8.723202310594438957e-01
4.752210080623625599e-01,9.042908791783225153e-01
4.752210080623625599e-01,9.263432071872246265e-01
8.781340122222900391e-01,9.161219364787069885e-01
8.781340122222900391e-01,8.964079346354177913e-01
7.414129972457885742e-01,8.601936722035027350e-01
1.258002042770385520e+00,8.700042966884664608e-01
1.258002042770385520e+00,8.766919374545403265e-01
1.069700956344604492e+00,8.433951748109955737e-01
1.069700956344604492e+00,8.416683321496970516e-01
7.274609804153442383e-01,8.436026702668982802e-01
7.892770171165466309e-01,8.652789740958113374e-01
7.892770171165466309e-01,8.750128982963221169e-01
6.237750053405761719e-01,8.699136597142296257e-01
6.237750053405761719e-01,8.811711452418045099e-01
6.914690136909484863e-01,8.937410555007661017e-01
8.557710051536558948e-01,8.882025833671729487e-01
8.557710051536558948e-01,8.799487112728656690e-01
7.093830108642578125e-01,8.633346338073439874e-01
7.093830108642578125e-01,8.726902007528650751e-01
1.014547944068908691e+00,8.816362793550048815e-01
1.115731000900268555e+00,8.733800646675961010e-01
1.115731000900268555e+00,8.482438944870981379e-01
4.182830154895783026e-01,8.397519844777168174e-01
4.182830154895783026e-01,9.078755950375473338e-01
1.002280950546264648e+00,9.463904473075014367e-01
1.218860983848571777e+00,9.221188679652299047e-01
1.218860983848571777e+00,8.484688468841506959e-01
1.143296003341674805e+00,8.440194436100433295e-01
1.143296003341674805e+00,8.416611127035916740e-01
6.528189778327941895e-01,8.406136683922906805e-01
6.746559739112854004e-01,8.711995643311581938e-01
6.746559739112854004e-01,8.945234396157306644e-01
6.009536385536193848e-01,8.903662580690158146e-01
6.009536385536193848e-01,8.941324774918596452e-01
6.694570183753967285e-01,8.927015804751151640e-01
6.538079977035522461e-01,8.961185190920599730e-01
6.538079977035522461e-01,8.907097666418950510e-01
7.814120054244995117e-01,8.918896897580953498e-01
7.814120054244995117e-01,8.821293262862816009e-01
1.206303954124450906e+00,8.698049868155874886e-01
8.469259738922119141e-01,8.717171762613181718e-01
8.469259738922119141e-01,8.522255251820823885e-01
8.286409974098205566e-01,8.646912287843604439e-01
8.286409974098205566e-01,8.654334385003615848e-01
6.482390165328979492e-01,8.665963741547340060e-01
5.623700022697448730e-01,8.798969539531559247e-01
5.623700022697448730e-01,8.920465061100072424e-01
7.183309793472290039e-01,8.980218478310094676e-01
7.183309793472290039e-01,8.895953619247026767e-01
1.099647998809814453e+00,8.756322966110133832e-01
9.541710019111632191e-01,8.825123665301569664e-01
9.541710019111632191e-01,8.466863031975169207e-01
7.290139794349670410e-01,8.538418736975756929e-01
7.290139794349670410e-01,8.727235475157660849e-01
6.694499850273132324e-01,8.942871505551911460e-01
8.631219863891601562e-01,8.968383090615195119e-01
8.631219863891601562e-01,8.815526636626125345e-01
6.464660167694091797e-01,8.623083472581395403e-01
6.464660167694091797e-01,8.777502651998306815e-01
8.223180174827575684e-01,8.923599661532727323e-01
9.235979914665223278e-01,8.807717320059206267e-01
9.235979914665223278e-01,8.630415541120972645e-01
8.300920128822326660e-01,8.553245804262229468e-01
8.300920128822326660e-01,8.610817330291021809e-01
1.067314028739929199e+00,8.680422758608671296e-01
1.546175003051757812e+00,8.604642329592218086e-01
1.546175003051757812e+00,8.801190056643178883e-01
6.827279925346374512e-01,8.795418092349117645e-01
6.827279925346374512e-01,8.995590972734058832e-01
6.385620236396789551e-01,9.104770327441282785e-01
6.464239954948425293e-01,9.116776628845788544e-01
6.464239954948425293e-01,9.067338063886892785e-01
6.881093978881835938e-01,8.986524684656173045e-01
6.881093978881835938e-01,8.918968813222752923e-01
7.273989915847778320e-01,8.803904526865160562e-01
6.500350236892700195e-01,8.799546724144229337e-01
6.500350236892700195e-01,8.817737929857972778e-01
8.693690299987792969e-01,8.879758297505583320e-01
8.693690299987792969e-01,8.779699812662823399e-01
4.408580064773560125e-01,8.603153703515017403e-01
4.518609941005707342e-01,8.940650904923808096e-01
4.518609941005707342e-01,9.247150335915860220e-01
7.575070261955261230e-01,9.216462014741756414e-01
7.575070261955261230e-01,9.061713845127407074e-01
4.952389895915985107e-01,8.729548736286641963e-01
6.850870251655578613e-01,8.951034123729548764e-01
6.850870251655578613e-01,9.046878411403692644e-01
7.243813276290893555e-01,8.833006304220046845e-01
7.243813276290893555e-01,8.795826384283657040e-01
8.653740286827087402e-01,8.746527741552221347e-01
7.400469779968261719e-01,8.736589418762819026e-01
7.400469779968261719e-01,8.674240312074370518e-01
8.070759773254394531e-01,8.738832077494899098e-01
8.070759773254394531e-01,8.733555499736164185e-01
8.204330205917358398e-01,8.676099094708954462e-01
1.114411950111389160e+00,8.666676002515419919e-01
1.114411950111389160e+00,8.628675805808114774e-01
1.108605027198791504e+00,8.455746887900117414e-01
1.108605027198791504e+00,8.450975126810065241e-01
4.751499891281127930e-01,8.413697152003991597e-01
1.039268016815185547e+00,8.955459336385594993e-01
1.039268016815185547e+00,9.073672591775265861e-01
9.457899928092957653e-01,8.457880324543639583e-01
9.457899928092957653e-01,8.487113748405692437e-01
7.877500057220458984e-01,8.532270151094936139e-01
3.504549860954285223e-01,8.618823601602946249e-01
3.504549860954285223e-01,9.135296303151130282e-01
9.367713332176207386e-01,9.536775047062631128e-01
9.367713332176207386e-01,9.219885686152344828e-01
9.868059754371644177e-01,8.543585752830599178e-01
6.470239758491516113e-01,8.571797141993873215e-01
6.470239758491516113e-01,8.778306129040542860e-01
1.029777050018310325e+00,8.922110888409823248e-01
1.029777050018310325e+00,8.859871225162105901e-01
1.187446951866149902e+00,8.455327716316974884e-01
9.328820109367370605e-01,8.451956789071942699e-01
9.328820109367370605e-01,8.473716628072907042e-01
7.528370022773742676e-01,8.641496883594402822e-01
7.528370022773742676e-01,8.795531493951143087e-01
6.420040130615234375e-01,8.897257528623758738e-01
2.307340055704117099e-01,8.974843689799248958e-01
2.307340055704117099e-01,9.621175069337355445e-01
4.714997112751006525e-01,9.529385237177182555e-01
4.714997112751006525e-01,9.335138146087986755e-01
8.772729635238647461e-01,9.045286235833130961e-01
7.876309752464294434e-01,9.000606338859173938e-01
7.876309752464294434e-01,8.780281643476532949e-01
2.742219865322113037e-01,8.790168134888443063e-01
2.742219865322113037e-01,9.420757836923558948e-01
3.992269933223724920e-01,9.723940980221680297e-01
9.923512339591979980e-01,9.573591778715228040e-01
9.923512339591979980e-01,9.096771434048054328e-01
7.627239823341370739e-01,8.532766899482004952e-01
7.627239823341370739e-01,8.645339449119069375e-01
7.200859785079956055e-01,8.783417336879054682e-01
6.264780163764953613e-01,8.813137294914981101e-01
6.264780163764953613e-01,8.907027394628508343e-01
7.269890308380126953e-01,8.927237657788075209e-01
7.269890308380126953e-01,8.860510635584812889e-01
9.301019906997679554e-01,8.766668315976446912e-01
6.872699856758117676e-01,8.700307764847886594e-01
6.872699856758117676e-01,8.679865789176416380e-01
8.662552833557128906e-01,8.819287574074787806e-01
8.662552833557128906e-01,8.748418174482092136e-01
8.352038264274597168e-01,8.606057499809578459e-01
9.402499794960021973e-01,8.619196566700908502e-01
9.402499794960021973e-01,8.670694571035955089e-01
1.023357987403869629e+00,8.545511749501248921e-01
1.023357987403869629e+00,8.514719955020607634e-01
7.322630286216735840e-01,8.459991269608949649e-01
9.300749897956848145e-01,8.667333351014742115e-01
9.300749897956848145e-01,8.699238679169619681e-01
8.702930212020874023e-01,8.548464046749540968e-01
8.702930212020874023e-01,8.629277421128880299e-01
5.104020237922668457e-01,8.656188124916746052e-01
1.025817990303039551e+00,9.014988096081957281e-01
1.025817990303039551e+00,8.979227831263589810e-01
4.551239907741546076e-01,8.482330364526234900e-01
4.551239907741546076e-01,8.954696121698493272e-01
7.345349788665771484e-01,9.181443872981985832e-01
7.012919783592224121e-01,9.036664442009687548e-01
7.012919783592224121e-01,8.771230882782913296e-01
1.014386057853698730e+00,8.801519928574306206e-01
1.014386057853698730e+00,8.733250382784405463e-01
1.123770236968993919e+00,8.493941464785854656e-01
4.825370013713837225e-01,8.493409064877699421e-01
4.825370013713837225e-01,8.911259119483699864e-01
4.689320027828216553e-01,9.203620609427124455e-01
4.689320027828216553e-01,9.239323131130886546e-01
8.755196928977966309e-01,9.272638907779165995e-01
1.145424962043762207e+00,9.028449310385682214e-01
1.145424962043762207e+00,8.599232259004210288e-01
1.943787455558776855e+00,8.422938465057460133e-01
1.943787455558776855e+00,9.425116705818121776e-01
1.557039022445678711e+00,9.972909867849882870e-01
2.104775905609130859e+00,9.826938016860372604e-01
2.104775905609130859e+00,1.091673813649466140e+00
1.062240004539489524e+00,1.175038765102795146e+00
1.062240004539489524e+00,1.042758989722867957e+00
7.867829799652099609e-01,8.510082162802912187e-01
2.247971057891845703e+00,8.940850468325379774e-01
2.247971057891845703e+00,1.106799866955882727e+00
5.664669871330261230e-01,1.182273838746240813e+00
5.664669871330261230e-01,1.105419241460461333e+00
8.389729857444763184e-01,1.021650470565030222e+00
3.188189864158630371e-01,1.025259082068716188e+00
3.188189864158630371e-01,1.038573922291607499e+00
6.386680006980895996e-01,1.018102348908172194e+00
6.386680006980895996e-01,9.601043283293319019e-01
7.540266513824462891e-01,8.876240092504343870e-01
1.085826039314270020e+00,8.807797122398037803e-01
1.085826039314270020e+00,8.749975211639716699e-01
6.014299988746643066e-01,8.448032563313838672e-01
6.014299988746643066e-01,8.755848305324415159e-01
6.923220157623291016e-01,8.997093649539824600e-01
8.782439827919006348e-01,8.930134351539521509e-01
8.782439827919006348e-01,8.749414255506731131e-01
1.279224038124084473e+00,8.595731483425763653e-01
1.279224038124084473e+00,8.661731610362284339e-01
7.251669764518737793e-01,8.440724256154772398e-01
4.283109903335570734e-01,8.657429561507613558e-01
4.283109903335570734e-01,9.110020204864036630e-01
7.012249827384948730e-01,9.287641016893884993e-01
7.012249827384948730e-01,9.069483793240142866e-01
8.846225738525390625e-01,8.774866993679594218e-01
7.809653878211975098e-01,8.743125491461763987e-01
7.809653878211975098e-01,8.643487496093260614e-01
9.259700179100035511e-01,8.717343518247295808e-01
9.259700179100035511e-01,8.745583066426302343e-01
9.178640246391295276e-01,8.578178519527160928e-01
9.073020219802856445e-01,8.582588164471475212e-01
9.073020219802856445e-01,8.593363364588152420e-01
4.099450111389160156e-01,8.573043061715655000e-01
4.099450111389160156e-01,9.127663375963763759e-01
8.741459846496582031e-01,9.201253507073594573e-01
1.231343984603881836e+00,9.130186798214598998e-01
1.231343984603881836e+00,8.639521687906684955e-01
7.683960199356079102e-01,8.470639068119508730e-01
7.683960199356079102e-01,8.595650485200367896e-01
9.357339143753051758e-01,8.736509875884996834e-01
7.523270249366759144e-01,8.662144805721534446e-01
7.523270249366759144e-01,8.632417112872133869e-01
6.247839927673339844e-01,8.746921266725358191e-01
6.247839927673339844e-01,8.835767304712938142e-01
1.977947235107421653e+00,8.942701306332303535e-01
2.476479291915893555e+00,1.014365854796289712e+00
2.476479291915893555e+00,1.417887162360176090e+00
6.822599768638610840e-01,1.643156562344154858e+00
6.822599768638610840e-01,1.467046166279285746e+00
1.294077992439270020e+00,1.211781987319310749e+00
2.116506099700928178e+00,1.238293852940146600e+00
2.116506099700928178e+00,1.254575802460291767e+00
2.030230045318603516e+00,1.246309071573567628e+00
2.030230045318603516e+00,1.275298742800240692e+00
1.727593064308166504e+00,1.303804485836657756e+00
1.321619033813476562e+00,1.253867772778992640e+00
1.321619033813476562e+00,1.125764917241634855e+00
1.114274978637695090e+00,1.033827373910495062e+00
1.114274978637695090e+00,9.455140369830833391e-01
1.618482947349548340e+00,8.369300209237767740e-01
1.102354049682617188e+00,8.788351214231732156e-01
1.102354049682617188e+00,8.661655734395802275e-01
8.501269817352294922e-01,8.382978109178199633e-01
8.501269817352294922e-01,8.557528004686096867e-01
6.531813144683837891e-01,8.702702023210068250e-01
6.168276071548461914e-01,8.871631196047067291e-01
6.168276071548461914e-01,8.939428593565962311e-01
1.023204803466796875e+00,8.957488032795739574e-01
1.023204803466796875e+00,8.819556919071434020e-01
1.176781058311462402e+00,8.495575125495985480e-01
1.108754038810729980e+00,8.588156458294942119e-01
1.108754038810729980e+00,8.354521029259606157e-01
9.838110208511353649e-01,8.376918943758985270e-01
9.838110208511353649e-01,8.447868237218384424e-01
1.829927563667297363e+00,8.502702363453827905e-01
1.342131018638610840e+00,9.231852588507543089e-01
1.342131018638610840e+00,9.784977163664505539e-01
1.265669584274291992e+00,9.878773906315826414e-01
1.265669584274291992e+00,9.868370369345345061e-01
7.930377125740051270e-01,9.879042842575248562e-01
1.030689358711242898e+00,9.613106496894481268e-01
1.030689358711242898e+00,8.917487807527474386e-01
8.210232257843017578e-01,8.453615004017333012e-01
8.210232257843017578e-01,8.604400419054989424e-01
1.099169254302978294e+00,8.723102425568777241e-01
5.255355238914489746e-01,8.623120318753636493e-01
5.255355238914489746e-01,8.909877512445919523e-01
7.758393883705139160e-01,9.241033021897229194e-01
7.758393883705139160e-01,9.044129638192875964e-01
7.209759950637817383e-01,8.749596825001020317e-01
8.666771054267883301e-01,8.777602621153921536e-01
8.666771054267883301e-01,8.712828186202418168e-01
8.462041020393371582e-01,8.605516920933294900e-01
8.462041020393371582e-01,8.613006727388110573e-01
7.614132165908813477e-01,8.625007075895497755e-01
6.587246060371398926e-01,8.669763859980312848e-01
6.587246060371398926e-01,8.799477879622310539e-01
1.078659296035766602e+00,8.884892962786330450e-01
1.078659296035766602e+00,8.782519971238980094e-01
1.281940340995788574e+00,8.472327893668031296e-01
6.600005030632019043e-01,8.663585568484645227e-01
6.600005030632019043e-01,8.964751528797005875e-01
1.112500548362731934e+00,9.585237494448189954e-01
1.112500548362731934e+00,9.295530819851763882e-01
6.280704736709594727e-01,8.500962271107392887e-01
6.864575743675231934e-01,9.147059097194395472e-01
6.864575743675231934e-01,9.096001122408592376e-01
9.000409841537475586e-01,8.801597941265518754e-01
9.000409841537475586e-01,8.775303489650320143e-01
7.342569231986999512e-01,8.575102137140796499e-01
1.011121273040771706e+00,8.675411416229125150e-01
1.011121273040771706e+00,8.695610210173206900e-01
8.827599883079528809e-01,8.483612230994791448e-01
8.827599883079528809e-01,8.528108009748743834e-01
7.521411776542663574e-01,8.598785866641087683e-01
9.489411115646362305e-01,8.678363166098129744e-01
9.489411115646362305e-01,8.684946684466804401e-01
6.799052953720092773e-01,8.531900673306229699e-01
6.799052953720092773e-01,8.699820713825000551e-01
7.211565971374511719e-01,8.914310905801664520e-01
6.504104733467102051e-01,8.855890523578024975e-01
6.504104733467102051e-01,8.903394041058219077e-01
7.167106270790100098e-01,9.002685673447732295e-01
7.167106270790100098e-01,8.959182325495786969e-01
9.056316018104552112e-01,8.890665673938672464e-01
6.526464819908142090e-01,8.749733514712274562e-01
6.526464819908142090e-01,8.736482758467057907e-01
7.056654095649719238e-01,8.885559449761255557e-01
7.056654095649719238e-01,8.836374185989329666e-01
6.581057906150817871e-01,8.777219174553914094e-01
6.592794060707092285e-01,8.816563529618731687e-01
6.592794060707092285e-01,8.868127557273088879e-01
6.634064316749572754e-01,8.870707188536608445e-01
6.634064316749572754e-01,8.855711797100774829e-01
7.808002829551696777e-01,8.839341291096961539e-01
7.565907239913940430e-01,8.795393907907937958e-01
7.565907239913940430e-01,8.708148208712224170e-01
9.280405640602111816e-01,8.725211002568861174e-01
9.424405694007874645e-01,8.689078472547431264e-01
7.073829770088195801e-01,8.545211371528728117e-01
3.888399899005889893e-01,8.674801733314039254e-01
3.888399899005889893e-01,9.163535063518279955e-01
3.422417938709259033e-01,9.402833465227384835e-01
3.422417938709259033e-01,9.409342284101896992e-01
2.337300032377242764e-01,9.405603726904787631e-01
1.459127068519592563e-01,9.481427619131185258e-01
1.459127068519592563e-01,9.534415619253228114e-01
3.949534893035889227e-01,9.621069120761684967e-01
3.949534893035889227e-01,9.515838373143850060e-01
9.678409695625304066e-01,9.186648258206667750e-01
7.839220166206359863e-01,9.144132046524627855e-01
7.839220166206359863e-01,8.621710285502414139e-01
8.333759903907775879e-01,8.715820087082958301e-01
8.333759903907775879e-01,8.688427091981623107e-01
9.723259806632995605e-01,8.648883989113500537e-01
6.905210018157958984e-01,8.601119960059930847e-01
6.905210018157958984e-01,8.666436658320120223e-01
1.345324039459228294e+00,8.848871714847417191e-01
1.345324039459228294e+00,9.178807641327241251e-01
7.227010130882263184e-01,8.371451604310494732e-01
6.804850101470947266e-01,8.816425772199349975e-01
6.804850101470947266e-01,9.143158124133906606e-01
7.610610127449035645e-01,9.136013252477759305e-01
7.610610127449035645e-01,8.991090789947272510e-01
8.075709939002990723e-01,8.737936286559659926e-01
5.886639952659606934e-01,8.732893663099819959e-01
5.886639952659606934e-01,8.864004690605250536e-01
9.960750937461851917e-01,9.008418169010616872e-01
9.960750937461851917e-01,8.848751282861538892e-01
1.045413970947265625e+00,8.511430642149319103e-01
4.713059961795807440e-01,8.527152296423397004e-01
4.713059961795807440e-01,8.961251807095992339e-01
1.047140955924987793e+00,9.347347057081629718e-01
1.047140955924987793e+00,9.069960482858505646e-01
1.126214265823364480e+00,8.457956352739538497e-01
2.560461759567260742e+00,8.454006302931360572e-01
2.560461759567260742e+00,1.463729074543381081e+00
7.777400016784667969e-01,1.703166781742284419e+00
7.777400016784667969e-01,1.613944106375080789e+00
7.172060012817382812e-01,1.523207258815716392e+00
8.005080223083496094e-01,1.503288891454825693e+00
8.005080223083496094e-01,1.383365440095583931e+00
5.680390000343322754e-01,1.268821504610088358e+00
5.680390000343322754e-01,1.136466146505444197e+00
1.195780038833618164e+00,9.259872013617730380e-01
7.970449924468994141e-01,9.097475564680890248e-01
7.970449924468994141e-01,8.605822207675538627e-01
4.899359941482543945e-01,8.860648766275195376e-01
4.899359941482543945e-01,9.183512437019730745e-01
9.918130040168761097e-01,9.383691974783239242e-01
7.445690035820007324e-01,9.045375247527931428e-01
7.445690035820007324e-01,8.645681232948287942e-01
6.096370220184326172e-01,8.743973610570111576e-01
6.096370220184326172e-01,8.831656431267084217e-01
8.565919995307922363e-01,8.932890229464299781e-01
8.144299983978271484e-01,8.846902805758309896e-01
8.144299983978271484e-01,8.640257531182217177e-01
7.605929970741271973e-01,8.671061280867402576e-01
7.605929970741271973e-01,8.697094867763653925e-01
9.213209748268129662e-01,8.729816535752090711e-01
7.421634793281555176e-01,8.686314262897596450e-01
7.421634793281555176e-01,8.657924846582618628e-01
7.329360246658325195e-01,8.748891228962761835e-01
7.329360246658325195e-01,8.790039769409012660e-01
8.745691180229187012e-01,8.806791913910297920e-01
9.644910097122192383e-01,8.717753308014321023e-01
9.644910097122192383e-01,8.585598398384209906e-01
1.477671980857849121e+00,8.515672957836687429e-01
1.477671980857849121e+00,1.003099148193332457e+00
6.752679944038391113e-01,1.056580197607708493e+00
5.030400156974792480e-01,1.052178405258562099e+00
5.030400156974792480e-01,1.045761734198648929e+00
7.066659927368164062e-01,1.033573056548556135e+00
7.066659927368164062e-01,9.725338420135587469e-01
2.968195915222167969e+00,9.025896964548325574e-01
1.255300998687743919e+00,1.331333496442382858e+00
1.255300998687743919e+00,1.300576513769592379e+00
4.084815025329589844e+00,1.010536076308051756e+00
4.084815025329589844e+00,1.803244237608820910e+00
1.692322969436645508e+00,2.106787791105495966e+00
4.121052026748657227e-01,1.783489755827037726e+00
4.121052026748657227e-01,1.227336535411743146e+00
1.035750985145568848e+00,1.117929098670578325e+00
1.035750985145568848e+00,1.104738055940236219e+00
6.408920288085937500e-01,1.051491538365692202e+00
7.065470218658447266e-01,1.015557211459203524e+00
7.065470218658447266e-01,8.909172953209064660e-01
1.060830354690551758e+00,8.771018179731643327e-01
1.060830354690551758e+00,8.741274785256579749e-01
1.880954027175903542e+00,8.496231816212663768e-01
1.886373996734618919e+00,9.559221111663382953e-01
1.886373996734618919e+00,1.006701602058288847e+00
1.328773975372314453e+00,1.023530153215749694e+00
1.328773975372314453e+00,9.493345439150971954e-01
3.931840062141418457e-01,8.379999026030353626e-01
6.382430195808410645e-01,9.592717637822224530e-01
6.382430195808410645e-01,9.496044653206880959e-01
1.045531988143920898e+00,9.104097467832029666e-01
1.045531988143920898e+00,8.835569691247955326e-01
6.588029861450195312e-01,8.475701346337696229e-01
8.046740293502807617e-01,8.684281578295584003e-01
8.046740293502807617e-01,8.828244475227783328e-01
8.740410208702087402e-01,8.687352957259232289e-01
8.740410208702087402e-01,8.649753202351636583e-01
8.532550334930419922e-01,8.598973826554109356e-01
8.952109813690185547e-01,8.611012968921232247e-01
8.952109813690185547e-01,8.610732966797201016e-01
7.301589846611022949e-01,8.581047694649163171e-01
7.301589846611022949e-01,8.683158910309199952e-01
4.149410128593444824e-01,8.816002747533229211e-01
2.700940072536468506e-01,9.121311893524235437e-01
2.700940072536468506e-01,9.410266173949372037e-01
4.911319911479949951e-01,9.415511193173539128e-01
4.911319911479949951e-01,9.320576716430289954e-01
5.079169869422912598e-01,9.058781755324221141e-01
1.224020004272460938e+00,9.063519491479656853e-01
1.224020004272460938e+00,9.500185462918255830e-01
1.267657995223999023e+00,8.316332933802980110e-01
1.267657995223999023e+00,8.323490223951940381e-01
2.633487939834594727e+00,8.306595677775058251e-01
3.999615430831908736e+00,1.294880816205857377e+00
3.999615430831908736e+00,1.957639005369866902e+00
6.651418209075927734e+00,2.232366088870152421e+00
6.651418209075927734e+00,3.333214251369610803e+00
2.102678060531615767e+00,3.868209837442786903e+00
1.283689975738525391e+00,3.612058316889295906e+00
1.283689975738525391e+00,3.226597751132128433e+00
1.291347503662109375e+00,3.112864252518784181e+00
1.291347503662109375e+00,2.964064710924610324e+00
1.353754043579101562e+00,2.808695705269336873e+00
2.390191078186035156e+00,2.491049402736271734e+00
2.390191078186035156e+00,1.808960607440427193e+00
1.461441040039062500e+00,1.423756808176644517e+00
1.461441040039062500e+00,1.300543377651747656e+00
1.599208950996399148e+00,1.152589231928309754e+00
1.471150994300842507e+00,1.139799798566706768e+00
1.471150994300842507e+00,1.035614053648898025e+00
1.298205018043518066e+00,9.226810850862176006e-01
1.298205018043518066e+00,8.832260817437254108e-01
1.579622030258178711e+00,8.320906053317872475e-01
1.360355019569396973e+00,8.903716691926438775e-01
1.360355019569396973e+00,8.822336543559268218e-01
8.036410212516784668e-01,8.424074305667837992e-01
8.036410212516784668e-01,8.973012120418926152e-01
4.276689887046813965e-01,9.474262300434705963e-01
2.694070041179656982e-01,9.835137992282052544e-01
2.694070041179656982e-01,1.007660818240935008e+00
3.897170126438140869e-01,1.008746398766204422e+00
3.897170126438140869e-01,9.765907805428180044e-01
4.179170131683349609e-01,9.331499108262780728e-01
1.546036005020141602e+00,9.285775959421667114e-01
1.546036005020141602e+00,9.729406950735270954e-01
1.017611026763915794e+00,8.799029143532652864e-01
1.017611026763915794e+00,8.586439582531157910e-01
8.653150200843811035e-01,8.463934915164509354e-01
6.194109916687011719e-01,8.550092956309507386e-01
6.194109916687011719e-01,8.863402989574905577e-01
8.454149961471557617e-01,9.089415681846126915e-01
8.454149961471557617e-01,8.890063942803044794e-01
8.048596382141113281e-01,8.639413516588011488e-01
1.435889005661010742e+00,8.658347711138514313e-01
1.435889005661010742e+00,8.861624463004976748e-01
2.565752029418945312e+00,8.594411746513874739e-01
2.565752029418945312e+00,1.131692785334832418e+00
6.206179141998291016e+00,1.277797926381630589e+00
9.309499859809875488e-01,2.756769019636137852e+00
9.309499859809875488e-01,2.848623299398540976e+00
9.077759981155395508e-01,2.180521009389491560e+00
9.077759981155395508e-01,2.174849616195231317e+00
4.609797894954681952e-01,2.169903834578365220e+00
5.264570116996765137e-01,1.982487596410506203e+00
5.264570116996765137e-01,1.464924564752760450e+00
7.942249774932861328e-01,1.018895292276148501e+00
7.942249774932861328e-01,9.603131533057068792e-01
9.704009890556335449e-01,8.680577061933252292e-01
6.695889830589294434e-01,8.636669217493401218e-01
6.695889830589294434e-01,8.684675031844426574e-01
6.997730135917663574e-01,8.833898279553640265e-01
6.997730135917663574e-01,8.817993941718416107e-01
6.903669834136962891e-01,8.793299898803860204e-01
6.361600160598754883e-01,8.807311732722348241e-01
6.361600160598754883e-01,8.858362230492125011e-01
9.726700186729432263e-01,8.908593458141470522e-01
9.726700186729432263e-01,8.866189894904016322e-01
6.393389701843261719e-01,8.506896535369322665e-01
5.123779773712158203e-01,8.752461988318690489e-01
5.123779773712158203e-01,9.084380356708740001e-01
5.699130296707153320e-01,9.201877165144395354e-01
5.699130296707153320e-01,9.106612411821539688e-01
8.318089842796325684e-01,8.994614029448860792e-01
4.694110155105590265e-01,8.919781996063783636e-01
4.694110155105590265e-01,8.959996898389596121e-01
9.054309725761414684e-01,9.209423931452610512e-01
9.054309725761414684e-01,9.076677817690995687e-01
8.482750058174133301e-01,8.572334339182782204e-01
6.566630005836486816e-01,8.602800917111493861e-01
6.566630005836486816e-01,8.784144646907744436e-01
6.324055790901184082e-01,8.879827025931630313e-01
6.324055790901184082e-01,8.879245608873261864e-01
3.268550038337707520e-01,8.859790010764964086e-01
3.047409951686859131e-01,9.134519645386119935e-01
3.047409951686859131e-01,9.421058217919564548e-01
2.159480005502700806e-01,9.432637749140286854e-01
2.159480005502700806e-01,9.488047646065409513e-01
2.148479968309402466e-01,9.500289035495558254e-01
1.512310057878494540e-01,9.518530639516915581e-01
1.512310057878494540e-01,9.591424492399450719e-01
4.153338372707366943e-01,9.659592305709325810e-01
4.153338372707366943e-01,9.496314675818202655e-01
7.344200015068054199e-01,9.151912178341141679e-01
9.913370013236999512e-01,9.073494858897378501e-01
9.913370013236999512e-01,8.750767174876061816e-01
7.910000085830688477e-01,8.498766378591221526e-01
7.910000085830688477e-01,8.595007707756934234e-01
7.429170012474058948e-01,8.690231611750705021e-01
7.426548600196838379e-01,8.713530560917230883e-01
7.426548600196838379e-01,8.743853660682379125e-01
8.799139857292175293e-01,8.742897607462311038e-01
8.799139857292175293e-01,8.709609879890966022e-01
7.376829981803894043e-01,8.595164819769993692e-01
1.240342974662780762e+00,8.677462100844455239e-01
1.240342974662780762e+00,8.804334555037615084e-01
8.343409895896911621e-01,8.388876145811462459e-01
8.343409895896911621e-01,8.532958686808970183e-01
3.054729998111724854e-01,8.725459692287708124e-01
8.929460048675537109e-01,9.378071949985683498e-01
8.929460048675537109e-01,9.291238137476082182e-01
1.285866022109985352e+00,8.581434003450736370e-01
1.285866022109985352e+00,8.661552519431922059e-01
4.146400094032288153e-01,8.440599871363105855e-01
1.090137004852295144e+00,9.096040345210747446e-01
1.090137004852295144e+00,9.444967984287291340e-01
5.923830270767211914e-01,8.396930680341263553e-01
5.923830270767211914e-01,8.979114589480160502e-01
3.773260116577148993e-01,9.113830581705704148e-01
2.693597316741943803e+00,9.335486429734614067e-01
2.693597316741943803e+00,1.277020912207738057e+00
2.288666009902954102e+00,1.315247490756093152e+00
2.288666009902954102e+00,1.488846917736064812e+00
8.955270051956175648e-01,1.623598548100276817e+00
8.070570230484008789e-01,1.547780339659813764e+00
8.070570230484008789e-01,1.422260628130911586e+00
1.194862961769104004e+00,1.368025643553700821e+00
1.194862961769104004e+00,1.220973423133544289e+00
8.929409980773926891e-01,1.024544117104997820e+00
9.776080250740052380e-01,9.604870118400571366e-01
9.776080250740052380e-01,8.606250558819704688e-01
1.832507014274596724e+00,8.525996298959023223e-01
1.832507014274596724e+00,9.410571657136884705e-01
1.403792977333068848e+00,9.821982560036067733e-01
7.223749756813049316e-01,9.310408317162992553e-01
7.223749756813049316e-01,9.015916056457869976e-01
6.599410176277160645e-01,9.084013922560681964e-01
6.599410176277160645e-01,9.075492765362458414e-01
7.407349944114685059e-01,9.016616096742499087e-01
5.553659796714782715e-01,8.910568519146049304e-01
5.553659796714782715e-01,8.872893862981061641e-01
1.236768960952758789e+00,9.015713725415445134e-01
1.236768960952758789e+00,9.121212475102336015e-01
6.214020252227783203e-01,8.408020197027260556e-01
7.108730077743530273e-01,8.766747592711710002e-01
7.108730077743530273e-01,8.975980591329005831e-01
3.064779937267303467e-01,8.859038227323816628e-01
3.064779937267303467e-01,9.307234341682206757e-01
6.473349928855895996e-01,9.527175205701104987e-01
5.458269715309143066e-01,9.234188424936382589e-01
5.458269715309143066e-01,8.926131929524521169e-01
1.024247765541076882e+00,9.035005775983107057e-01
1.024247765541076882e+00,8.904493767285623917e-01
8.176820278167724609e-01,8.513381270081797902e-01
7.440620064735412598e-01,8.724310259521165234e-01
7.440620064735412598e-01,8.891729148677813832e-01
7.367150187492370605e-01,8.970897293202425571e-01
7.367150187492370605e-01,8.930144878393595498e-01
5.768560171127319336e-01,8.874047003475998840e-01
9.152600169181823730e-01,9.048608955287986699e-01
9.152600169181823730e-01,8.972521070305440327e-01
1.137029051780700906e+00,8.562272798756318526e-01
1.137029051780700906e+00,8.538359685755849693e-01
4.960080087184906006e-01,8.419981885592889848e-01
4.941360056400299072e-01,8.948285799234783067e-01
4.941360056400299072e-01,9.101752172406155639e-01
8.834533095359802246e-01,9.013060019919419963e-01
8.834533095359802246e-01,8.959808304029680537e-01
1.271524906158447266e+00,8.604058661603335434e-01
8.864369988441467285e-01,8.715508240245868343e-01
8.864369988441467285e-01,8.595111890365835228e-01
8.988280296325682484e-01,8.686949244316957142e-01
8.988280296325682484e-01,8.675779244752188646e-01
9.049779772758484997e-01,8.661579295791026478e-01
8.299319744110107422e-01,8.639191430662569449e-01
8.299319744110107422e-01,8.686641905632087601e-01
8.756300210952758789e-01,8.643277861932496808e-01
8.756300210952758789e-01,8.636567783869570913e-01
5.502920150756835938e-01,8.600498324230478886e-01
1.073919415473937988e+00,8.851458976468413731e-01
1.073919415473937988e+00,8.936519504790563229e-01
8.491920232772827148e-01,8.475996323943613131e-01
8.491920232772827148e-01,8.547821421235426431e-01
6.393229961395263672e-01,8.661439283489413832e-01
7.995309829711914062e-01,8.825254985956321185e-01
7.995309829711914062e-01,8.833091678275238889e-01
9.646000266075134277e-01,8.678076176665874275e-01
9.646000266075134277e-01,8.667286119677614087e-01
8.413559794425964355e-01,8.514594828842464436e-01
7.011449933052062988e-01,8.579554946078082889e-01
7.011449933052062988e-01,8.767800028412057189e-01
7.240070104598999023e-01,8.862270816540661622e-01
7.240070104598999023e-01,8.825191016700424385e-01
1.010308027267455833e+00,8.759872580936676201e-01
6.538060307502746582e-01,8.723146742477732030e-01
6.538060307502746582e-01,8.696400397244240521e-01
7.932850122451782227e-01,8.888515054952346173e-01
7.932850122451782227e-01,8.803288690042374576e-01
6.538396477699279785e-01,8.681717791486124325e-01
1.160789966583251953e+00,8.762808557097739870e-01
1.160789966583251953e+00,8.863947451483713547e-01
8.085789680480957031e-01,8.459726497632558129e-01
8.085789680480957031e-01,8.549920272550201039e-01
3.743770122528076172e-01,8.689289724748432420e-01
2.556999921798706055e-01,9.124183446467317715e-01
2.556999921798706055e-01,9.475864913772454878e-01
4.893150031566620428e-01,9.496611548831281890e-01
4.893150031566620428e-01,9.322038772532422746e-01
1.151844024658203125e+00,9.042635360251544130e-01
7.372779846191406250e-01,9.188166133089865628e-01
7.372779846191406250e-01,8.608103742480291976e-01
1.088750958442687988e+00,8.788659474303737174e-01
1.088750958442687988e+00,8.694336241216602534e-01
1.975852966308593306e+00,8.454899924969142555e-01
8.547700047492980957e-01,9.868456953224233885e-01
8.547700047492980957e-01,9.948209074664413620e-01
7.977370023727416992e-01,9.480865871492628605e-01
7.977370023727416992e-01,9.451964385240722022e-01
1.052428960800170898e+00,9.430528166481787489e-01
3.179450988769531250e+00,8.995933607272806887e-01
3.179450988769531250e+00,1.415304122400701026e+00
1.797067999839782715e+00,1.635503407699439693e+00
1.797067999839782715e+00,1.444327882466549084e+00
1.061478018760681152e+00,1.201557531816154434e+00
8.751260042190551758e-01,1.102338198605082864e+00
8.751260042190551758e-01,9.497972536973077196e-01
6.645399928092956543e-01,9.230477557464010774e-01
6.645399928092956543e-01,9.425400938656912642e-01
7.571684122085571289e-01,8.872548584105003355e-01
1.368484020233154297e+00,8.803029286149252064e-01
1.368484020233154297e+00,8.981208623406954361e-01
9.052469730377197266e-01,8.473758883028665867e-01
9.052469730377197266e-01,8.575877924300028265e-01
1.032060980796814187e+00,8.787247210353869020e-01
6.141330003738403320e-01,8.682155540537069838e-01
6.141330003738403320e-01,9.017163253428664982e-01
9.733130335807801403e-01,9.184455482634041878e-01
9.733130335807801403e-01,8.895941237017835901e-01
6.452289819717407227e-01,8.529018780169919101e-01
4.894390106201171875e-01,8.701323829129058440e-01
4.894390106201171875e-01,8.978852284654317284e-01
8.408679962158203125e-01,9.096176657628999296e-01
8.408679962158203125e-01,8.977968243299059292e-01
7.771940231323242188e-01,8.629213601259555499e-01
6.755350232124328613e-01,8.655698176653336962e-01
6.755350232124328613e-01,8.756533710289112760e-01
6.592059731483460583e-01,8.839053685548845518e-01
6.592059731483460583e-01,8.839771968747525133e-01
1.084153056144714355e+00,8.842288567780900443e-01
9.314100146293640137e-01,8.820210326808093360e-01
9.314100146293640137e-01,8.488615722679889730e-01
1.359479665756225586e+00,8.545766237377410146e-01
1.359479665756225586e+00,8.677850009058294400e-01
7.633988261222839355e-01,8.456007512490133493e-01
5.357339978218078613e-01,8.654055012973028704e-01
5.357339978218078613e-01,9.081109749123041919e-01
6.781889796257019043e-01,9.239820786324149937e-01
6.781889796257019043e-01,9.057853459660617501e-01
7.839810252189636230e-01,8.845075937349012873e-01
1.169367671012878418e+00,8.774013629190061669e-01
1.169367671012878418e+00,8.705600264502004748e-01
1.015287995338439941e+00,8.488142950967157985e-01
1.015287995338439941e+00,8.670392687013890320e-01
9.259430170059204102e-01,8.536858147027375221e-01
1.319244027137756348e+00,8.602079775211174395e-01
1.319244027137756348e+00,8.627567291158172447e-01
9.717460274696351208e-01,8.335192030966342980e-01
9.717460274696351208e-01,8.473861889817019266e-01
1.176299691200256348e+00,8.552367751661048567e-01
1.714609026908874290e+00,8.494447369314388485e-01
1.714609026908874290e+00,9.141980212153681951e-01
1.307337045669555664e+00,9.519760678109043806e-01
1.307337045669555664e+00,9.059666717749955689e-01
6.186890006065368652e-01,8.352624753273826252e-01
2.298435926437377930e+00,9.171154876736486994e-01
2.298435926437377930e+00,1.258708194160080840e+00
1.808241009712219460e+00,1.376201866529612072e+00
1.808241009712219460e+00,1.328181979356986009e+00
8.794149756431579590e-01,1.284633709674178448e+00
1.570945024490356445e+00,1.172170513861146901e+00
1.570945024490356445e+00,9.862020653016188021e-01
1.578516006469726562e+00,9.203592471156485377e-01
1.578516006469726562e+00,9.097231067065866261e-01
6.200309991836547852e-01,8.982389723920002345e-01
9.928810000419615589e-01,9.235310505747316157e-01
9.928810000419615589e-01,9.003353714179762601e-01
4.551869928836823065e-01,8.510570450645966734e-01
4.551869928836823065e-01,9.205950300365305372e-01
1.017398953437805176e+00,9.240474230676989364e-01
8.378469944000244141e-01,9.036214929998214185e-01
8.378469944000244141e-01,8.556862831662198632e-01
4.884769916534424383e-01,8.643404166689210300e-01
4.884769916534424383e-01,8.939595446172041715e-01
1.246340990066528320e+00,9.135881731114167126e-01
1.209630966186523438e+00,9.252679573453499451e-01
1.209630966186523438e+00,8.388529292105295632e-01
1.252451062202453613e+00,8.372529000384835163e-01
1.252451062202453613e+00,8.384120541848204544e-01
1.519726991653442383e+00,8.384365817908449037e-01
1.063797950744629128e+00,8.600883654490071306e-01
1.063797950744629128e+00,8.550746935343198629e-01
1.571495056152343750e+00,8.424826763405891539e-01
1.571495056152343750e+00,8.852605886770350541e-01
1.278105020523071289e+00,8.925159765818820867e-01
1.192077994346618874e+00,8.631547277071456303e-01
1.192077994346618874e+00,8.298276294784848739e-01
8.304439187049865723e-01,8.299712470608017201e-01
8.304439187049865723e-01,8.702029614425391690e-01
1.402015686035156250e+00,8.686235180060684069e-01
1.156504034996032715e+00,8.822868408359051395e-01
1.156504034996032715e+00,8.427798470180157819e-01
1.162554860115051270e+00,8.338575001837129630e-01
1.162554860115051270e+00,8.340344910402760492e-01
6.007519960403442383e-01,8.339816562632468289e-01
1.253835797309875710e+00,9.127540620823134665e-01
1.253835797309875710e+00,8.982026061075162326e-01
1.791844010353088379e+00,8.388829883735132720e-01
1.791844010353088379e+00,9.465383977762376055e-01
1.734062552452087402e+00,1.008869280867544571e+00
4.939970970153808594e+00,1.011421554484393415e+00
4.939970970153808594e+00,2.311704189337731918e+00
2.394351005554199219e+00,2.747521976803590782e+00
2.394351005554199219e+00,2.575374676493669135e+00
2.212575912475585938e+00,2.416968363360546768e+00
1.886527061462402344e+00,2.437463712874685218e+00
1.886527061462402344e+00,2.264853217548606690e+00
9.343829751014709473e-01,2.046589762850609784e+00
9.343829751014709473e-01,1.679085832845663040e+00
9.099829792976381615e-01,9.639234764423926238e-01
8.112999796867370605e-01,9.296005298194827127e-01
8.112999796867370605e-01,8.665978424781262124e-01
1.049708962440490723e+00,8.770845203955199842e-01
1.049708962440490723e+00,8.654407277463157522e-01
1.351788043975830078e+00,8.432987432565058894e-01
1.277305960655212402e+00,8.499960631484259066e-01
1.283630967140197754e+00,8.418835934992087155e-01
7.854449748992919922e-01,8.276580152508437038e-01
7.854449748992919922e-01,8.820184033561704329e-01
4.846229851245880127e-01,8.980905499604062703e-01
6.676359772682189941e-01,9.293885130451401411e-01
6.676359772682189941e-01,9.168572242220082158e-01
8.322510123252868652e-01,8.865354635565402264e-01
8.322510123252868652e-01,8.774825944683922740e-01
5.959370136260986328e-01,8.638936680768620757e-01
3.410890102386474609e-01,8.790540518998620767e-01
3.410890102386474609e-01,9.187620592954316434e-01
6.860110163688659668e-01,9.400118976076827781e-01
6.860110163688659668e-01,9.229108361719209341e-01
8.153510093688964844e-01,8.817568088216517497e-01
3.985430002212524969e-01,8.768541149709726534e-01
3.985430002212524969e-01,9.032015894522685828e-01
6.998159885406494141e-01,9.290341899375217372e-01
6.998159885406494141e-01,9.110866575409807266e-01
4.263690114021301270e-01,8.783496918015255561e-01
6.866139769554138184e-01,9.040729691017085345e-01
6.866139769554138184e-01,9.194921128437102409e-01
1.826770007610321045e-01,8.881219911418365420e-01
1.826770007610321045e-01,9.534718735422065272e-01
7.018824815750122070e-01,9.686680817049782011e-01
1.796682000160217507e+00,9.408947105039907610e-01
1.796682000160217507e+00,1.185511065794729646e+00
7.204269766807556152e-01,1.236865339714102507e+00
7.204269766807556152e-01,1.248308393783795545e+00
4.680640101432800293e-01,1.279535309818346844e+00
6.408870220184326172e-01,1.240571359615821212e+00
6.408870220184326172e-01,1.140349636005736578e+00
7.520520091056823730e-01,1.068886325098761692e+00
7.520520091056823730e-01,1.001414920082597471e+00
1.001817584037780762e+00,8.738827895658386469e-01
1.660804033279418945e+00,8.665995880383535743e-01
1.660804033279418945e+00,9.186390732268098214e-01
1.450595021247863770e+00,9.107660354674306236e-01
1.450595021247863770e+00,8.822906814806248388e-01
1.085010051727295144e+00,8.561059203738479173e-01
1.099555015563964844e+00,8.443586727209262399e-01
1.099555015563964844e+00,8.394581377344417783e-01
7.694180011749267578e-01,8.386448871792464566e-01
7.694180011749267578e-01,8.644189237591279884e-01
1.254430413246154785e+00,8.815743815558038099e-01
1.496320962905883789e+00,8.726105140120004044e-01
1.496320962905883789e+00,8.685647877171888132e-01
7.186369895935058594e-01,8.738961725181666473e-01
7.186369895935058594e-01,9.037711198163781434e-01
8.902019858360290527e-01,9.339327319389671977e-01
9.891759753227232776e-01,9.154754902323011256e-01
9.891759753227232776e-01,8.739559206062385011e-01
2.849014520645141602e+00,8.493201025725818365e-01
2.849014520645141602e+00,1.267481259755607992e+00
4.281075000762940341e+00,1.442030304849143185e+00
1.248739004135131836e+00,2.104713745578371764e+00
1.248739004135131836e+00,2.077956843885679472e+00
7.096589803695678711e-01,1.468441422895777615e+00
7.096589803695678711e-01,1.379739271466312145e+00
7.497439980506896973e-01,1.284084156603771065e+00
8.907449841499328613e-01,1.184687683183543117e+00
8.907449841499328613e-01,9.902666246802401817e-01
1.469527959823608398e+00,8.584188822241302086e-01
1.469527959823608398e+00,8.811098394450618265e-01
1.608888030052185059e+00,8.648724916524389572e-01
1.043460965156555176e+00,1.202604728872956663e+00
1.043460965156555176e+00,1.365472187119296077e+00
1.184751033782958984e+00,1.336797675610875702e+00
1.184751033782958984e+00,1.323887370833229715e+00
5.063725113868713379e-01,1.307669697601014924e+00
6.946156024932861328e-01,1.188789896755831021e+00
6.946156024932861328e-01,9.756041292184024494e-01
9.299110174179076038e-01,8.795966916313153749e-01
9.299110174179076038e-01,8.767526251094801548e-01
7.754629850387573242e-01,8.547288522340561467e-01
8.564696311950683594e-01,8.625305799589189082e-01
8.564696311950683594e-01,8.686665166812096439e-01
9.269009828567504883e-01,8.622935892941460123e-01
9.269009828567504883e-01,8.672835800260887407e-01
7.506660223007202148e-01,8.581144034363646922e-01
9.248849749565125622e-01,8.716600842060390208e-01
9.248849749565125622e-01,8.779428091178473892e-01
1.070162653923034890e+00,8.594959029029012321e-01
1.070162653923034890e+00,8.538381727420272238e-01
8.752880096435546875e-01,8.412837459667609208e-01
7.511039972305297852e-01,8.605786730956352937e-01
7.511039972305297852e-01,8.971163297899745759e-01
8.627579808235168457e-01,9.104268001748234695e-01
8.627579808235168457e-01,8.920515015124599323e-01
5.096570253372192383e-01,8.709858897224895813e-01
8.495249748229979359e-01,9.084664460048484935e-01
8.495249748229979359e-01,8.994461788583749673e-01
6.711369752883911133e-01,8.626799494161796478e-01
6.711369752883911133e-01,8.743702794643779530e-01
6.132180094718933105e-01,8.890119789022764563e-01
3.810549974441527765e-01,9.011519976851236624e-01
3.810549974441527765e-01,9.340213467467400887e-01
8.710420131683349609e-01,9.475085821537033715e-01
8.710420131683349609e-01,9.172563527474683065e-01
6.540319919586181641e-01,8.603304394303843416e-01
9.089673757553098365e-01,8.741213044225348838e-01
9.089673757553098365e-01,8.795755498548580853e-01
9.709029793739318848e-01,8.566869977352653542e-01
9.709029793739318848e-01,8.608206449712514363e-01
9.856920242309569202e-01,8.518901562576109976e-01
1.356256246566772461e+00,8.540595782212502263e-01
1.356256246566772461e+00,8.614173141945365986e-01
1.309872984886169434e+00,8.388573366057517910e-01
1.309872984886169434e+00,8.571441084979086744e-01
6.344919800758361816e-01,8.763259732118959811e-01
5.933508276939392090e-01,9.386489488152277572e-01
5.933508276939392090e-01,9.589971971875452805e-01
8.796380162239074707e-01,9.521606557297181972e-01
8.796380162239074707e-01,9.104838741579196482e-01
1.131836414337158203e+00,8.616365689776148695e-01
1.841274023056030495e+00,8.557778432915360556e-01
1.841274023056030495e+00,9.480736632919157802e-01
2.261745929718017578e+00,9.987431385792813199e-01
2.261745929718017578e+00,1.140931128340637146e+00
2.597975969314575195e+00,1.238576568572874237e+00
2.399192094802856445e+00,1.333476936666192270e+00
2.399192094802856445e+00,1.396620839948087056e+00
1.982298016548156516e+00,1.389527459888506344e+00
1.982298016548156516e+00,1.311812195285737781e+00
2.269547939300537109e+00,1.231627424866444276e+00
2.017889976501465288e+00,1.265596282871470857e+00
2.017889976501465288e+00,1.301028097010829221e+00
1.452262043952941895e+00,1.315463460058853951e+00
1.452262043952941895e+00,1.308749822055735867e+00
1.342797994613647683e+00,1.312823523283209948e+00
1.311915040016174316e+00,1.278598155457585150e+00
1.311915040016174316e+00,1.166558833216263302e+00
1.276762008666992188e+00,1.075475491580502707e+00
1.276762008666992188e+00,9.777939160239592642e-01
1.275267004966735840e+00,8.276449861658899954e-01
1.210446000099181907e+00,8.314884859813814755e-01
1.210446000099181907e+00,8.331793544191256062e-01
8.153480291366577148e-01,8.312889388172211014e-01
8.153480291366577148e-01,8.603937569683307585e-01
7.271119952201843262e-01,8.839377395701706330e-01
6.043019890785217285e-01,8.894840243726181983e-01
6.043019890785217285e-01,9.023122321112475586e-01
9.830358624458311878e-01,9.006532182226107963e-01
9.830358624458311878e-01,8.888722796498229606e-01
1.101529002189636230e+00,8.497529631274367556e-01
1.183724999427795410e+00,8.640014277673028209e-01
1.183724999427795410e+00,8.365070700558049355e-01
4.356400072574616034e-01,8.308738288966291963e-01
4.356400072574616034e-01,9.286619162314082576e-01
3.270040154457092285e-01,9.476741435799324043e-01
8.039849996566772461e-01,9.539275830586022575e-01
8.039849996566772461e-01,9.273985880556859795e-01
4.216859936714172918e-01,8.670929086755811976e-01
4.216859936714172918e-01,8.994847779462258330e-01
5.734559893608093262e-01,9.250777442950174345e-01
3.959457874298096258e-01,9.110523544453671407e-01
3.959457874298096258e-01,9.076910182330191201e-01
4.163750112056732178e-01,9.226149693362110105e-01
4.163750112056732178e-01,9.235815200310699691e-01
5.603970289230346680e-01,9.227627169808176877e-01
7.749050259590148926e-01,9.122840069003723684e-01
7.749050259590148926e-01,8.907039947419668202e-01
6.370840072631835938e-01,8.700784621269654906e-01
6.370840072631835938e-01,8.787093072129693594e-01
3.839260041713714600e-01,8.895960669160537515e-01
5.648739933967590332e-01,9.120057581016467463e-01
5.648739933967590332e-01,9.206341778866121706e-01
1.054715037345886230e+00,9.001613872515634718e-01
1.054715037345886230e+00,8.909670675864430622e-01
6.537709832191467285e-01,8.484135655162610146e-01
5.931029915809631348e-01,8.682648158788366377e-01
5.931029915809631348e-01,8.953764547275715469e-01
1.022608995437622070e+00,8.987989777550161596e-01
1.022608995437622070e+00,8.895195191453532102e-01
8.359869718551635742e-01,8.472836751069445782e-01
6.375340223312377930e-01,8.553900591250651608e-01
6.375340223312377930e-01,8.782228404515818321e-01
9.755985140800474964e-01,8.899496450543683546e-01
9.755985140800474964e-01,8.802587546989044665e-01
4.898079931735991877e-01,8.516258993936556276e-01
1.098647952079772949e+00,8.879461664517147579e-01
1.098647952079772949e+00,9.057212108921032234e-01
1.151165962219238503e+00,8.437438496067288796e-01
1.151165962219238503e+00,8.436371262512484259e-01
8.061249852180480957e-01,8.398684221540037020e-01
4.744769930839537464e-01,8.559342154393412283e-01
4.744769930839537464e-01,9.020719181500890249e-01
7.896029949188232422e-01,9.182519568650319153e-01
7.896029949188232422e-01,8.996686271267098078e-01
4.762530028820037842e-01,8.680680439455927822e-01
5.455229878425598145e-01,8.923782844927407032e-01
5.455229878425598145e-01,9.121405772660503564e-01
6.212809681892395020e-01,9.032526948090948693e-01
6.212809681892395020e-01,8.967932672307720177e-01
7.707700133323669434e-01,8.887848649842732263e-01
9.337069988250732422e-01,8.844411281832599281e-01
9.337069988250732422e-01,8.709241214778674633e-01
8.110550045967102051e-01,8.545468663494429906e-01
8.110550045967102051e-01,8.656820634694574190e-01
6.005529761314392090e-01,8.781364207971095182e-01
1.002521038055420144e+00,8.964689178416413995e-01
1.002521038055420144e+00,8.858297737491271917e-01
8.921650052070617676e-01,8.490728251271716376e-01
8.921650052070617676e-01,8.534305252149697596e-01
9.160850048065185547e-01,8.597808891948452992e-01
7.413420081138610840e-01,8.582823245045095861e-01
7.413420081138610840e-01,8.677195933572411368e-01
9.283249974250792347e-01,8.753656061534302868e-01
9.283249974250792347e-01,8.689576743808139492e-01
6.429409980773925781e-01,8.550966193490412426e-01
9.950090050697328881e-01,8.752749908749448693e-01
9.950090050697328881e-01,8.826315319583627472e-01
6.271365880966186523e-01,8.487578494993721634e-01
6.271365880966186523e-01,8.755337350444420963e-01
1.038689017295837402e+00,8.989106584086776763e-01
6.888009905815124512e-01,8.863773190921158118e-01
6.888009905815124512e-01,8.688570046090398069e-01
5.214130282402038574e-01,8.877973646481845948e-01
5.214130282402038574e-01,9.008330606364102211e-01
6.510270237922668457e-01,9.070600740934262607e-01
1.159701943397521973e+00,9.059618718177400165e-01
1.159701943397521973e+00,8.863566001186133914e-01
6.456400156021118164e-01,8.402089809266478637e-01
6.456400156021118164e-01,8.722713451459915834e-01
1.195862650871276855e+00,9.001214270173533150e-01
1.304703950881958008e+00,8.939123791465115598e-01
1.304703950881958008e+00,8.423818514853528283e-01
8.844429850578308105e-01,8.313365915086657898e-01
8.844429850578308105e-01,8.613798729616394256e-01
7.697709798812866211e-01,8.910807140520901060e-01
7.702100276947021484e-01,8.988770169692660295e-01
7.702100276947021484e-01,8.981038350658933078e-01
6.418280005455017090e-01,8.895665026292775002e-01
6.418280005455017090e-01,9.029952465673243278e-01
8.937159776687622070e-01,8.872653430835654165e-01
5.247250199317932129e-01,8.873020598547278759e-01
5.247250199317932129e-01,8.909799591136323693e-01
5.142210125923156738e-01,9.186352195717233382e-01
5.142210125923156738e-01,9.160452352078984894e-01
7.172748446464538574e-01,9.128690693414199808e-01
6.410769820213317871e-01,8.975738674122109018e-01
6.410769820213317871e-01,9.001019285705318396e-01
4.689820110797882635e-01,9.110374420874173262e-01
4.689820110797882635e-01,9.278377540522485534e-01
1.203750014305114746e+00,9.442302484663607220e-01
7.911959886550903320e-01,9.331211789923400390e-01
7.911959886550903320e-01,8.626175415297624438e-01
1.136301159858703613e+00,8.858194028731095626e-01
1.136301159858703613e+00,8.717857133448824181e-01
8.642929792404174805e-01,8.353433821557277872e-01
8.814030289649963379e-01,8.593266353171715721e-01
8.814030289649963379e-01,8.836880002777500742e-01
5.817409753799438477e-01,8.778880829889296189e-01
5.817409753799438477e-01,9.091053298912536995e-01
8.651199936866759144e-01,9.207552329909716171e-01
9.078124761581418678e-01,8.944154823657894937e-01
9.078124761581418678e-01,8.610938298303264515e-01
7.377740144729614258e-01,8.567852257462088561e-01
7.377740144729614258e-01,8.666974317655433691e-01
1.120375037193298340e+00,8.800814773762279941e-01
9.422479867935178444e-01,8.700842045236529820e-01
9.422479867935178444e-01,8.482638005062597131e-01
1.060060024261474609e+00,8.538165956872044715e-01
1.070600032806396484e+00,8.524863102588745578e-01
7.158420085906982422e-01,8.453444611157631128e-01
4.040209949016571045e-01,8.639344153930095249e-01
4.040209949016571045e-01,9.111384044369851276e-01
2.920779883861541748e-01,9.271483531980704296e-01
2.920779883861541748e-01,9.351509702722000661e-01
6.317924261093139648e-01,9.397035276094334311e-01
1.124665260314941406e+00,9.240789554467536693e-01
1.124665260314941406e+00,8.919225575092004643e-01
1.115690946578979492e+00,8.458591354941663587e-01
1.115690946578979492e+00,8.465457089660467505e-01
1.247418999671936035e+00,8.393296455224322772e-01
6.976169943809509277e-01,8.415454102445218965e-01
6.976169943809509277e-01,8.765376600544951824e-01
3.693974971771239790e+00,8.908982764288263523e-01
3.693974971771239790e+00,1.676374617747032669e+00
8.204839825630187988e-01,1.912887214368327093e+00
8.573070168495178223e-01,1.772345793745825349e+00
8.573070168495178223e-01,1.616200656449529927e+00
6.902359724044799805e-01,1.610804791733077668e+00
6.902359724044799805e-01,1.533427460243901530e+00
8.385969996452331543e-01,1.452950472800898396e+00
1.287726998329162598e+00,1.243149043233372941e+00
1.287726998329162598e+00,9.058178934807897820e-01
9.632229804992674671e-01,8.444117470804392012e-01
9.632229804992674671e-01,8.612913141810555340e-01
1.343299984931945801e+00,8.739141429661883009e-01
7.316169738769531250e-01,8.681600592434112196e-01
7.316169738769531250e-01,8.913762464062281454e-01
6.809219717979431152e-01,9.131046530609950862e-01
6.809219717979431152e-01,9.107162017893413175e-01
7.014784216880798340e-01,8.877441156150771562e-01
6.698030233383178711e-01,8.841961423096416084e-01
6.698030233383178711e-01,8.824711377931336864e-01
1.365643024444580078e+00,8.860882169732420266e-01
1.365643024444580078e+00,9.024241125553266185e-01
9.781420230865480736e-01,8.483676271365547805e-01
6.786789894104003906e-01,8.460953896004691499e-01
6.786789894104003906e-01,8.813183163575286638e-01
5.976330041885375977e-01,9.072209734065470599e-01
5.976330041885375977e-01,9.112804712124272788e-01
8.193774819374084473e-01,9.142611753089887605e-01
7.911109924316406250e-01,8.949452225576528530e-01
7.911109924316406250e-01,8.726213595376164367e-01
1.044147372245788574e+00,8.761949843408133320e-01
1.044147372245788574e+00,8.685075129127092231e-01
1.400015950202942117e+00,8.438205769452199467e-01
8.748620152473449707e-01,8.665688539189292383e-01
8.748620152473449707e-01,8.691695498493094973e-01
6.228179931640625000e-01,8.746788061505290646e-01
6.228179931640625000e-01,8.993137238072022033e-01
7.164059877395629883e-01,9.152281323630772070e-01
6.523500084877014160e-01,9.003147131527181601e-01
6.523500084877014160e-01,8.826025577938535482e-01
9.379299879074094459e-01,8.869120783207381509e-01
9.379299879074094459e-01,8.790040571183789231e-01
5.936999917030334473e-01,8.542490844025180108e-01
5.393440127372741699e-01,8.770019313470575062e-01
5.393440127372741699e-01,9.034360209079994597e-01
9.370089769363404431e-01,9.058068019645646451e-01
9.370089769363404431e-01,8.958000535155169475e-01
8.087720274925231934e-01,8.540822387916389147e-01
5.654280185699462891e-01,8.606144364176973038e-01
5.654280185699462891e-01,8.895029693278394545e-01
6.020820140838623047e-01,9.055637315764879514e-01
6.020820140838623047e-01,8.994560405114702117e-01
1.146679997444152832e+00,8.918441246438532088e-01
9.824249744415284313e-01,8.994757835609391572e-01
9.824249744415284313e-01,8.445257157162147088e-01
5.671510100364685059e-01,8.505879428472372661e-01
5.671510100364685059e-01,8.907022362428830276e-01
7.866399884223937988e-01,9.152685841724373939e-01
7.388439774513244629e-01,8.945751828483978763e-01
7.388439774513244629e-01,8.719343461974448095e-01
6.810299754142761230e-01,8.753801743303715188e-01
6.810299754142761230e-01,8.793501928328136819e-01
7.086979746818542480e-01,8.845249321764840911e-01
6.642330288887023926e-01,8.818846454091849862e-01
6.642330288887023926e-01,8.809786333649333168e-01
5.124790072441101074e-01,8.838620370833493167e-01
5.124790072441101074e-01,8.965483628086970969e-01
6.040380001068115234e-01,9.120035082405663074e-01
6.728799939155578613e-01,9.065666081748311456e-01
6.728799939155578613e-01,8.910838527373503570e-01
8.265414834022521973e-01,8.836149509049670003e-01
8.265414834022521973e-01,8.788960806433281370e-01
4.546860158443450928e-01,8.652433465346521801e-01
5.594509840011596680e-01,8.969137746526228971e-01
5.594509840011596680e-01,9.186302751019539414e-01
1.332218050956726074e-01,9.071862417315892380e-01
1.332218050956726074e-01,9.611920140637876253e-01
1.633069962263107300e-01,9.797060396055928821e-01
1.797860413789749146e-01,9.706460821684801399e-01
1.797860413789749146e-01,9.564674781819665350e-01
5.747918486595153809e-01,9.529051490411755143e-01
5.747918486595153809e-01,9.500745707872692014e-01
8.508148789405822754e-01,8.936687724884522233e-01
8.527640104293823242e-01,8.869775386077957124e-01
8.527640104293823242e-01,8.620928118035738885e-01
1.687628030776977539e+00,8.618276094669927723e-01
1.687628030776977539e+00,9.158938879186228066e-01
2.149522066116333008e+00,9.182572184744381971e-01
8.122850060462951660e-01,1.082146496283149739e+00
8.122850060462951660e-01,1.079118546185821259e+00
1.239639997482299805e+00,9.544366959373394854e-01
1.239639997482299805e+00,9.356834764307112584e-01
2.128437280654907227e+00,8.801282735058820750e-01
2.139239072799682617e+00,1.038029413169415660e+00
2.139239072799682617e+00,1.199310112524320848e+00
9.779880046844482422e-01,1.277857115838568980e+00
9.779880046844482422e-01,1.161145348701499103e+00
6.937779784202575684e-01,1.007704089132722469e+00
7.218790054321289062e-01,9.941671114565651113e-01
7.218790054321289062e-01,9.439012895476497356e-01
7.631160020828247070e-01,8.909855656426255432e-01
7.631160020828247070e-01,8.847343173833375207e-01
8.565329909324645996e-01,8.723662513766532456e-01
1.109338045120239258e+00,8.685475726522783324e-01
1.109338045120239258e+00,8.618943195591889372e-01
6.476340293884277344e-01,8.422659192457169208e-01
6.476340293884277344e-01,8.716091719370570035e-01
9.241870045661926270e-01,8.944848864894969775e-01
7.877320051193237305e-01,8.829059905574362377e-01
7.877320051193237305e-01,8.637032680795664330e-01
1.305567026138305664e+00,8.741869510442233926e-01
1.305567026138305664e+00,8.758657600527822717e-01
9.107710123062134899e-01,8.409541925779078220e-01
8.699640035629272461e-01,8.480161297856082525e-01
8.699640035629272461e-01,8.635830408806818292e-01
5.743020176887512207e-01,8.669736231160893869e-01
5.743020176887512207e-01,8.961922988113765198e-01
8.599532246589660645e-01,9.049754921413384334e-01
4.775849878787993830e-01,8.874283963574064460e-01
4.775849878787993830e-01,8.907425520474946401e-01
1.108017444610595703e+00,9.223238718822772686e-01
1.108017444610595703e+00,9.065637681420571914e-01
1.290724992752075195e+00,8.451513453451660052e-01
8.591579794883728027e-01,8.850150323661531981e-01
8.591579794883728027e-01,8.741729470470888108e-01
3.058980107307434082e-01,8.837053373206263940e-01
3.058980107307434082e-01,9.590196296318406199e-01
9.039019942283629261e-01,9.772607777274536778e-01
6.352750062942504883e-01,9.307786215975520916e-01
6.352750062942504883e-01,8.741681765583616537e-01
1.023422956466674805e+00,8.888362455437753828e-01
1.023422956466674805e+00,8.811596864448163480e-01
6.730669736862182617e-01,8.494276995545446685e-01
8.504790067672729492e-01,8.674299507836296108e-01
8.504790067672729492e-01,8.800257020489604676e-01
5.141969919204711914e-01,8.633264850285108372e-01
5.141969919204711914e-01,8.913687088225639155e-01
1.527956604957580566e+00,9.137191499762613578e-01
4.094385623931884766e+00,9.388063365443535258e-01
4.094385623931884766e+00,1.933018455428907822e+00
9.952359795570373535e-01,2.280731685764163963e+00
9.952359795570373535e-01,2.082824238387419147e+00
8.670449852943420410e-01,1.845889618466987070e+00
1.141056060791015625e+00,1.813538216622956556e+00
1.148532986640930176e+00,1.694845610035771166e+00
1.622257947921753152e+00,1.599977811351864787e+00
1.622257947921753152e+00,1.370921683423263815e+00
1.989787936210632102e+00,1.047110766433563711e+00
1.375547051429748313e+00,1.067367854670388638e+00
1.375547051429748313e+00,9.864269058028752868e-01
1.851865053176879883e+00,8.558931569486263324e-01
1.851865053176879883e+00,1.023054098553665137e+00
1.420923948287964089e+00,1.113898259346678410e+00
1.589177966117858887e+00,1.043871676194339626e+00
1.589177966117858887e+00,9.589941943744796360e-01
1.673199415206909180e+00,9.531780817157184948e-01
1.673199415206909180e+00,9.511475125111455986e-01
2.123934030532836914e+00,9.463114077481836750e-01
1.648401975631714089e+00,1.231167258477304793e+00
1.648401975631714089e+00,1.336690140781131131e+00
1.204741954803466797e+00,1.275012764791286335e+00
1.204741954803466797e+00,1.186741106071491858e+00
7.920839786529541016e-01,1.085471909132976975e+00
1.227027416229248047e+00,1.012514744537160505e+00
1.227027416229248047e+00,8.910376495615197623e-01
1.226951003074645996e+00,8.412901478740857364e-01
1.226951003074645996e+00,8.404608360524851163e-01
1.131343960762024148e+00,8.356390409139548003e-01
1.252465009689331055e+00,8.365478701295097075e-01
1.252465009689331055e+00,8.414394115013309472e-01
1.116891980171203613e+00,8.413112383253301685e-01
1.116891980171203613e+00,8.388966397202395342e-01
1.122387051582336426e+00,8.396621182718438936e-01
1.040153026580810325e+00,8.398965569133142184e-01
1.040153026580810325e+00,8.416887654040580147e-01
8.091310262680053711e-01,8.448666366427169949e-01
8.091310262680053711e-01,8.573550757731712713e-01
7.681059837341308594e-01,8.718150403262824311e-01
7.982919812202453613e-01,8.735006571813841436e-01
7.982919812202453613e-01,8.721709674708929549e-01
7.666722536087036133e-01,8.679181351910085773e-01
7.666722536087036133e-01,8.700404338958207529e-01
1.057360053062439187e+00,8.726734416762846891e-01
8.607699871063232422e-01,8.681892777461678312e-01
8.607699871063232422e-01,8.526462407885602168e-01
1.070777058601379395e+00,8.622578501663761275e-01
1.070777058601379395e+00,8.572759005536618737e-01
5.301510095596313477e-01,8.457895285830641097e-01
6.604189872741699219e-01,8.842410721876828861e-01
6.604189872741699219e-01,9.014988118907641956e-01
9.909179806709291771e-01,8.877992444133663286e-01
9.909179806709291771e-01,8.808063223685465015e-01
3.561530113220214844e-01,8.493147750146868846e-01
9.618239998817443848e-01,9.118840239273997561e-01
9.618239998817443848e-01,9.233285588144650724e-01
1.244829058647155762e+00,8.521297573839021755e-01
1.244829058647155762e+00,8.551028622792594680e-01
8.381230235099792480e-01,8.449451182968892304e-01
9.245989918708800159e-01,8.533181878562752232e-01
9.245989918708800159e-01,8.637309331335581986e-01
8.131660223007202148e-01,8.559072691566416147e-01
8.131660223007202148e-01,8.628061933708149889e-01
1.003061056137084961e+00,8.672448939768924170e-01
8.752340078353881836e-01,8.630613606387811387e-01
8.752340078353881836e-01,8.536250390489255047e-01
7.991399765014648438e-01,8.605224752464234461e-01
7.991399765014648438e-01,8.643854363314705802e-01
8.812961578369140625e-01,8.684818394543032394e-01
1.063080191612243652e+00,8.646743308800077799e-01
1.063080191612243652e+00,8.576533377199161423e-01
9.057049751281739391e-01,8.476234532401731858e-01
9.057049751281739391e-01,8.512498119230336169e-01
6.909559965133666992e-01,8.577298021149037943e-01
1.355970025062561035e+00,8.725746665969853488e-01
1.355970025062561035e+00,8.927764128180877279e-01
7.572399973869323730e-01,8.489933760111856298e-01
7.572399973869323730e-01,8.648957304761258902e-01
2.043754577636718750e+00,8.818869820705134144e-01
8.576130270957946777e-01,1.013435442815256549e+00
8.576130270957946777e-01,9.970009879634659233e-01
2.364957094192504883e+00,9.427411365644354779e-01
2.364957094192504883e+00,1.170088112913894030e+00
4.179231166839600498e+00,1.268017596118244938e+00
2.233561992645264116e+00,1.805808232919440037e+00
2.233561992645264116e+00,1.781652283303110540e+00
8.013390302658081055e-01,1.348335228462254287e+00
8.013390302658081055e-01,1.221464673372270493e+00
8.372840285301208496e-01,1.053614063968280057e+00
8.851529955863952637e-01,9.937635112008845750e-01
8.851529955863952637e-01,9.246281350586555980e-01
9.040349721908567115e-01,8.593047324883213989e-01
9.040349721908567115e-01,8.596422206520233367e-01
1.302939534187317117e+00,8.571644044559980635e-01
7.228699922561645508e-01,8.667479235930820591e-01
7.228699922561645508e-01,8.659414510315754931e-01
8.009120225906372070e-01,8.889811955380266806e-01
8.009120225906372070e-01,8.836663200175216559e-01
1.032919287681579590e+00,8.756354388460058091e-01
1.321628212928771973e+00,8.636971326067215404e-01
1.321628212928771973e+00,8.545062164143393257e-01
9.367759823799133301e-01,8.418201333487229654e-01
9.367759823799133301e-01,8.466462082487284935e-01
7.007700204849243164e-01,8.565901361493546418e-01
7.624319791793823242e-01,8.775285434611920232e-01
7.624319791793823242e-01,8.909429423991938046e-01
1.144938945770263672e+00,8.799896143991964292e-01
1.144938945770263672e+00,8.676450200634322485e-01
7.721610069274902344e-01,8.455291111166375329e-01
8.772150278091430664e-01,8.576923508174711941e-01
8.772150278091430664e-01,8.694985266169625859e-01
1.243505001068115234e+00,8.604696658235907458e-01
1.254974961280822754e+00,8.604480927773702215e-01
6.381840109825134277e-01,8.436912429649831013e-01
7.468199729919433594e-01,8.813311363340210480e-01
7.468199729919433594e-01,9.205346596088046507e-01
6.839929819107055664e-01,9.057667491007764804e-01
6.839929819107055664e-01,9.048062371577203500e-01
1.419505119323730469e+00,8.986408269422584416e-01
6.141470074653625488e-01,8.947391969490077201e-01
6.141470074653625488e-01,8.866166683478279298e-01
7.347676753997802734e-01,9.202441346763142738e-01
7.347676753997802734e-01,9.126986862259672817e-01
6.770560145378112793e-01,8.987853923890638530e-01
1.074026942253112793e+00,8.990997833063418820e-01
1.074026942253112793e+00,8.775224807825311446e-01
6.156389713287353516e-01,8.441194565873617606e-01
6.156389713287353516e-01,8.750355136135610223e-01
9.692379832267760120e-01,8.987744307849444558e-01
9.916120171546937145e-01,8.829491068614798710e-01
9.916120171546937145e-01,8.512092345527927373e-01
8.089560270309448242e-01,8.498813344767872646e-01
8.089560270309448242e-01,8.579475638324094433e-01
2.435143947601318359e+00,8.673845965415780679e-01
8.223479986190795898e-01,1.231989281380177381e+00
8.223479986190795898e-01,1.232491164094049241e+00
5.938220024108886719e-01,1.076486313781079174e+00
5.938220024108886719e-01,1.050482158168510205e+00
5.762249827384948730e-01,1.023098142787925324e+00
4.224239885807036798e-01,1.001285942540165452e+00
4.224239885807036798e-01,9.928105489685032925e-01
6.765879988670349121e-01,9.175070617775838988e-01
6.765879988670349121e-01,9.085081228021929522e-01
5.520349740982055664e-01,8.812605547361530567e-01
9.015229940414427601e-01,8.910811869665659080e-01
9.015229940414427601e-01,8.906049554505844901e-01
7.489960193634033203e-01,8.573988650561914504e-01
7.489960193634033203e-01,8.661027352958212688e-01
8.627583980560302734e-01,8.778674405471007525e-01
9.480749964714051403e-01,8.726014350870260339e-01
9.480749964714051403e-01,8.647747459683298166e-01
1.055613875389099121e+00,8.555058059420078687e-01
1.055613875389099121e+00,8.505471120413420349e-01
1.970020055770874245e+00,8.431062089167487006e-01
9.391199946403505638e-01,1.021256372484746766e+00
9.391199946403505638e-01,1.030109942021568914e+00
1.009042978286743164e+00,9.390775086957663387e-01
1.009042978286743164e+00,9.224785694846474593e-01
7.824029922485351562e-01,9.022958020552818148e-01
1.016265034675597922e+00,9.146344531832015790e-01
1.016265034675597922e+00,8.658757643429287887e-01
8.782749772071838379e-01,8.482136297270324032e-01
8.782749772071838379e-01,8.528798454162126452e-01
7.353619933128356934e-01,8.603778861547309864e-01
1.109990954399108887e+00,8.690067612790098872e-01
1.109990954399108887e+00,8.716594984894672216e-01
7.727199792861938477e-01,8.431183479546024984e-01
7.727199792861938477e-01,8.590933125619018007e-01
1.164981961250305176e+00,8.725806396443980262e-01
7.157210111618041992e-01,8.679881059062574122e-01
7.157210111618041992e-01,8.630578450732991902e-01
1.475479006767273171e+00,8.880163721454140680e-01
1.475479006767273171e+00,9.091168685501990199e-01
8.354520201683044434e-01,8.612804641221202262e-01
7.344660162925720215e-01,8.689147321948287317e-01
7.344660162925720215e-01,8.855127985662567536e-01
7.861927747726440430e-01,8.897995929546202998e-01
7.861927747726440430e-01,8.828551990804877070e-01
1.143465042114257812e+00,8.697336434882469991e-01
9.246990084648131214e-01,8.759896203718483543e-01
9.246990084648131214e-01,8.468249569570527324e-01
2.958764553070068359e+00,8.565150801779729539e-01
2.958764553070068359e+00,1.303834223990580465e+00
2.138324022293090820e+00,1.483207743209846274e+00
2.038712024688720703e+00,1.466032581404472346e+00
4.077424049377441406e+00,1.442237947286166611e+00
1.480209946632385254e+00,2.803927178798378606e+00
1.480209946632385254e+00,2.718993026009755010e+00
9.367650747299195446e-01,1.222596425797905839e+00
1.715939760208130105e+00,1.081591001810494612e+00
1.715939760208130105e+00,9.415061807158405793e-01
1.001402020454406738e+00,9.630046505543383706e-01
1.001402020454406738e+00,9.173665821451091329e-01
8.896229863166807972e-01,8.762164817466804312e-01
7.492939829826354980e-01,8.797487114206741232e-01
7.492939829826354980e-01,8.870329230409272903e-01
1.115183949470520020e+00,8.796464096230138807e-01
1.115183949470520020e+00,8.686867292918010186e-01
9.457820057868957520e-01,8.435049926554919475e-01
6.452180147171020508e-01,8.504293549766973603e-01
6.452180147171020508e-01,8.860153302976863099e-01
1.164842009544372559e+00,9.115098028211865433e-01
1.164842009544372559e+00,8.855870710586394301e-01
1.244351029396057129e+00,8.406457537076875708e-01
9.045109748840330921e-01,8.419987086881853822e-01
9.045109748840330921e-01,8.479930709080456541e-01
5.575259923934936523e-01,8.586555555307531229e-01
5.575259923934936523e-01,8.894931188740158312e-01
5.778343677520751953e-01,9.167885439567414751e-01
7.199835777282714844e-01,9.142570980165306560e-01
7.199835777282714844e-01,9.061064747949768572e-01
7.607790231704711914e-01,8.908214804180552004e-01
7.607790231704711914e-01,8.887972091755209636e-01
5.404400229454039417e-01,8.850792521592517614e-01
8.009672760963441052e-01,9.053624561467829013e-01
8.009672760963441052e-01,9.023322804855261614e-01
7.710149884223937988e-01,8.718628754051281904e-01
7.710149884223937988e-01,8.795933153345379951e-01
6.709719896316528320e-01,8.850697336854002062e-01
2.768970489501953125e+00,8.931565862628106922e-01
2.768970489501953125e+00,1.331713723422428775e+00
3.086133003234863725e+00,1.478860762461961853e+00
3.086133003234863725e+00,1.771529884052463366e+00
1.116358041763305664e+00,1.974818579808419461e+00
1.018260955810546875e+00,1.787932236023756838e+00
1.024410009384155273e+00,1.532596635109451322e+00
7.442610263824462891e-01,1.516993424955507264e+00
7.442610263824462891e-01,1.386879738341380452e+00
1.114386796951293945e+00,1.228591691165414002e+00
1.380516409873962402e+00,1.093519677591163308e+00
1.380516409873962402e+00,9.268921656794846253e-01
1.229098439216613770e+00,9.466747665104505716e-01
1.229098439216613770e+00,9.574996897089457226e-01
1.573238968849181907e+00,9.725953428851539240e-01
1.245597958564758301e+00,1.052701853585302327e+00
1.245597958564758301e+00,1.070223897701684024e+00
8.298619985580444336e-01,1.038524798963686768e+00
8.298619985580444336e-01,1.018014704422338212e+00
5.376980304718017578e-01,1.003132102524693536e+00
8.593800067901611328e-01,9.931708284969814615e-01
8.593800067901611328e-01,9.146974024208847087e-01
7.949647903442382812e-01,8.646598029027936505e-01
7.949647903442382812e-01,8.681859422241842150e-01
8.122889995574951172e-01,8.721800666241575906e-01
1.209460973739624023e+00,8.784976757935194502e-01
1.209460973739624023e+00,8.661444536682513240e-01
1.043611049652099609e+00,8.358955528661369261e-01
1.043611049652099609e+00,8.388362341931198118e-01
9.914460182189940296e-01,8.439674340964724575e-01
1.377645969390869141e+00,8.460179155109063265e-01
1.377645969390869141e+00,8.567536932669358452e-01
7.495359778404235840e-01,8.472293215500914521e-01
7.495359778404235840e-01,8.685636082628465093e-01
7.549669742584228516e-01,8.876278952938653211e-01
8.522210121154785156e-01,8.849949481555330344e-01
8.522210121154785156e-01,8.737139015357321403e-01
1.312628030776977539e+00,8.633984391893345656e-01
1.312628030776977539e+00,8.710242951490476671e-01
9.499999880790709339e-01,8.413318557668610920e-01
8.433979749679565430e-01,8.451630153413433044e-01
8.433979749679565430e-01,8.638909673855672544e-01
6.329939961433410645e-01,8.694197733477948553e-01
6.329939961433410645e-01,8.869005632488595747e-01
6.848490238189697266e-01,8.975067744417685178e-01
8.296039700508117676e-01,8.946478862164359835e-01
8.296039700508117676e-01,8.798206871179214961e-01
1.117776036262512207e+00,8.659425263983314691e-01
1.117776036262512207e+00,8.784039405307222381e-01
1.060515046119689941e+00,8.365771551191245603e-01
9.966710209846496582e-01,8.431972786154424693e-01
9.966710209846496582e-01,8.534647855317287757e-01
6.726049780845642090e-01,8.532937184713945689e-01
6.726049780845642090e-01,8.930569926543174830e-01
8.499810099601745605e-01,8.879431645615465385e-01
7.929700016975402832e-01,8.821616801547724762e-01
7.929700016975402832e-01,8.678939750737808545e-01
7.509549856185913086e-01,8.721057577614503842e-01
7.509549856185913086e-01,8.740455762258358963e-01
9.556260704994201660e-01,8.764148933582319723e-01
6.085839867591857910e-01,8.675358986800965067e-01
6.085839867591857910e-01,8.747657692306882726e-01
7.782499790191650391e-01,8.970603194028484717e-01
7.782499790191650391e-01,8.890487359500868214e-01
5.098140239715576172e-01,8.723861081699635367e-01
6.364319920539855957e-01,8.949520839796412108e-01
6.364319920539855957e-01,9.076984430985113317e-01
6.015599966049194336e-01,8.936652971027373438e-01
6.015599966049194336e-01,8.945969499223496157e-01
6.556333899497985840e-01,8.955548421388349611e-01
6.385549902915954590e-01,8.935713297253693455e-01
6.385549902915954590e-01,8.935832668007956947e-01
8.762890100479125977e-01,8.971460512548343758e-01
8.762890100479125977e-01,8.869305364060975361e-01
7.967479825019836426e-01,8.620326372766662359e-01
6.824830174446105957e-01,8.671440284597722314e-01
6.824830174446105957e-01,8.821108836223030547e-01
8.025500178337097168e-01,8.915517466188007667e-01
8.025500178337097168e-01,8.817718842645172472e-01
7.950311899185180664e-01,8.693779601383694322e-01
1.584897041320800781e+00,8.703225713825474275e-01
1.584897041320800781e+00,9.330472444169357615e-01
1.017485976219177246e+00,9.017747597421248429e-01
1.017485976219177246e+00,8.731044963927923064e-01
9.177780151367187500e-01,8.536496183181971897e-01
1.230221033096313699e+00,8.607778089625439666e-01
1.230221033096313699e+00,8.616300633527069763e-01
1.027899026870727539e+00,8.283707175315170312e-01
1.027899026870727539e+00,8.397035861030273107e-01
9.125559926033020020e-01,8.484601088477360387e-01
7.935979962348937988e-01,8.568755253368309788e-01
7.935979962348937988e-01,8.717683553396375906e-01
1.030437946319579856e+00,8.811602149754322877e-01
1.030437946319579856e+00,8.674517170719909798e-01
5.325379967689514160e-01,8.451521847136803656e-01
6.127780079841613770e-01,8.927430529622739641e-01
6.127780079841613770e-01,9.158965157310765548e-01
8.741289973258972168e-01,9.037658898556003573e-01
8.741289973258972168e-01,8.859797279464894926e-01
3.667230010032653809e-01,8.602582654621225844e-01
7.391750216484069824e-01,9.088184642433312366e-01
7.391750216484069824e-01,9.239977776333543336e-01
5.604230165481567383e-01,8.777818801599568399e-01
5.604230165481567383e-01,8.918548137298376588e-01
7.758178114891052246e-01,9.072417024208069281e-01
8.102909922599792480e-01,8.942767970037903691e-01
8.102909922599792480e-01,8.753120042176498750e-01
6.437510251998901367e-01,8.724138530674692138e-01
6.437510251998901367e-01,8.863380152047544147e-01
7.236457467079162598e-01,9.018302973284687551e-01
9.113870263099670410e-01,8.964376607733308688e-01
9.113870263099670410e-01,8.860036595155899031e-01
6.627830266952514648e-01,8.645112174925193571e-01
6.627830266952514648e-01,8.916843844757427195e-01
1.002035975456237793e+00,9.199621231823875700e-01
8.224419951438903809e-01,9.042663290555992273e-01
8.224419951438903809e-01,8.922429000100650098e-01
1.030576944351196289e+00,9.304722670163203535e-01
1.030576944351196289e+00,9.004677104394400722e-01
6.781139969825744629e-01,8.590494152561122254e-01
5.333459973335266113e-01,9.007514228280887325e-01
5.333459973335266113e-01,9.302705604802629091e-01
3.209959864616394043e-01,9.124249193053525220e-01
3.209959864616394043e-01,9.337222430046274724e-01
7.608630061149597168e-01,9.546234697586100104e-01
7.439860105514526367e-01,9.299200107845451146e-01
7.439860105514526367e-01,8.751093096884066114e-01
5.468400120735168457e-01,8.765557079484793679e-01
5.468400120735168457e-01,8.917541493791002472e-01
7.004669904708862305e-01,9.070557548258126879e-01
8.356525897979736328e-01,8.966458578141008884e-01
8.356525897979736328e-01,8.760950264989340042e-01
1.274258971214294434e+00,8.644425400646744695e-01
2.548517942428588867e+00,9.046579964715644184e-01
8.934450149536132812e-01,1.777138074204899443e+00
6.211659908294677734e-01,1.744920981044212116e+00
6.211659908294677734e-01,9.230249228004209217e-01
7.900159955024719238e-01,9.356419972488546621e-01
7.900159955024719238e-01,9.093580191189410966e-01
1.067494988441467285e+00,8.792827814685909571e-01
6.698009967803955078e-01,8.785893558311154150e-01
6.698009967803955078e-01,8.871024368626208023e-01
1.265694975852966309e+00,9.180313869431363516e-01
1.265694975852966309e+00,8.984981736852210021e-01
6.380620002746582031e-01,8.314959444167009384e-01
9.348030090332032360e-01,8.882048845546293148e-01
9.348030090332032360e-01,8.937689829410817577e-01
8.006410002708435059e-01,8.578964374285071859e-01
8.006410002708435059e-01,8.680619582504186527e-01
1.085708975791931152e+00,8.715978011200551379e-01
3.527039885520935059e-01,8.704472681043489146e-01
3.527039885520935059e-01,9.271535150366052580e-01
5.883709788322448730e-01,9.636781177402101717e-01
5.883709788322448730e-01,9.436371952199633650e-01
4.875420033931731623e-01,9.116731596181214536e-01
4.636880159378051758e-01,9.172231528532077682e-01
4.636880159378051758e-01,9.154502341262839016e-01
3.637039959430695135e-01,9.186172847784166429e-01
3.637039959430695135e-01,9.262546789279659798e-01
8.750243186950683594e-01,9.341334537226744228e-01
6.435279846191406250e-01,9.163105637703803374e-01
6.435279846191406250e-01,8.808410551885554884e-01
4.834130108356475830e-01,9.037489532343783161e-01
4.834130108356475830e-01,9.171518919963296268e-01
2.120890021324157437e-01,9.282923231641996287e-01
4.560469985008239746e-01,9.576844040372211042e-01
4.560469985008239746e-01,9.522380287761641471e-01
4.367910027503966730e-01,9.186221363510224114e-01
4.367910027503966730e-01,9.195358384297130927e-01
7.238804101943969727e-01,9.209144370147136494e-01
5.560690164566040039e-01,9.095654793529708293e-01
5.560690164566040039e-01,8.937683117202219751e-01
4.748429954051970880e-01,9.132011745716458462e-01
4.748429954051970880e-01,9.188761544105736867e-01
2.674640119075775146e-01,9.249693892404218243e-01
9.588437080383298561e-01,9.447758220778780247e-01
9.588437080383298561e-01,9.469984216216935646e-01
7.868980169296264648e-01,8.524250313870415097e-01
7.868980169296264648e-01,8.622621498929678996e-01
1.794360995292663352e+00,8.754518773045473212e-01
1.337677955627441406e+00,9.528836915480333181e-01
1.337677955627441406e+00,9.050436242992941915e-01
1.210453987121582031e+00,8.355863947919848211e-01
1.210453987121582031e+00,8.318985718313096633e-01
5.654799938201904297e-01,8.297852337747408935e-01
4.008429944515228271e-01,9.030865145645520231e-01
4.008429944515228271e-01,9.404729210369882075e-01
2.727654874324798584e-01,9.315008525921207871e-01
2.727654874324798584e-01,9.411647768559487925e-01
5.836449861526489258e-01,9.432230519041856498e-01
8.533802628517150879e-01,9.368814857814791175e-01
8.533802628517150879e-01,8.858963354496769416e-01
8.660610318183898926e-01,8.617811723295575321e-01
8.660610318183898926e-01,8.617537689487576591e-01
1.158349990844726562e+00,8.607023702467846427e-01
7.764859795570373535e-01,8.620923077590306738e-01
7.764859795570373535e-01,8.575951729697177672e-01
1.068807005882263184e+00,8.761213520788180276e-01
1.068807005882263184e+00,8.654133256222634740e-01
5.888479948043823242e-01,8.444822088922986358e-01
1.588868498802185059e+00,8.776927973424719642e-01
1.588868498802185059e+00,9.744066899804911808e-01
4.327859878540039062e-01,9.106599776670551982e-01
4.327859878540039062e-01,9.773996050625070042e-01
3.996030092239379883e-01,1.031525003636315940e+00
5.545350313186645508e-01,1.033323565332289640e+00
5.545350313186645508e-01,9.992916552742518999e-01
6.221979856491088867e-01,9.586667703099972515e-01
6.221979856491088867e-01,9.375561810203083546e-01
1.149551987648010476e+00,8.915330008013018226e-01
1.121260046958923118e+00,8.958275358189051740e-01
1.121260046958923118e+00,8.401012994432111025e-01
9.776459932327271618e-01,8.409306145909617447e-01
9.776459932327271618e-01,8.457064648113817862e-01
1.732741951942443848e+00,8.505156649354717047e-01
2.302707910537720171e+00,9.207951512051186782e-01
2.302707910537720171e+00,1.083928488078502061e+00
1.053477048873901367e+00,1.181532132066609009e+00
1.053477048873901367e+00,1.053611835259702145e+00
7.962800264358520508e-01,8.633905400990210532e-01
5.203329920768737793e-01,8.904944546675349626e-01
5.203329920768737793e-01,9.303320779681589769e-01
6.104800105094909668e-01,9.365563573023838462e-01
6.104800105094909668e-01,9.193574830706181533e-01
4.453057944774627686e-01,8.905932187222873608e-01
6.522138714790344238e-01,9.030117532154763316e-01
6.522138714790344238e-01,9.085167560808309339e-01
1.175541162490844727e+00,8.862881956037592657e-01
1.175541162490844727e+00,9.018228251083287850e-01
1.032202124595642090e+00,8.359987874947195641e-01
7.193930149078369141e-01,8.404164631559839505e-01
7.193930149078369141e-01,8.801932684129444295e-01
8.200139999389648438e-01,9.101018633310151706e-01
8.200139999389648438e-01,8.975866755704503541e-01
9.497330188751219593e-01,8.824224717108718474e-01
1.039114952087402344e+00,8.769089759658956762e-01
1.039114952087402344e+00,8.555058773436922115e-01
5.883830189704895020e-01,8.457846735229960222e-01
5.883830189704895020e-01,8.956418212028890435e-01
9.508559703826903187e-01,9.157727165225181265e-01
5.277600288391113281e-01,8.913060216443452477e-01
5.277600288391113281e-01,8.887612056238295422e-01
7.736063003540039062e-01,9.185220753511287306e-01
7.736063003540039062e-01,8.999033272562944052e-01
9.703559875488279030e-01,8.727215653084070546e-01
1.383889913558959961e+00,8.718402760252649264e-01
1.383889913558959961e+00,8.591801387505683119e-01
7.795230150222778320e-01,8.482716148217872565e-01
7.795230150222778320e-01,8.749715893347964624e-01
6.069999933242797852e-01,9.157550951213216939e-01
4.660570025444030762e-01,9.397464632136051099e-01
4.660570025444030762e-01,9.685941193331777388e-01
9.455270171165466309e-01,9.668238424584852941e-01
9.455270171165466309e-01,9.171400308607483565e-01
6.238729953765869141e-01,8.533131627175443157e-01
3.923240005970001221e-01,8.789964206228402244e-01
3.923240005970001221e-01,9.138868592879619834e-01
5.156549811363220215e-01,9.382000692824379318e-01
5.156549811363220215e-01,9.247893336706372036e-01
9.679385423660278320e-01,9.085661343641252552e-01
1.356565952301025391e+00,8.924918562029707791e-01
1.356565952301025391e+00,8.822661172597600077e-01
9.072690010070799671e-01,8.425657323228336049e-01
9.072690010070799671e-01,8.519645828160412604e-01
8.162760138511657715e-01,8.604483886644127555e-01
2.479866981506348100e+00,8.660424428791885232e-01
2.479866981506348100e+00,1.165835051511688203e+00
1.133080005645751953e+00,1.280883476293024126e+00
1.133080005645751953e+00,1.173929085228738955e+00
1.045583963394165039e+00,1.036457043733285843e+00
8.474370241165161133e-01,1.012973738189561379e+00
8.474370241165161133e-01,9.589096452465184495e-01
1.536522984504699707e+00,9.263772393751472656e-01
1.536522984504699707e+00,9.230434078844884649e-01
9.008989930152891956e-01,8.948829909708480024e-01
4.812009930610656183e-01,8.856204618531225981e-01
4.812009930610656183e-01,9.370070884043758541e-01
8.572540283203125000e-01,9.668675622651283774e-01
8.572540283203125000e-01,9.218992967676179484e-01
8.617479801177978516e-01,8.657666776399615127e-01
1.008694052696228027e+00,8.650908740725453683e-01
1.008694052696228027e+00,8.586187406058376492e-01
1.127727031707763672e+00,8.472895149533548054e-01
1.127727031707763672e+00,8.458614002508486607e-01
7.795569896697998047e-01,8.416817897933267512e-01
9.895502924919128418e-01,8.576461539999223893e-01
9.895502924919128418e-01,8.654520865540331620e-01
8.363329768180847168e-01,8.495287914365570181e-01
8.363329768180847168e-01,8.574330169804685875e-01
9.099559783935547985e-01,8.685715765436977653e-01
5.511059761047363281e-01,8.638267909899379760e-01
5.511059761047363281e-01,8.888820956428026276e-01
1.239764332771301270e+00,9.074127744753910374e-01
1.239764332771301270e+00,9.034845691898197861e-01
1.211838960647583008e+00,8.450440357294981553e-01
1.379981994628906250e+00,8.447500998846473319e-01
1.379981994628906250e+00,8.421499723106249391e-01
1.148460984230041504e+00,8.441524222691559887e-01
1.148460984230041504e+00,8.374486305441700695e-01
7.663900256156921387e-01,8.336475168928950685e-01
9.660840034484864391e-01,8.753893310950896511e-01
9.660840034484864391e-01,8.787305557546014612e-01
8.156750202178955078e-01,8.520865052358533864e-01
8.156750202178955078e-01,8.635180670875540754e-01
1.142272949218750000e+00,8.673283108818835574e-01
1.299479961395263672e+00,8.647913880676031395e-01
1.299479961395263672e+00,8.455298466796756784e-01
8.583310246467590332e-01,8.387980462096690237e-01
8.583310246467590332e-01,8.539528357045605977e-01
7.149469852447509766e-01,8.666451504421658347e-01
8.764400482177734375e-01,8.770862279646131077e-01
8.764400482177734375e-01,8.752202536732417437e-01
8.305460214614868164e-01,8.596626497045006809e-01
8.305460214614868164e-01,8.630958407578207536e-01
8.535240292549133301e-01,8.658825980186808380e-01
9.092410206794739880e-01,8.646770168755936181e-01
9.092410206794739880e-01,8.603292655748118190e-01
5.202720165252685547e-01,8.566378605343654140e-01
5.202720165252685547e-01,8.866237699974232056e-01
7.411040067672729492e-01,9.099627003257524382e-01
5.853319764137268066e-01,9.004668069345309611e-01
5.853319764137268066e-01,8.884766056826398639e-01
5.047770142555236816e-01,9.011903731567385556e-01
5.047770142555236816e-01,9.063104497675377180e-01
5.519493222236633301e-01,9.116595220399972277e-01
9.697520136833193138e-01,9.060056654115339336e-01
9.697520136833193138e-01,8.960292415016287704e-01
1.116515994071960449e+00,8.514706516729231289e-01
1.116515994071960449e+00,8.513877264133661305e-01
1.049844980239868164e+00,8.412309133291908658e-01
6.342629790306091309e-01,8.419764828862981165e-01
6.342629790306091309e-01,8.748128685658174142e-01
5.644329786300659180e-01,8.991973425499134587e-01
5.644329786300659180e-01,9.030648164048047377e-01
9.184709787368773304e-01,9.068268496055524874e-01
9.593539834022521973e-01,8.876547181639162787e-01
9.593539834022521973e-01,8.578481590053605998e-01
5.984159708023071289e-01,8.519494672384614331e-01
5.984159708023071289e-01,8.794085160155170611e-01
9.383450150489807129e-01,9.027860056389230836e-01
4.542250037193297230e-01,8.865528319376061450e-01
4.542250037193297230e-01,8.957801906478806142e-01
7.079470157623291016e-01,9.275236801874094938e-01
7.079470157623291016e-01,9.101611416466948157e-01
3.876500129699707031e-01,8.812612448010455068e-01
4.484339952468872625e-01,9.117827321363461968e-01
4.484339952468872625e-01,9.221098423512883446e-01
8.405709862709045410e-01,9.153569193015295147e-01
8.405709862709045410e-01,9.045420594875038800e-01
5.337110161781311035e-01,8.629722631412873879e-01
7.211350202560424805e-01,8.842717856446601354e-01
7.211350202560424805e-01,8.955697276735343770e-01
5.215386152267456055e-01,8.769574267623583275e-01
5.215386152267456055e-01,8.913783805460411269e-01
7.050759792327880859e-01,9.035721566662807680e-01
6.405649781227111816e-01,9.025511869847546720e-01
6.405649781227111816e-01,8.856216588113948740e-01
5.168589949607849121e-01,8.888164582221650400e-01
5.168589949607849121e-01,8.988743765186989476e-01
1.660409450531006081e+00,9.109806236731897711e-01
2.465307950973510742e+00,9.651808584315472173e-01
2.465307950973510742e+00,1.136988691709287735e+00
1.622156023979186790e+00,1.271596732831093313e+00
1.622156023979186790e+00,1.145085991616065391e+00
1.866270065307616743e+00,9.777375406734645225e-01
3.623536109924316850e+00,1.018469045055485633e+00
3.623536109924316850e+00,1.592469946522146129e+00
7.948709726333618164e-01,1.859240201589989150e+00
7.948709726333618164e-01,1.631673860738052317e+00
9.065989851951599121e-01,1.302848763170348922e+00
8.571879863739013672e-01,1.305643622106066326e+00
8.571879863739013672e-01,1.262135293697126404e+00
7.756379842758178711e-01,1.218026642924412428e+00
7.756379842758178711e-01,1.083062359953821163e+00
7.006700038909912109e-01,9.099103956060362597e-01
6.443409919738770641e-01,9.091190397385919830e-01
6.443409919738770641e-01,8.906626714582498439e-01
7.579550147056579590e-01,8.932198175575620791e-01
7.579550147056579590e-01,8.839989228473545957e-01
5.499600172042846680e-01,8.725763643827177951e-01
4.964669942855835516e-01,8.874426140638499438e-01
4.964669942855835516e-01,9.082397117279851217e-01
1.367677569389343262e+00,9.144674952890023967e-01
1.367677569389343262e+00,9.262564942872710816e-01
1.397894024848937988e+00,8.539128912324075449e-01
8.148130178451538086e-01,9.765948136501430010e-01
8.148130178451538086e-01,1.063852969576090324e+00
1.278898954391479492e+00,1.086584207748310327e+00
1.278898954391479492e+00,1.125274229978643126e+00
8.623980283737182617e-01,1.144297238210240986e+00
1.093865990638732910e+00,1.042926975441367254e+00
1.093865990638732910e+00,8.881308011300864669e-01
8.134710192680358887e-01,8.413155450724933981e-01
8.134710192680358887e-01,8.556861342550391436e-01
1.466687083244323508e+00,8.720991962809683251e-01
9.060310125350952148e-01,8.909442005603671610e-01
9.060310125350952148e-01,8.785400356081328743e-01
7.652140259742736816e-01,9.124177552668480962e-01
7.652140259742736816e-01,9.244778657350211093e-01
1.311033964157104492e+00,9.359791071771388360e-01
7.892500162124633789e-01,9.056143746419436091e-01
7.892500162124633789e-01,8.792289040253715715e-01
1.474902033805847168e+00,8.858792716064523010e-01
1.474902033805847168e+00,8.961026277720794964e-01
9.167850017547608532e-01,8.619271314572353182e-01
1.186140060424804910e+00,8.642044294916237934e-01
1.186140060424804910e+00,8.623214438409316784e-01
1.411391973495483398e+00,8.300875310205534374e-01
1.411391973495483398e+00,8.474061269102893812e-01
2.092472076416016069e+00,8.501173173863995070e-01
7.189220190048217773e-01,1.003530143202096658e+00
7.189220190048217773e-01,1.011949344615039825e+00
1.301861047744750977e+00,9.145614396498319421e-01
1.301861047744750977e+00,9.045274814090714655e-01
1.268974781036376953e+00,8.303501771639426599e-01
1.221997022628784180e+00,8.419542422243176949e-01
1.221997022628784180e+00,8.382820261510872673e-01
9.061110019683839001e-01,8.273178498264555092e-01
9.061110019683839001e-01,8.570113149667126784e-01
1.078873991966247559e+00,8.763980847897947513e-01
1.028025031089782715e+00,8.614120008257859507e-01
1.028025031089782715e+00,8.493017865659051591e-01
7.863690257072448730e-01,8.457696664922705887e-01
7.863690257072448730e-01,8.597160770756396841e-01
1.276852965354919434e+00,8.752954766351671578e-01
7.093420028686523438e-01,8.714432313605399161e-01
7.093420028686523438e-01,8.677785327221956280e-01
5.201929807662963867e-01,8.872418172574055850e-01
5.201929807662963867e-01,9.027897976870628005e-01
5.645610094070434570e-01,9.133899770931956930e-01
9.855200052261353649e-01,9.071157351835862359e-01
9.855200052261353649e-01,8.877289232005930453e-01
1.092841982841491699e+00,8.524868160658577443e-01
1.092841982841491699e+00,8.588377423741704320e-01
4.786899983882904608e-01,8.404315320839955694e-01
3.955059945583344061e-01,8.991110846907172105e-01
3.955059945583344061e-01,9.467598293090103700e-01
1.850703001022338645e+00,9.528786129210674583e-01
1.850703001022338645e+00,1.052252189448865005e+00
1.195796012878417969e+00,9.963081877883620541e-01
1.702510833740234375e+00,9.431225632506009537e-01
1.702510833740234375e+00,9.471034018489955519e-01
2.998351097106933594e+00,9.851312130750567997e-01
2.998351097106933594e+00,1.372143496099227367e+00
2.407080888748168945e+00,1.569892076221110822e+00
2.585943937301636186e+00,1.478915336037295303e+00
2.585943937301636186e+00,1.426764783586058183e+00
2.233839035034180132e+00,1.458886913316728595e+00
2.233839035034180132e+00,1.421087530121401654e+00
1.655773043632507102e+00,1.387837398038832104e+00
1.430611014366149902e+00,1.298439960533477988e+00
1.430611014366149902e+00,1.126083032878174128e+00
8.921740055084228516e-01,1.038558012073528714e+00
8.921740055084228516e-01,9.673377296784981816e-01
1.231696963310241699e+00,8.668552431667845282e-01
8.955079913139342151e-01,8.571162079261362976e-01
8.955079913139342151e-01,8.486567765033227184e-01
1.602033019065856934e+00,8.615386827561331007e-01
1.602033019065856934e+00,9.123194633137647891e-01
1.585399031639099121e+00,9.079860502251655419e-01
1.232059955596923828e+00,9.132555812420786179e-01
1.232059955596923828e+00,8.752311788616932153e-01
1.210371017456054910e+00,8.265638197557217959e-01
1.210371017456054910e+00,8.356873329764993308e-01
1.242141008377075195e+00,8.320458702921096350e-01
9.857040047645568848e-01,8.327264247175426570e-01
9.857040047645568848e-01,8.416482648504325370e-01
7.289689779281616211e-01,8.512730682649728431e-01
7.289689779281616211e-01,8.733858546045398796e-01
6.761519908905029297e-01,8.858094246728568377e-01
1.071573019027709961e+00,8.893490851848324663e-01
1.071573019027709961e+00,8.834438502683332750e-01
9.457439780235290527e-01,8.416078273476015337e-01
9.457439780235290527e-01,8.475660953977242063e-01
4.376370012760161243e-01,8.564445273191565455e-01
5.141820311546325684e-01,9.143040808425644261e-01
5.141820311546325684e-01,9.450726414881934767e-01
3.387190103530883789e-01,9.347086577557349729e-01
3.387190103530883789e-01,9.488013918691914350e-01
7.144280076026916504e-01,9.488820652643022990e-01
4.996199905872345526e-01,9.319142019419889289e-01
4.996199905872345526e-01,9.047683229122022164e-01
7.917379736900329590e-01,9.298088352087058306e-01
7.917379736900329590e-01,9.090323540684881465e-01
8.646243214607238770e-01,8.737939041089346492e-01
6.024960279464721680e-01,8.683659120519785501e-01
6.024960279464721680e-01,8.804313310999810627e-01
1.260069966316223145e+00,9.040466493864228736e-01
1.260069966316223145e+00,9.037602708389349537e-01
1.012339949607849121e+00,8.374411834923021214e-01
1.004528999328613281e+00,8.397395000868904669e-01
1.004528999328613281e+00,8.483302969168307062e-01
6.310235261917114258e-01,8.477875885916232868e-01
6.310235261917114258e-01,8.805887372768932408e-01
1.141221046447754128e+00,8.994624328195764962e-01
5.426099896430969238e-01,9.096063615833996918e-01
5.426099896430969238e-01,9.044594990441736648e-01
8.547459840774536133e-01,9.412613900014789037e-01
8.547459840774536133e-01,9.147335688932844988e-01
7.744219899177551270e-01,8.719098050119157284e-01
3.084340095520019531e-01,8.764758464262805138e-01
3.084340095520019531e-01,9.291061065724143253e-01
8.376209735870361328e-01,9.711380462804596325e-01
8.376209735870361328e-01,9.414313721837319626e-01
7.293469905853271484e-01,8.676569790396984061e-01
7.503905892372131348e-01,8.745154747805524709e-01
7.503905892372131348e-01,8.791105089239528159e-01
1.134822010993957520e+00,8.774389185763639132e-01
1.134822010993957520e+00,8.838481387704411052e-01
1.614240050315856934e+00,8.356775509704003069e-01
1.244793057441711426e+00,8.903358189413067558e-01
1.244793057441711426e+00,8.864732455321999716e-01
7.141630053520202637e-01,8.287741594869304507e-01
7.141630053520202637e-01,9.054630551737520294e-01
7.293040156364440918e-01,9.294852900619979819e-01
6.486989855766296387e-01,9.137573875040924110e-01
6.486989855766296387e-01,8.958124341584343675e-01
3.427990078926086426e-01,9.065190177864629328e-01
3.427990078926086426e-01,9.395239557689439858e-01
3.861860036849976141e-01,9.618741226067095695e-01
6.366299986839294434e-01,9.533790963250849959e-01
6.366299986839294434e-01,9.215764024510799679e-01
3.990480005741119940e-01,8.905766077496937161e-01
3.990480005741119940e-01,9.134006288637477322e-01
4.178859889507293701e-01,9.385758707617821717e-01
1.103790521621704102e+00,9.340905375007403366e-01
1.103790521621704102e+00,9.173735216324460096e-01
6.956189870834350586e-01,8.459168367321598936e-01
6.956189870834350586e-01,8.662522020237695131e-01
8.070139884948729359e-01,8.945499073360111408e-01
5.947690010070800781e-01,8.848990524205242458e-01
5.947690010070800781e-01,8.897168965647914707e-01
1.107607960700988770e+00,9.014157894251281222e-01
1.107607960700988770e+00,8.999751534490156857e-01
9.713580012321471058e-01,8.392764096427756115e-01
7.170349955558776855e-01,8.442126090854736864e-01
7.170349955558776855e-01,8.725821114405003520e-01
6.764810085296630859e-01,8.900955559994858657e-01
6.764810085296630859e-01,8.904915228199995481e-01
1.687772989273071289e+00,8.849446635401089223e-01
9.907569885253906250e-01,9.590494479862476940e-01
9.907569885253906250e-01,8.828607858881976078e-01
8.082039952278137207e-01,8.551213266654091871e-01
8.082039952278137207e-01,8.708816683682261139e-01
1.087718963623046875e+00,8.812648475994911967e-01
1.564818024635314941e+00,8.655615395163543946e-01
1.564818024635314941e+00,8.778608218057141199e-01
6.673809885978698730e-01,8.876560978437809668e-01
6.673809885978698730e-01,9.079275167942083558e-01
1.256489992141723633e+00,9.179949328767890160e-01
1.091886043548584206e+00,9.041072538631409472e-01
1.091886043548584206e+00,8.330849683770008562e-01
7.375509738922119141e-01,8.414784048760859392e-01
7.375509738922119141e-01,8.811107228265507851e-01
6.224380135536193848e-01,8.929815444448924167e-01
8.364729881286621094e-01,9.010081267359323354e-01
8.364729881286621094e-01,8.886503625193072908e-01
5.774260163307189941e-01,8.662810268054352836e-01
5.774260163307189941e-01,8.873243249469455751e-01
1.015761017799377441e+00,9.065874865569801822e-01
1.106158971786499023e+00,8.991636470200853326e-01
1.106158971786499023e+00,8.445411393761724783e-01
6.945540308952331543e-01,8.392700586975623267e-01
6.945540308952331543e-01,8.707017549762047226e-01
1.130903959274291992e+00,8.893204400543628374e-01
9.518219828605650745e-01,8.864472084378364203e-01
9.518219828605650745e-01,8.452696563641616256e-01
7.524570226669311523e-01,8.576339709535816258e-01
7.524570226669311523e-01,8.745524735391941862e-01
5.585229992866516113e-01,8.883662811150889738e-01
1.415836334228515625e+00,9.055538640152333008e-01
1.415836334228515625e+00,9.219191371427249981e-01
1.855298042297363281e+00,8.564418850225290480e-01
1.855298042297363281e+00,1.100541272656152536e+00
7.845479846000671387e-01,1.241904432535555047e+00
8.210539817810058594e-01,1.197589620037763813e+00
8.210539817810058594e-01,1.133932040185640089e+00
5.835890173912048340e-01,1.103947271434634114e+00
1.167178034782409668e+00,1.048201687318997877e+00
8.359720110893249512e-01,1.694293702165828197e+00
2.184663057327270508e+00,1.639004868855295838e+00
2.184663057327270508e+00,1.072410812507764266e+00
6.805480122566223145e-01,1.151354993902233170e+00
6.805480122566223145e-01,1.073247091568412026e+00
1.238904953002929688e+00,9.902927197707495077e-01
1.030328035354614480e+00,9.704029553999603541e-01
1.030328035354614480e+00,9.271978804601751500e-01
7.914109826087951660e-01,9.531059873116414227e-01
7.914109826087951660e-01,9.615153580702671121e-01
8.423720002174377441e-01,9.700620667786246099e-01
4.464710056781768799e-01,9.454889027973508719e-01
4.464710056781768799e-01,9.680987013200407221e-01
5.589337944984436035e-01,9.299814673958056721e-01
5.589337944984436035e-01,9.149929999300077110e-01
7.099329829216003418e-01,8.975307933184527576e-01
7.334340214729309082e-01,8.954809224444827409e-01
7.334340214729309082e-01,8.782053368702814611e-01
7.833399772644042969e-01,8.758621851931719382e-01
7.833399772644042969e-01,8.768441509863471595e-01
8.426809906959533691e-01,8.725377624465738835e-01
1.099761009216308594e+00,8.704653449134617249e-01
1.109205961227416992e+00,8.588037808509085824e-01
8.706315755844116211e-01,8.453704957421015465e-01
8.706315755844116211e-01,8.517893292024913965e-01
5.862460136413574219e-01,8.604214097444284892e-01
8.863990306854248047e-01,8.806723731369746622e-01
1.772798061370849609e+00,8.883431560137410310e-01
1.019399046897888184e+00,1.279722265729662967e+00
1.019399046897888184e+00,1.228527456341871549e+00
8.493610024452209473e-01,8.462209202643252715e-01
1.010666966438293679e+00,8.581052510504038056e-01
1.010666966438293679e+00,8.631020473392926329e-01
1.331516027450561523e+00,8.474604987770150144e-01
1.331516027450561523e+00,8.503751463076327788e-01
1.215008974075317383e+00,8.443089462291228919e-01
1.645591020584106445e+00,8.395406510953364876e-01
1.645591020584106445e+00,8.889406423188708217e-01
9.708780050277709961e-01,9.148914349427661463e-01
9.708780050277709961e-01,8.834284918055184121e-01
1.411272048950195090e+00,8.621622823079295728e-01
7.953929901123046875e-01,8.624259554799915684e-01
7.953929901123046875e-01,8.704448737463915675e-01
1.046331048011779785e+00,8.922430706122440602e-01
1.046331048011779785e+00,8.785818430350255115e-01
8.879339694976806641e-01,8.469537128434075912e-01
8.349300026893615723e-01,8.601007727137525150e-01
8.349300026893615723e-01,8.701781684898979297e-01
9.847199916839598499e-01,8.676409937233268144e-01
9.847199916839598499e-01,8.616474993760481205e-01
1.090394020080566406e+00,8.495503345570605269e-01
4.901649951934815008e-01,8.472580304784919081e-01
4.901649951934815008e-01,8.934575288307122776e-01
6.141669750213623047e-01,9.370628164867830234e-01
6.141669750213623047e-01,9.252192112224245646e-01
6.314740180969238281e-01,9.090863423325723502e-01
8.252440094947814941e-01,9.036119993362221603e-01
8.252440094947814941e-01,8.861228970024856988e-01
1.051450967788696289e+00,8.668899720389190433e-01
1.051450967788696289e+00,8.649064518274448554e-01
1.047114968299865501e+00,8.433744978011772364e-01
3.921430110931397039e-01,8.442816655553738725e-01
3.921430110931397039e-01,9.207525361660418017e-01
4.695149958133698065e-01,9.584169034046623459e-01
4.695149958133698065e-01,9.461497792718576161e-01
7.720900177955627441e-01,9.324042427421024293e-01
7.520099878311157227e-01,9.088157199233748429e-01
7.520099878311157227e-01,8.774784569170286375e-01
6.877393722534179688e-01,8.805394582748193866e-01
6.877393722534179688e-01,8.835638464244180978e-01
6.718119978904724121e-01,8.840484619831431301e-01
1.185933232307434082e+00,8.887037974328401146e-01
1.185933232307434082e+00,8.822277438149976891e-01
6.571980118751525879e-01,8.409481857226874801e-01
6.571980118751525879e-01,8.705255525136942341e-01
8.213180303573608398e-01,8.987050701712874234e-01
7.795739769935607910e-01,8.872093825897756636e-01
7.795739769935607910e-01,8.715001539114263229e-01
1.030122995376587136e+00,8.731518157123341339e-01
1.030122995376587136e+00,8.665958450568258531e-01
6.211889982223510742e-01,8.459341242633076074e-01
8.660820126533508301e-01,8.758003107771376028e-01
8.660820126533508301e-01,8.870955383092030688e-01
9.608931541442871094e-01,8.620409447442385353e-01
9.608931541442871094e-01,8.582217990549971809e-01
6.760399937629699707e-01,8.518800429039082855e-01
7.402380108833312988e-01,8.706302230937831288e-01
7.402380108833312988e-01,8.868929859841934160e-01
5.984709858894348145e-01,8.797426094589640977e-01
5.984709858894348145e-01,8.899307118288368734e-01
6.151059865951538086e-01,8.992478343562153587e-01
9.358735680580139160e-01,8.974051832561487085e-01
9.358735680580139160e-01,8.852762954397790374e-01
5.818247795104979359e-01,8.541588283051085861e-01
5.818247795104979359e-01,8.803024148003703031e-01
7.156659960746765137e-01,9.025606087399533628e-01
6.529520153999328613e-01,8.976732828252635965e-01
6.529520153999328613e-01,8.894095297858931604e-01
9.700022935867309570e-01,8.960269970745801116e-01
9.700022935867309570e-01,8.800585698688455638e-01
7.834500074386596680e-01,8.510989667686057469e-01
7.448130249977111816e-01,8.618445744108196305e-01
7.448130249977111816e-01,8.811231674730688468e-01
8.276180028915405273e-01,8.863504602278745592e-01
8.276180028915405273e-01,8.779725011293354475e-01
8.943400979042053223e-01,8.679387774864792959e-01
2.505017042160034180e+00,8.642872071575382620e-01
2.505017042160034180e+00,1.303256238986392646e+00
1.620712041854858398e+00,1.457120302635820597e+00
1.620712041854858398e+00,1.346062139142339520e+00
1.417585968971252441e+00,1.221914043253497839e+00
1.049872040748596191e+00,1.178820677115709703e+00
1.049872040748596191e+00,1.020760311614349769e+00
1.226507544517517090e+00,8.642232558129542275e-01
1.226507544517517090e+00,8.758450642543370579e-01
1.043179035186767578e+00,8.452626520563091272e-01
9.694439768791199841e-01,8.431262881020095135e-01
9.694439768791199841e-01,8.470900900345561535e-01
8.192250132560729980e-01,8.511097833735437046e-01
8.192250132560729980e-01,8.598302174230231243e-01
8.129550218582153320e-01,8.702290655766423688e-01
6.712080240249633789e-01,8.697575134001146457e-01
6.712080240249633789e-01,8.793229766529735425e-01
5.289899706840515137e-01,8.905759324878960159e-01
5.289899706840515137e-01,9.009292191480984258e-01
3.461930155754088800e-01,9.075633911309790580e-01
4.789490103721618652e-01,9.238429864876480657e-01
4.789490103721618652e-01,9.274863838182576536e-01
1.153810977935791016e+00,9.115154045868566479e-01
1.153810977935791016e+00,9.114237937488872676e-01
9.671270251274106666e-01,8.469753450885946222e-01
7.845839858055114746e-01,8.473462936845451710e-01
7.845839858055114746e-01,8.616954469796832550e-01
4.701859951019287109e-01,8.742179256465656412e-01
4.701859951019287109e-01,9.035451344342678714e-01
5.632782578468322754e-01,9.224457744456606711e-01
2.416239976882934293e-01,9.106707910739855194e-01
2.416239976882934293e-01,9.296276834761024732e-01
2.709859907627105713e-01,9.609547679664292019e-01
2.709859907627105713e-01,9.574931784973024218e-01
1.994680017232894897e-01,9.533185520684392955e-01
1.327169984579086581e-01,9.581758340678255825e-01
1.327169984579086581e-01,9.663561603320888205e-01
4.732620120048522949e-01,9.677892297047024917e-01
4.732620120048522949e-01,9.484578515024886247e-01
6.585559844970703125e-01,9.038308571808989500e-01
9.621880054473875843e-01,9.110979994780592506e-01
9.621880054473875843e-01,8.770875405429233718e-01
5.111979842185974121e-01,8.527259518731215016e-01
5.111979842185974121e-01,8.849403041032961603e-01
9.829789996147155762e-01,9.133252522277609531e-01
9.100099802017213024e-01,8.972468238381444694e-01
9.100099802017213024e-01,8.558432331388550196e-01
1.026576042175292969e+00,8.583432893758314863e-01
1.026576042175292969e+00,8.538678176726471891e-01
8.309389948844909668e-01,8.457217183601891675e-01
9.651920199394226074e-01,8.565279348911876145e-01
9.651920199394226074e-01,8.612580339362994053e-01
1.000543951988220215e+00,8.515005897129307444e-01
1.000543951988220215e+00,8.519849066263748272e-01
1.983185052871704102e+00,8.508804048836955403e-01
1.274855017662048340e+00,9.670869032291951051e-01
1.274855017662048340e+00,9.552708275460529697e-01
1.286525964736938477e+00,8.375664987026882891e-01
1.286525964736938477e+00,8.405706834568287267e-01
1.382244944572448730e+00,8.428676630042257756e-01
1.736924052238464355e+00,8.512052324160556127e-01
1.736924052238464355e+00,9.722447146106335536e-01
1.257668018341064453e+00,1.051278204392294580e+00
1.257668018341064453e+00,9.815617784296192250e-01
7.533379793167114258e-01,8.850192962014148401e-01
1.084908962249756081e+00,9.174245329385246617e-01
1.084908962249756081e+00,8.850331449154344998e-01
1.062494039535522461e+00,8.401687857122427383e-01
1.062494039535522461e+00,8.410431897946155644e-01
7.787629961967468262e-01,8.422478995852941130e-01
8.256469964981079102e-01,8.618100402635195945e-01
8.256469964981079102e-01,8.724407590746712238e-01
9.891830086708067737e-01,8.660793764910240666e-01
9.891830086708067737e-01,8.608776528561130625e-01
1.418092012405395508e+00,8.499609850883289575e-01
1.151677966117858887e+00,8.680521237605675067e-01
1.151677966117858887e+00,8.417193493909490565e-01
1.250364065170288086e+00,8.358082978176972766e-01
1.250364065170288086e+00,8.378403564823255767e-01
8.794019818305969238e-01,8.372694383815427743e-01
1.089423060417175293e+00,8.510263980161916209e-01
1.089423060417175293e+00,8.556862843505594896e-01
1.809062957763672097e+00,8.418746860781372021e-01
1.809062957763672097e+00,9.397618208155648079e-01
8.687390089035034180e-01,9.840357168050243297e-01
8.521729707717895508e-01,9.305637469079062196e-01
8.521729707717895508e-01,8.771262439698288560e-01
1.307837963104248047e+00,8.745207098498172238e-01
1.307837963104248047e+00,8.651150217009000443e-01
1.262575984001159668e+00,8.428093880617006928e-01
7.601559758186340332e-01,8.398467271197171957e-01
7.601559758186340332e-01,8.660102737499274506e-01
1.069887042045593262e+00,8.838593342979513823e-01
1.069887042045593262e+00,8.682026478054885033e-01
8.579840064048767090e-01,8.438213285182692980e-01
1.149323940277099609e+00,8.563007693067768988e-01
1.149323940277099609e+00,8.608622876934047818e-01
1.067142963409423828e+00,8.353166354278671601e-01
1.067142963409423828e+00,8.404340312359462883e-01
7.400619983673095703e-01,8.425130287533898477e-01
6.799880266189575195e-01,8.647389901172778393e-01
6.799880266189575195e-01,8.828160005071723493e-01
7.323921322822570801e-01,8.862842275248823398e-01
7.323921322822570801e-01,8.811483917373150732e-01
8.352749943733215332e-01,8.746754200144165603e-01
6.000829935073852539e-01,8.734814005984139484e-01
6.000829935073852539e-01,8.807678970494441373e-01
1.010563969612121582e+00,8.964653700699597438e-01
1.010563969612121582e+00,8.865665526609464164e-01
7.613970041275024414e-01,8.488830379033174278e-01
7.260069847106933594e-01,8.609881825585135040e-01
7.260069847106933594e-01,8.799971139561418854e-01
1.064324021339416504e+00,8.828217515458098852e-01
1.064324021339416504e+00,8.716174750914538194e-01
5.901079773902893066e-01,8.443402867207777662e-01
7.744659781455993652e-01,8.781656111242892582e-01
7.744659781455993652e-01,8.971129053734122616e-01
7.406870126724243164e-01,8.771232826096984070e-01
7.406870126724243164e-01,8.780498314410566385e-01
8.908360004425048828e-01,8.787091809093386940e-01
7.620100975036621094e-01,8.709517432373131696e-01
7.620100975036621094e-01,8.655090282525015333e-01
7.774500250816345215e-01,8.731067313643259276e-01
7.774500250816345215e-01,8.783823104932306780e-01
5.811070203781127930e-01,8.774063114431635002e-01
7.908779978752136230e-01,8.940741978324040495e-01
7.908779978752136230e-01,8.917330598839487976e-01
8.903719782829283558e-01,8.688899932890177258e-01
8.903719782829283558e-01,8.658944225714920728e-01
7.882059812545776367e-01,8.584324155159760439e-01
7.301949858665466309e-01,8.633103660947027969e-01
7.301949858665466309e-01,8.729817489945521647e-01
9.248933196067807838e-01,8.774457738627172709e-01
9.248933196067807838e-01,8.696916747357815725e-01
1.265586972236633301e+00,8.554918898134289407e-01
7.884140014648437500e-01,8.681885048662182358e-01
7.884140014648437500e-01,8.600676087376212253e-01
9.180610179901125267e-01,8.775123311720709474e-01
9.180610179901125267e-01,8.682343174792853668e-01
6.569269895553588867e-01,8.562166920043159379e-01
8.252680301666259766e-01,8.749849642779978787e-01
8.252680301666259766e-01,8.832160895496830033e-01
4.257229864597321112e-01,8.669069738317616292e-01
4.257229864597321112e-01,9.049446784806349786e-01
9.114630222320555530e-01,9.383451845164735294e-01
7.238519787788391113e-01,9.134223961573377792e-01
7.238519787788391113e-01,8.679515572732309225e-01
9.657319784164427601e-01,8.811469928756869852e-01
9.657319784164427601e-01,8.749730983332191236e-01
7.194200158119201660e-01,8.514612196749250517e-01
7.146480083465576172e-01,8.690872264849670570e-01
7.146480083465576172e-01,8.886584643654507065e-01
6.188799738883972168e-01,8.879631884225869243e-01
6.188799738883972168e-01,8.938214327694383732e-01
8.502969741821289062e-01,8.927240767112610831e-01
6.113014817237854004e-01,8.833461353748036649e-01
6.113014817237854004e-01,8.782183848125029169e-01
8.405809998512268066e-01,8.921127863987255990e-01
8.405809998512268066e-01,8.877812623817095128e-01
5.909900069236755371e-01,8.642723110405136078e-01
1.191807866096496582e+00,8.829944845285654376e-01
1.191807866096496582e+00,8.947538508056948059e-01
1.072478055953979492e+00,8.421285241931316667e-01
1.072478055953979492e+00,8.511313106717048882e-01
7.976800203323364258e-01,8.432870730093027234e-01
7.140370011329650879e-01,8.703814357928619794e-01
7.140370011329650879e-01,8.921324937607646444e-01
8.885610103607177734e-01,8.942638948953375300e-01
8.885610103607177734e-01,8.788538221394931460e-01
7.367290258407592773e-01,8.585665138846241273e-01
9.655410051345822975e-01,8.665985202328519987e-01
9.655410051345822975e-01,8.696863179755407458e-01
8.569459915161132812e-01,8.518214179601463210e-01
8.569459915161132812e-01,8.564609260233814192e-01
5.838339924812316895e-01,8.633532223199823497e-01
3.047562122344970703e+00,8.850602257886277524e-01
3.047562122344970703e+00,1.609839046923067229e+00
8.865389823913574219e-01,1.797019484100794040e+00
8.865389823913574219e-01,1.831649177240491477e+00
1.186460971832275391e+00,1.904268829548155795e+00
8.750730156898498535e-01,2.002735298318411239e+00
8.750730156898498535e-01,1.938496976742389633e+00
1.111973047256469505e+00,1.783684921462729056e+00
1.111973047256469505e+00,1.443895240537447222e+00
6.929270029067993164e-01,8.445119112307374332e-01
5.632749795913696289e-01,8.979838134024149543e-01
5.632749795913696289e-01,9.299908220828475569e-01
5.519689917564392090e-01,9.444883679133794230e-01
5.519689917564392090e-01,9.357456992334428625e-01
9.211350083351135254e-01,9.239356503226645589e-01
5.465030074119567871e-01,8.952378426770406517e-01
5.465030074119567871e-01,8.845208951158993749e-01
9.997850060462952770e-01,9.113022487887496581e-01
9.997850060462952770e-01,8.954142944907191870e-01
7.512239813804626465e-01,8.486835080137025145e-01
8.402569890022277832e-01,8.646455118612305091e-01
8.402569890022277832e-01,8.777373518087513427e-01
7.843149900436401367e-01,8.677513010118823589e-01
7.843149900436401367e-01,8.709944647418710328e-01
5.915480256080627441e-01,8.750464877585082402e-01
6.109840273857116699e-01,8.906138736421937985e-01
6.109840273857116699e-01,9.003680018478532610e-01
9.328789710998535156e-01,8.943000407333028257e-01
9.328789710998535156e-01,8.836565329439181049e-01
7.992020249366759144e-01,8.546592161639794405e-01
9.833549857139588513e-01,8.624676264254923508e-01
9.833549857139588513e-01,8.648451968534587309e-01
5.405290126800537109e-01,8.496766830204692811e-01
5.405290126800537109e-01,8.888893420613227514e-01
1.093670010566711426e+00,9.093364121140800060e-01
9.266330003738405541e-01,9.001696447146213531e-01
9.266330003738405541e-01,8.478666539043292483e-01
7.972419857978820801e-01,8.562996124646365947e-01
7.972419857978820801e-01,8.644601994481437846e-01
5.896059870719909668e-01,8.714517152066297845e-01
7.799540162086486816e-01,8.877411551182163851e-01
7.799540162086486816e-01,8.870612410560786421e-01
5.182790160179138184e-01,8.696105570227691262e-01
5.182790160179138184e-01,8.894025512794141441e-01
7.263879776000976562e-01,9.115978062263256909e-01
6.216366887092590332e-01,8.985232915996013148e-01
6.216366887092590332e-01,8.835444709216165871e-01
8.810679912567138672e-01,8.908899217919115099e-01
8.810679912567138672e-01,8.850830068276287488e-01
7.315016984939575195e-01,8.595136511605465657e-01
9.703850150108337402e-01,8.690844033043254591e-01
9.703850150108337402e-01,8.716918405479596732e-01
8.715350031852722168e-01,8.509206214667522916e-01
8.715350031852722168e-01,8.553926339295678805e-01
5.505740046501159668e-01,8.613375502953184437e-01
2.576299905776976984e-01,8.877423836821628500e-01
2.576299905776976984e-01,9.422786350344196649e-01
6.952109932899475098e-01,9.623952493354319682e-01
6.952109932899475098e-01,9.400835626265616751e-01
3.547430038452148438e-01,8.822338791115632572e-01
1.308350920677185059e+00,9.180073873893780378e-01
1.308350920677185059e+00,9.518561908553325734e-01
1.424710035324096902e+00,8.419148269304823629e-01
1.424710035324096902e+00,8.509335698778144330e-01
2.422243118286133257e+00,8.510371172372163118e-01
1.588093161582946777e+00,1.095269231443198876e+00
1.588093161582946777e+00,1.118045530615022987e+00
2.882889986038208008e+00,9.778439912658266620e-01
2.882889986038208008e+00,1.403888014943411200e+00
1.510810017585754395e+00,1.610318187734882001e+00
5.103110074996948242e-01,1.437073381021753526e+00
5.103110074996948242e-01,1.151169641091106532e+00
6.637499928474426270e-01,1.073647514394417968e+00
6.637499928474426270e-01,1.009008754723447865e+00
5.865659713745117188e-01,9.365923071249524501e-01
9.182999730110168457e-01,9.352657578064017541e-01
9.182999730110168457e-01,8.884473762233703331e-01
1.126363039016723633e+00,8.558042814697045531e-01
1.126363039016723633e+00,8.546749969722319262e-01
9.455379843711851917e-01,8.414347350162508787e-01
7.979699969291687012e-01,8.457144815558039763e-01
7.979699969291687012e-01,8.636226567372393692e-01
8.895260095596313477e-01,8.763699004718575880e-01
8.895260095596313477e-01,8.702547445157761130e-01
5.017459988594055176e-01,8.614629303859112630e-01
7.889080047607421875e-01,9.000877133871906244e-01
7.889080047607421875e-01,9.115299033099217851e-01
5.571460127830505371e-01,8.754586964711090769e-01
5.571460127830505371e-01,8.959710395945420514e-01
8.079270124435424805e-01,9.036097571233159265e-01
7.382910251617431641e-01,8.923987404615191243e-01
7.382910251617431641e-01,8.717973536563567993e-01
6.742079854011535645e-01,8.776646204337678059e-01
6.742079854011535645e-01,8.816961642280179978e-01
8.787713646888732910e-01,8.868486429700758178e-01
7.401880025863647461e-01,8.767025561180158411e-01
7.401880025863647461e-01,8.678233182431572823e-01
8.886500000953674316e-01,8.789801840170110570e-01
8.886500000953674316e-01,8.715016296863106193e-01
7.983270287513732910e-01,8.589684905782055679e-01
5.137799978256225586e-01,8.639666018746977594e-01
5.137799978256225586e-01,8.956917779431035065e-01
7.760372757911682129e-01,9.201712346212100879e-01
7.760372757911682129e-01,9.007180083593281372e-01
8.528280258178710938e-01,8.719030710535129458e-01
7.851629853248596191e-01,8.769626112880060109e-01
7.851629853248596191e-01,8.725888994266959298e-01
8.431609869003295898e-01,8.776460056219894668e-01
1.686321973800659180e+00,8.722985225192235736e-01
1.024798870086670144e+00,1.331630036745607759e+00
8.044279813766479492e-01,1.285120452035866112e+00
8.044279813766479492e-01,8.579467869388139878e-01
8.841310143470764160e-01,8.732879580631610628e-01
8.841310143470764160e-01,8.688420611056257847e-01
3.615649938583374023e-01,8.616903225873651095e-01
1.171491026878356934e+00,9.213462054102827814e-01
1.171491026878356934e+00,9.369393435408410742e-01
4.477910101413726807e-01,8.421246060946500078e-01
4.477910101413726807e-01,8.980208239634956957e-01
7.665730118751525879e-01,9.426403150860017677e-01
7.735599875450134277e-01,9.159712216113814476e-01
7.735599875450134277e-01,8.743613682793465181e-01
1.054823040962219238e+00,8.723372313701618364e-01
1.054823040962219238e+00,8.686742765886892315e-01
7.843300104141235352e-01,8.442741180747186380e-01
1.034250974655151367e+00,8.586058223764359010e-01
1.034250974655151367e+00,8.643454533693170072e-01
1.096979022026062012e+00,8.468688412706532054e-01
1.096979022026062012e+00,8.463112037960027756e-01
7.633029818534851074e-01,8.429614389572480659e-01
5.883730053901672363e-01,8.591953446884686985e-01
5.883730053901672363e-01,8.908376120519555519e-01
6.365630030632019043e-01,9.028877477573681309e-01
6.365630030632019043e-01,8.962677389585067544e-01
5.750700235366821289e-01,8.884363516692688201e-01
5.399640202522277832e-01,8.924084350501836349e-01
5.399640202522277832e-01,8.994202439558075524e-01
1.324671149253845215e+00,9.020491329410345038e-01
1.324671149253845215e+00,9.182360034177738939e-01
8.178460001945495605e-01,8.504283228479693202e-01
6.359609961509704590e-01,8.580616983479854021e-01
6.359609961509704590e-01,8.945977100857736009e-01
8.135920166969299316e-01,9.149289242974836256e-01
8.135920166969299316e-01,8.947676130648323234e-01
9.872140288352966309e-01,8.708347984545815601e-01
9.839289784431457520e-01,8.623241618662103036e-01
9.839289784431457520e-01,8.499958219790990643e-01
5.904790163040161133e-01,8.499031527149683019e-01
5.904790163040161133e-01,8.788134492908088458e-01
8.986790180206298828e-01,9.044757182234233195e-01
6.268000006675720215e-01,8.866477189934064418e-01
6.268000006675720215e-01,8.752755367475084647e-01
6.926850080490112305e-01,8.919869252468063392e-01
6.926850080490112305e-01,8.879774086727501015e-01
5.757049918174743652e-01,8.819241072734427256e-01
6.764680147171020508e-01,8.903265006134399862e-01
6.764680147171020508e-01,8.921792310850943375e-01
8.279470205307006836e-01,8.818775851180457037e-01
8.279470205307006836e-01,8.788217272003034930e-01
6.547859907150268555e-01,8.650253555234250769e-01
1.085815548896789551e+00,8.760173311457983836e-01
1.085815548896789551e+00,8.802872454647198142e-01
8.509550094604492188e-01,8.457928157915766132e-01
8.509550094604492188e-01,8.526353079725648154e-01
8.879359960556030273e-01,8.641458627747699017e-01
6.557850241661071777e-01,8.619249532708099792e-01
6.557850241661071777e-01,8.747963469191275543e-01
6.597809791564941406e-01,8.920386424678793391e-01
6.597809791564941406e-01,8.903653933405025755e-01
8.856279850006103516e-01,8.886410040724390669e-01
7.502999901771545410e-01,8.789802941014718263e-01
7.502999901771545410e-01,8.664109492235071430e-01
9.303160309791563831e-01,8.762277580187456394e-01
9.303160309791563831e-01,8.680974101180404245e-01
7.259460091590881348e-01,8.548627866842253287e-01
7.123904824256896973e-01,8.665320577472331864e-01
7.123904824256896973e-01,8.823995700779226903e-01
9.326570034027099609e-01,8.828011185469688549e-01
9.326570034027099609e-01,8.748190550699204149e-01
6.544970273971557617e-01,8.546320593998113502e-01
4.987269937992095947e-01,8.765460544679782862e-01
4.987269937992095947e-01,9.161648107522020190e-01
9.782410264015198864e-01,9.284796974333481279e-01
9.782410264015198864e-01,9.002135276843270528e-01
5.593240261077880859e-01,8.508458753067908997e-01
8.733990192413330078e-01,8.808097813481430283e-01
8.733990192413330078e-01,8.929823038208929420e-01
6.232500076293945312e-01,8.605748821767709167e-01
6.232500076293945312e-01,8.783454177834083554e-01
6.319249868392944336e-01,8.963791015516692218e-01
8.335350155830383301e-01,8.934090866488949567e-01
8.335350155830383301e-01,8.840645184859220462e-01
8.613430261611938477e-01,8.647513022114055037e-01
8.613430261611938477e-01,8.640434446541409574e-01
1.036013007164001687e+00,8.620109490687847265e-01
6.160370111465454102e-01,8.616686708399388106e-01
6.160370111465454102e-01,8.799448299601565493e-01
9.874529838562011719e-01,9.084597129226219536e-01
9.874529838562011719e-01,8.886401277984540270e-01
6.686739921569824219e-01,8.492881637575790954e-01
6.455339789390563965e-01,8.743268720341876854e-01
6.455339789390563965e-01,8.908644825155068725e-01
1.007030010223388894e+00,8.939606993260669210e-01
1.007030010223388894e+00,8.808661104734422098e-01
7.763000130653381348e-01,8.483235042043881791e-01
9.358490109443665661e-01,8.603933111258179611e-01
9.358490109443665661e-01,8.675436816695571984e-01
6.626719832420349121e-01,8.542060627514034277e-01
6.626719832420349121e-01,8.734635554997376428e-01
1.113351941108703613e+00,8.873774637535448706e-01
5.495319962501525879e-01,8.799973433003517309e-01
5.495319962501525879e-01,8.811608181002287266e-01
9.273632764816284180e-01,9.083611875977778416e-01
9.273632764816284180e-01,8.890876019046148881e-01
8.215330243110656738e-01,8.557371406742664277e-01
9.193540215492248535e-01,8.716915686114645734e-01
9.193540215492248535e-01,8.711253053181756689e-01
6.899859905242919922e-01,8.613153153277626206e-01
6.899859905242919922e-01,8.814888421268315399e-01
6.497738957405090332e-01,8.918399809354531360e-01
9.705049991607664905e-01,8.934311451788488068e-01
9.705049991607664905e-01,8.861952199297998822e-01
8.034440279006958008e-01,8.510108214890883538e-01
8.034440279006958008e-01,8.594464971789425034e-01
8.920990228652954102e-01,8.703186409862873063e-01
7.462270259857177734e-01,8.651484569476594055e-01
7.462270259857177734e-01,8.658414708718535913e-01
1.495407462120056152e+00,8.752469508130852338e-01
1.495407462120056152e+00,9.104727990006364902e-01
7.597569823265075684e-01,8.659925509797911092e-01
9.677280187606811523e-01,9.208312762402202090e-01
9.677280187606811523e-01,9.857982637230467970e-01
1.126011013984680176e+00,9.690134661365640278e-01
1.126011013984680176e+00,9.271147039136887757e-01
7.641419768333435059e-01,8.676839550040165161e-01
1.423818945884704590e+00,9.052157088638039806e-01
1.423818945884704590e+00,9.118140332978260654e-01
8.309190273284912109e-01,8.604640000173323644e-01
8.309190273284912109e-01,8.849753707056629004e-01
5.316870212554931641e-01,9.075286907180991625e-01
6.942920088768005371e-01,9.393941927838274086e-01
6.942920088768005371e-01,9.307321794909216850e-01
1.097100019454955833e+00,8.986478668925008684e-01
1.097100019454955833e+00,8.765379735568480379e-01
8.623710274696350098e-01,8.441916600516587987e-01
9.711959958076474830e-01,8.514906608364847251e-01
9.711959958076474830e-01,8.591560862625562400e-01
7.501904964447021484e-01,8.508525142082693504e-01
7.501904964447021484e-01,8.650644693783335892e-01
5.659890174865722656e-01,8.777228684866517083e-01
7.235890030860900879e-01,8.922084622058650272e-01
7.235890030860900879e-01,8.904577514232019375e-01
1.088876962661743164e+00,8.758970247383721652e-01
1.088876962661743164e+00,8.721391166771621517e-01
2.614549994468688965e-01,8.487921621965428542e-01
1.923168003559112549e-01,9.212325200272034609e-01
1.923168003559112549e-01,9.701659878633590584e-01
2.048390060663223544e-01,9.756771786415601166e-01
2.048390060663223544e-01,9.705799622208372002e-01
3.752999901771545410e-01,9.651240018044235924e-01
1.878910064697265625e-01,9.469576878387718777e-01
1.878910064697265625e-01,9.445219003463587448e-01
4.178839921951293945e-01,9.676293118876997390e-01
4.178839921951293945e-01,9.511417506179072889e-01
6.128349900245666504e-01,9.210788037657696714e-01
4.822100102901459295e-01,9.078449171784634952e-01
4.822100102901459295e-01,8.995917879628205771e-01
8.136649727821350098e-01,9.139317967250201180e-01
8.136649727821350098e-01,8.989855188362495531e-01
8.997989892959594727e-01,8.656967273979357946e-01
7.667459845542907715e-01,8.631881966297654252e-01
7.667459845542907715e-01,8.639668431326004150e-01
6.762999892234802246e-01,8.729640214728742187e-01
6.762999892234802246e-01,8.801996747204023919e-01
9.804093837738037109e-01,8.892494109257071955e-01
1.075533032417297363e+00,8.755130696547409608e-01
1.075533032417297363e+00,8.584415404592753429e-01
6.459739804267883301e-01,8.407617829885506433e-01
6.459739804267883301e-01,8.807475373661100004e-01
7.601699829101562500e-01,9.035635830272509272e-01
8.707180023193359375e-01,8.920837823039612369e-01
8.707180023193359375e-01,8.707638592031183844e-01
1.045557022094726562e+00,8.609758344245360684e-01
1.045557022094726562e+00,8.582182025128454184e-01
4.832339882850646418e-01,8.446102700143005571e-01
1.085988998413085938e+00,8.948502622032149523e-01
1.085988998413085938e+00,9.068937671003006740e-01
7.320979833602905273e-01,8.435908757037172689e-01
7.320979833602905273e-01,8.622670215979184594e-01
7.128990292549133301e-01,8.807690925946245475e-01
1.045389056205749512e+00,8.815206793516635608e-01
1.045389056205749512e+00,8.708329068977814780e-01
7.359200119972229004e-01,8.487031847060231282e-01
7.359200119972229004e-01,8.612716322944407032e-01
8.956930041313171387e-01,8.783274635994828827e-01
8.745509982109069824e-01,8.705001665810121469e-01
8.745509982109069824e-01,8.587718219738831316e-01
9.237470030784606934e-01,8.600888688174945784e-01
9.237470030784606934e-01,8.583066050337430086e-01
9.997780323028563343e-01,8.553697692175619149e-01
1.739534020423889160e+00,8.542749820670163530e-01
1.739534020423889160e+00,9.385228236220061193e-01
8.107889890670776367e-01,9.588206075334486655e-01
8.107889890670776367e-01,9.339005616337348048e-01
7.049050331115722656e-01,9.228232828206084370e-01
8.328270316123962402e-01,9.339897922511134487e-01
8.328270316123962402e-01,9.145233505634402515e-01
8.276600241661071777e-01,8.786693512109813309e-01
8.276600241661071777e-01,8.776087864905010028e-01
8.953109979629516602e-01,8.659918954529416402e-01
1.459501028060913086e+00,8.628140795455822021e-01
1.459501028060913086e+00,8.811735378089048387e-01
1.179519057273864746e+00,8.608513770773237317e-01
1.179519057273864746e+00,8.455989046207409432e-01
1.443411946296691895e+00,8.324997461084834294e-01
1.306735038757324219e+00,8.479683656235614819e-01
1.306735038757324219e+00,8.460140458261139473e-01
7.634999752044677734e-01,8.393987745693813896e-01
7.634999752044677734e-01,8.640705798368580881e-01
1.145148038864135520e+00,8.844522616700964956e-01
7.253450155258178711e-01,8.708717307385256401e-01
7.253450155258178711e-01,8.698653120833408359e-01
7.633590102195740856e-01,8.798134019449755927e-01
7.633590102195740856e-01,8.762326111380086546e-01
6.174820065498352051e-01,8.718161032148216139e-01
1.029322981834411621e+00,8.828550262351549938e-01
1.029322981834411621e+00,8.852713272477594764e-01
1.302055954933166504e+00,8.469059199191130149e-01
1.302055954933166504e+00,8.535927931467870433e-01
3.164124965667724609e+00,8.415046103925537535e-01
9.734439849853515625e-01,1.401915042516170384e+00
9.734439849853515625e-01,1.404670792055286555e+00
1.229671001434326172e+00,1.033511759271777297e+00
1.229671001434326172e+00,1.024262506652756199e+00
7.441530227661132812e-01,1.006699665919224662e+00
1.063034057617187500e+00,9.709473125035747998e-01
1.063034057617187500e+00,8.860689143613157404e-01
1.123872041702270508e+00,8.448375266278695950e-01
1.123872041702270508e+00,8.446478020121329644e-01
8.984770178794860840e-01,8.400307955902538426e-01
7.175139784812927246e-01,8.486483401930013937e-01
7.175139784812927246e-01,8.721158297642310764e-01
5.367509722709655762e-01,8.866775161000733929e-01
5.367509722709655762e-01,9.013870758078855738e-01
1.175443053245544434e+00,9.123909501481503037e-01
1.101048946380615234e+00,9.046182665272786139e-01
1.101048946380615234e+00,8.404215173838222031e-01
5.734490156173706055e-01,8.418197208929445452e-01
5.734490156173706055e-01,8.817378289770801958e-01
1.431144952774048074e+00,9.089800038451525399e-01
1.037794947624206321e+00,9.184848211929197426e-01
1.037794947624206321e+00,8.469352259839429964e-01
6.568620204925537109e-01,8.446509590826569713e-01
6.568620204925537109e-01,8.799043453043908780e-01
1.074908018112182617e+00,9.094645091719211205e-01
1.385972023010254128e+00,8.826161716250522371e-01
1.385972023010254128e+00,8.545504125198201129e-01
1.004804968833923118e+00,8.524138741716343892e-01
1.004804968833923118e+00,8.462545526940590257e-01
1.609539985656738503e+00,8.476926341066379766e-01
2.817575931549072266e+00,8.847735627272463876e-01
2.817575931549072266e+00,1.281059356766615753e+00
1.962562561035156028e+00,1.474778833093714159e+00
1.962562561035156028e+00,1.355320487018515818e+00
1.279752016067504883e+00,1.222863635188327525e+00
1.995329976081847700e+00,1.146423512295929203e+00
1.995329976081847700e+00,1.136598926799859743e+00
2.033385992050170898e+00,1.175978806778166019e+00
2.033385992050170898e+00,1.137952776998138127e+00
1.307443976402282715e+00,1.098153450982995327e+00
1.611258029937743919e+00,9.850065471007667384e-01
1.611258029937743919e+00,8.778995683664601035e-01
2.040218114852905273e+00,9.069337035651349188e-01
2.040218114852905273e+00,1.030717905676186374e+00
2.183244943618774414e+00,1.112026687607236886e+00
1.351415991783142090e+00,1.153747513273118974e+00
1.351415991783142090e+00,1.065007338194609909e+00
7.242180109024047852e-01,8.702224866489886024e-01
7.242180109024047852e-01,9.128057044275761367e-01
1.363389015197754128e+00,9.016641786479184795e-01
1.526808977127075195e+00,8.898476787027033152e-01
1.526808977127075195e+00,8.610454067161491531e-01
1.784019589424133301e+00,8.734817211301111328e-01
1.784019589424133301e+00,9.186673764647806939e-01
1.103597044944763184e+00,9.506647121504890885e-01
1.763007998466491699e+00,9.049350823200342786e-01
1.763007998466491699e+00,9.346258071499105036e-01
1.157549023628234863e+00,9.758630369251120040e-01
1.157549023628234863e+00,9.135436183832275070e-01
1.153326034545898438e+00,8.345602373800911078e-01
2.362811088562012163e+00,8.346574349794283476e-01
2.362811088562012163e+00,1.105392863131691605e+00
2.580787897109985352e+00,1.227642186880854469e+00
2.580787897109985352e+00,1.306134508224885193e+00
1.242146968841552734e+00,1.369027227371229838e+00
1.712821006774902344e+00,1.212329237653556602e+00
1.712821006774902344e+00,1.051326395361549926e+00
6.676509976387023926e-01,1.094116831054328109e+00
6.676509976387023926e-01,1.027927748580023781e+00
8.271329998970031738e-01,9.412527453783490206e-01
9.642647504806519665e-01,9.125475373009463986e-01
9.642647504806519665e-01,8.607117416348100125e-01
1.394161701202392578e+00,8.529112255263973097e-01
1.394161701202392578e+00,8.741824499125858683e-01
7.584049701690673828e-01,8.499941084667170799e-01
6.900759935379028320e-01,8.681306400567552206e-01
6.900759935379028320e-01,8.956643063095671708e-01
6.740249991416931152e-01,8.997928953935171448e-01
6.740249991416931152e-01,8.970771882864185809e-01
8.615220189094543457e-01,8.928377012582571215e-01
7.907469868659973145e-01,8.801160953662769959e-01
7.907469868659973145e-01,8.682373180319676864e-01
7.285000085830688477e-01,8.751762417503674563e-01
7.285000085830688477e-01,8.783212186586557557e-01
2.411980032920836847e-01,8.809953279995469400e-01
3.354600071907043457e-01,9.400574228445570668e-01
3.354600071907043457e-01,9.451253655879853222e-01
5.912460088729858398e-01,9.311229286265036986e-01
5.912460088729858398e-01,9.185798692341349270e-01
1.058426976203918457e+00,8.903210244161341436e-01
7.669919729232788086e-01,8.993740977810321668e-01
7.669919729232788086e-01,8.592572897313038860e-01
5.881239771842956543e-01,8.752538450881788279e-01
5.881239771842956543e-01,8.889075581186490771e-01
5.922303199768066406e-01,9.024151886114851751e-01
8.753510117530822754e-01,8.988284731993131382e-01
8.828200101852416992e-01,8.893804126480564509e-01
7.038279771804809570e-01,8.597716153429694197e-01
7.038279771804809570e-01,8.698426721235834602e-01
5.677499771118164062e-01,8.805281433735125951e-01
7.133870124816894531e-01,8.913288254880333827e-01
7.133870124816894531e-01,8.946709862486050824e-01
1.077505946159362793e+00,8.798676053192621138e-01
1.077505946159362793e+00,8.760676844049212209e-01
6.909419894218444824e-01,8.435382318229288634e-01
7.724580168724058948e-01,8.689462933727651883e-01
7.724580168724058948e-01,8.931273703021810340e-01
7.237120270729064941e-01,8.830066458310809052e-01
7.237120270729064941e-01,8.844879447268381156e-01
9.752489924430847168e-01,8.798071971527299251e-01
9.151769876480103649e-01,8.715051041397736675e-01
9.151769876480103649e-01,8.528513823901235913e-01
7.574009895324707031e-01,8.561240117002034689e-01
7.574009895324707031e-01,8.647171614934282546e-01
6.912069916725158691e-01,8.744725295837988410e-01
1.183527946472167969e+00,8.782462256020382441e-01
1.183527946472167969e+00,8.820865166609035413e-01
7.705749869346618652e-01,8.418835417459447079e-01
7.705749869346618652e-01,8.583729086365448069e-01
8.947700262069702148e-01,8.812800247058707459e-01
6.143350005149841309e-01,8.727367517588582313e-01
6.143350005149841309e-01,8.859840885230063634e-01
7.692319750785827637e-01,9.135347015250590008e-01
7.692319750785827637e-01,8.992500345236625892e-01
9.070749878883361816e-01,8.801974292248440079e-01
4.068099856376647949e-01,8.704112237736797431e-01
4.068099856376647949e-01,9.088434821616145909e-01
5.138880014419555664e-01,9.584771004499627045e-01
5.138880014419555664e-01,9.489369497970301381e-01
2.481469959020614902e-01,9.350230210868248903e-01
2.568759918212890625e-01,9.629704081730745546e-01
2.568759918212890625e-01,9.615212707408964388e-01
5.980659723281860352e-01,9.471822855823160969e-01
5.980659723281860352e-01,9.338186552426761544e-01
5.981699824333190918e-01,8.912097924835827856e-01
8.801140189170837402e-01,8.928575499930396786e-01
8.801140189170837402e-01,8.848721360466659247e-01
1.085649013519286887e+00,8.593238554651057015e-01
1.085649013519286887e+00,8.580234271760356357e-01
9.920129776000974342e-01,8.457772073721255834e-01
8.743849992752075195e-01,8.466233565149811069e-01
8.743849992752075195e-01,8.551515406890439763e-01
8.770260214805603027e-01,8.628559869735270560e-01
8.770260214805603027e-01,8.622286721526876141e-01
1.008928894996642844e+00,8.615706503463154142e-01
8.088759779930114746e-01,8.567888310331076562e-01
8.088759779930114746e-01,8.738570472014320911e-01
6.714209914207458496e-01,8.910447087548473144e-01
6.714209914207458496e-01,9.040790919274777071e-01
7.449629902839660645e-01,9.171984250887470491e-01
6.942679882049560547e-01,9.047633334334829192e-01
6.942679882049560547e-01,8.915001028655910043e-01
1.001886010169982910e+00,8.855784420778938237e-01
1.001886010169982910e+00,8.758366385462885706e-01
7.935580015182495117e-01,8.483409168666085076e-01
8.450049161911010742e-01,8.599137822937459319e-01
8.450049161911010742e-01,8.708082274345931850e-01
8.031240105628967285e-01,8.648972312491590708e-01
8.031240105628967285e-01,8.692854997203602885e-01
5.744469761848449707e-01,8.738922884269429980e-01
5.679720044136047363e-01,8.948927015612437863e-01
5.679720044136047363e-01,9.169268180146878944e-01
4.538080096244812012e-01,9.173190201373555563e-01
4.538080096244812012e-01,9.240271328935454331e-01
8.494881391525268555e-01,9.213288101113986661e-01
4.064599871635437012e-01,9.052962387590625104e-01
4.064599871635437012e-01,9.011915548306589363e-01
2.453519999980926514e-01,9.346358645343074700e-01
2.453519999980926514e-01,9.506163617017721057e-01
2.323218107223510742e+00,9.662835079442768649e-01
2.027115583419800249e+00,1.563110765339008168e+00
2.027115583419800249e+00,1.624125844146639519e+00
1.581117987632751687e+00,1.601555381185436167e+00
1.581117987632751687e+00,1.645245501673348709e+00
1.727049946784973145e+00,1.696653281905182942e+00
1.150642037391662598e+00,1.675254178769894242e+00
1.150642037391662598e+00,1.598313989576004346e+00
