3.791533708570000161e-01,3.755477803633846534e-01
3.094033896919999860e-01,3.774586264200776031e-01
3.094033896919999860e-01,3.462690681991010822e-01
3.518280088899999880e-01,3.100627113836050830e-01
3.518280088899999880e-01,3.314523369876891667e-01
3.519681990150000384e-01,3.522262899185316654e-01
4.099042117599999702e-01,3.522953883225255489e-01
4.099042117599999702e-01,3.816454920737741285e-01
4.584631919859999960e-01,4.099766316225266216e-01
4.584631919859999960e-01,4.342563064100707360e-01
4.584631919859999960e-01,4.582863631650512803e-01
4.438300132749999904e-01,4.582863631650512803e-01
4.438300132749999904e-01,4.510452539599368316e-01
3.690508007999999673e-01,4.437269319226541109e-01
3.690508007999999673e-01,4.077956288571046306e-01
3.690508007999999673e-01,3.693487570635391459e-01
4.598422944550000779e-01,3.693487570635391459e-01
4.598422944550000779e-01,4.155175796367400198e-01
5.025770068170000160e-01,4.596585006721721767e-01
5.025770068170000160e-01,4.805448054843611816e-01
5.062090158459999767e-01,5.017788261089429769e-01
4.679043889050000238e-01,5.036346123633815841e-01
4.679043889050000238e-01,4.860754292946110056e-01
4.074884951109999931e-01,4.676794804999612198e-01
4.074884951109999931e-01,4.382052955883946610e-01
4.074884951109999931e-01,4.075737863669796623e-01
3.390974104400000244e-01,4.075737863669796623e-01
3.390974104400000244e-01,3.748828658264241054e-01
3.484919965269999698e-01,3.395719243390223907e-01
3.484919965269999698e-01,3.442238855182574442e-01
3.514870107170000035e-01,3.489100822104657107e-01
2.772665917870000274e-01,3.503883600804999499e-01
2.772665917870000274e-01,3.169452151745085211e-01
5.031560063359999946e-01,2.781371774466617208e-01
5.031560063359999946e-01,4.000614013861624740e-01
1.006312012670000033e+00,5.022645956212427043e-01
5.156134963039999963e-01,7.517486910301262037e-01
5.156134963039999963e-01,7.612316071731938250e-01
4.671458005910000266e-01,5.107198148426352891e-01
4.703727960589998980e-01,4.899769334459200820e-01
4.703727960589998980e-01,4.685296317451488335e-01
3.915271461010000342e-01,4.701350536697742610e-01
3.915271461010000342e-01,4.319890932975788411e-01
3.105339109899999950e-01,3.916989148052285596e-01
3.105339109899999950e-01,3.534098138510564646e-01
3.105339109899999950e-01,3.111860152123961387e-01
3.500584959979999855e-01,3.111860152123961387e-01
3.500584959979999855e-01,3.310828441667784117e-01
3.740899860859999704e-01,3.504672668137304714e-01
3.740899860859999704e-01,3.624492108327042605e-01
3.779540061949999696e-01,3.743591901649871434e-01
3.717320859430000013e-01,3.762680156679054644e-01
3.717320859430000013e-01,3.751414438131823736e-01
3.027113080020000235e-01,3.720147099657846734e-01
3.027113080020000235e-01,3.392683473821318518e-01
3.027113080020000235e-01,3.034136500366061417e-01
3.296971917150000042e-01,3.034136500366061417e-01
3.296971917150000042e-01,3.169156269747940291e-01
3.144049942489999805e-01,3.302291439117432947e-01
3.144049942489999805e-01,3.227631004918489754e-01
3.144049942489999805e-01,3.150324941765066389e-01
4.343704879280000375e-01,3.150324941765066389e-01
4.382424950600000146e-01,3.773494005912105265e-01
4.183005094529999579e-01,4.362324453407250835e-01
4.183005094529999579e-01,4.283602592222328087e-01
4.183005094529999579e-01,4.183286153978033606e-01
3.373551070690000153e-01,4.183286153978033606e-01
3.400180935859999920e-01,3.798222991524364267e-01
4.241755008699999996e-01,3.391541463256012578e-01
4.241755008699999996e-01,3.834759639222917182e-01
4.241755008699999996e-01,4.241729744560159832e-01
3.989045023920000932e-01,4.241729744560159832e-01
3.989045023920000932e-01,4.117974713213003457e-01
4.137337207789999471e-01,3.990359870893966932e-01
4.137337207789999471e-01,4.063950247239756508e-01
4.137337207789999471e-01,4.137858488901734466e-01
3.719139993190000437e-01,4.137858488901734466e-01
7.438279986380000874e-01,3.934900784848111011e-01
3.688330054280000159e-01,5.661419388202555414e-01
3.688330054280000159e-01,5.688035500400985267e-01
3.688330054280000159e-01,3.691322104612243526e-01
3.262298107150000126e-01,3.691322104612243526e-01
3.262298107150000126e-01,3.485944997229727393e-01
3.690617084499999700e-01,3.267831979124807829e-01
3.728916943069999768e-01,3.483522856403548640e-01
3.728916943069999768e-01,3.712514091844780206e-01
3.484619855879999561e-01,3.731677110767118166e-01
3.484619855879999561e-01,3.612656051380115363e-01
3.268069922919999981e-01,3.488802499875020002e-01
3.268069922919999981e-01,3.383345158246390816e-01
3.268069922919999981e-01,3.273568020980333615e-01
3.273007869719999907e-01,3.273568020980333615e-01
3.273007869719999907e-01,3.276001132642494817e-01
3.402802348139999933e-01,3.278475391758219337e-01
3.402802348139999933e-01,3.342872893249784205e-01
3.402802348139999933e-01,3.407475906327361859e-01
3.430069088939999844e-01,3.407475906327361859e-01
3.430069088939999844e-01,3.420930699700361344e-01
3.675087392329999814e-01,3.434578225528980289e-01
3.675087392329999814e-01,3.556800144506820360e-01
3.675087392329999814e-01,3.678155480887843054e-01
4.152643382549999207e-01,3.678155480887843054e-01
4.152643382549999207e-01,3.918233235525171998e-01
4.649276137350000226e-01,4.153083939438666494e-01
4.649276137350000226e-01,4.401159878480906951e-01
4.649276137350000226e-01,4.647179947921599164e-01
4.357511997219999933e-01,4.647179947921599164e-01
4.357511997219999933e-01,4.503117826644240651e-01
3.912398219110000408e-01,4.356891343685737050e-01
3.912398219110000408e-01,4.140258033887125322e-01
3.912398219110000408e-01,3.914131706754668816e-01
5.511472821239999931e-01,3.914131706754668816e-01
5.511472821239999931e-01,4.722729922899405186e-01
4.813852906229999506e-01,5.420497290593102591e-01
4.813852906229999506e-01,5.122337944672423760e-01
4.813852906229999506e-01,4.810864692756433025e-01
4.954009056089999641e-01,4.810864692756433025e-01
4.954009056089999641e-01,4.880335239347574072e-01
6.182286739350000282e-01,4.949742993671060742e-01
6.182286739350000282e-01,5.485682748101615713e-01
6.182286739350000282e-01,6.013534402616730334e-01
5.950695872310000079e-01,6.013534402616730334e-01
5.950695872310000079e-01,5.912907576209084359e-01
4.923111796379999738e-01,5.808746325215629058e-01
4.923111796379999738e-01,5.372309668667789584e-01
4.923111796379999738e-01,4.919274110477263595e-01
4.643523395059999670e-01,4.919274110477263595e-01
4.643523395059999670e-01,4.778397679733047965e-01
4.739170074459999604e-01,4.641456574242870947e-01
4.739170074459999604e-01,4.688965116616939377e-01
4.739170074459999604e-01,4.736604699592615320e-01
4.469231963160000265e-01,4.736604699592615320e-01
4.469231963160000265e-01,4.602648962115701847e-01
4.123139977460000272e-01,4.468044964790983120e-01
4.123139977460000272e-01,4.298458592346987017e-01
4.123139977460000272e-01,4.123736327182973005e-01
4.523360133169999631e-01,4.123736327182973005e-01
4.523360133169999631e-01,4.323502538218668145e-01
3.877382874490000186e-01,4.521900481474329658e-01
3.877382874490000186e-01,4.209113305637028346e-01
3.877382874490000186e-01,3.879309597092306383e-01
4.546562135220000300e-01,3.879309597092306383e-01
4.546562135220000300e-01,4.216461145910027075e-01
4.348804056639999915e-01,4.544985693393796544e-01
4.348804056639999915e-01,4.447375164270268022e-01
4.348804056639999915e-01,4.348227849576027371e-01
4.133841991420000306e-01,4.348227849576027371e-01
4.133841991420000306e-01,4.242629079427037708e-01
3.840956091879999534e-01,4.134381736370045801e-01
3.840956091879999534e-01,3.991412771376485202e-01
3.840956091879999534e-01,3.843085176520362745e-01
4.087282121180000338e-01,3.843085176520362745e-01
4.087282121180000338e-01,3.965784290159276027e-01
4.262570142750000124e-01,4.088068909970909437e-01
4.262570142750000124e-01,4.175122716619532603e-01
4.262570142750000124e-01,4.262437049111544862e-01
3.676877915860000123e-01,4.262437049111544862e-01
3.676877915860000123e-01,3.979881903718793801e-01
3.921050131319999688e-01,3.679935712433619610e-01
3.921050131319999688e-01,3.801623506037449807e-01
3.921050131319999688e-01,3.922736065594372712e-01
4.395864903930000178e-01,3.922736065594372712e-01
4.395864903930000178e-01,4.160751756924923606e-01
4.140438139440000276e-01,4.395049070829855076e-01
4.140438139440000276e-01,4.269654553335786584e-01
4.140438139440000276e-01,4.140943048987501540e-01
4.244688451290000164e-01,4.140943048987501540e-01
4.244688451290000164e-01,4.192607522950613230e-01
4.059751033779999685e-01,4.244647969258816822e-01
4.059751033779999685e-01,4.153833969782095292e-01
4.059751033779999685e-01,4.060684866795646886e-01
4.366259872909999395e-01,4.060684866795646886e-01
4.366259872909999395e-01,4.213471625939023135e-01
4.773856997490000253e-01,4.365594619663633047e-01
4.773856997490000253e-01,4.568032500378405025e-01
4.773856997490000253e-01,4.771101280385371401e-01
3.976134955879999100e-01,4.771101280385371401e-01
3.976134955879999100e-01,4.384185845882480614e-01
3.482356071469999703e-01,3.977519903816189584e-01
3.482356071469999703e-01,3.739417228447308728e-01
3.482356071469999703e-01,3.486552199546309461e-01
3.118337094779999874e-01,3.486552199546309461e-01
3.118337094779999874e-01,3.310846377220620917e-01
3.171803951259999921e-01,3.124775334022269480e-01
3.171803951259999921e-01,3.151190734127335413e-01
3.171803951259999921e-01,3.177903589138929563e-01
4.038523733619999723e-01,3.177903589138929563e-01
4.038523733619999723e-01,3.622867442194661058e-01
4.231171011919999114e-01,4.039571440736772767e-01
4.231171011919999114e-01,4.135304880799866023e-01
4.231171011919999114e-01,4.231200714516927808e-01
4.103133082389999742e-01,4.231200714516927808e-01
4.103133082389999742e-01,4.168202872346670196e-01
3.825991153719999760e-01,4.103835538360595669e-01
3.825991153719999760e-01,3.968509633912014056e-01
3.825991153719999760e-01,3.828203771372229447e-01
3.283196985719999961e-01,3.828203771372229447e-01
3.283196985719999961e-01,3.567809832691274385e-01
4.274086952210000567e-01,3.288601502279897559e-01
4.274086952210000567e-01,3.798361903662726413e-01
4.274086952210000567e-01,4.273894349221152855e-01
4.252949953080000234e-01,4.273894349221152855e-01
4.252949953080000234e-01,4.263452509054080353e-01
3.733009099960000743e-01,4.252866651006321219e-01
3.733009099960000743e-01,4.001255680795773872e-01
3.733009099960000743e-01,3.735745985274903647e-01
3.085846006869999991e-01,3.735745985274903647e-01
3.085846006869999991e-01,3.427756552743949636e-01
3.964940011499999972e-01,3.092491587237807260e-01
3.964940011499999972e-01,3.544723710182953180e-01
3.964940011499999972e-01,3.966385882069432545e-01
3.736622035499999606e-01,3.966385882069432545e-01
3.736622035499999606e-01,3.854820683707845252e-01
4.609690606589999518e-01,3.739338379712812133e-01
4.609690606589999518e-01,4.182462465950793629e-01
4.609690606589999518e-01,4.607795668497799979e-01
5.055209398269999710e-01,4.607795668497799979e-01
5.055209398269999710e-01,4.824809467275431585e-01
4.862078130249999908e-01,5.039752259680410074e-01
4.862078130249999908e-01,4.947231484052033168e-01
4.862078130249999908e-01,4.858774929477932547e-01
4.176821112629999777e-01,4.858774929477932547e-01
4.176821112629999777e-01,4.522886058068839588e-01
4.152663052080000083e-01,4.177134590907750633e-01
4.152663052080000083e-01,4.165210051045344364e-01
4.152663052080000083e-01,4.153103505370118742e-01
3.539227843280000063e-01,4.153103505370118742e-01
3.539227843280000063e-01,3.858267806816432222e-01
4.121466875079999870e-01,3.543086915380327939e-01
4.121466875079999870e-01,3.837299272690867236e-01
4.121466875079999870e-01,4.122072083738765880e-01
4.246948957439999894e-01,4.122072083738765880e-01
4.246948957439999894e-01,4.184297249675348329e-01
4.116100072860000014e-01,4.246896753407515823e-01
4.116100072860000014e-01,4.182511163750503580e-01
4.116100072860000014e-01,4.116733715892403334e-01
4.167558848860000165e-01,4.116733715892403334e-01
4.167558848860000165e-01,4.142191299407428362e-01
7.179881930349999442e-01,4.167920947479912819e-01
7.179881930349999442e-01,5.677138064326255895e-01
7.179881930349999442e-01,6.896250395668762634e-01
7.460209727289999204e-01,6.896250395668762634e-01
7.460209727289999204e-01,7.019840497860170281e-01
6.743454933169999999e-01,7.144462101595525638e-01
6.743454933169999999e-01,6.837764062695722567e-01
6.743454933169999999e-01,6.509966447370656439e-01
5.044998526569999253e-01,6.509966447370656439e-01
5.044998526569999253e-01,5.805900133136699948e-01
4.416491985319999647e-01,5.032944067011470013e-01
4.416491985319999647e-01,4.726662161537056317e-01
4.416491985319999647e-01,4.415571537910134570e-01
5.273267626759999827e-01,4.415571537910134570e-01
5.273267626759999827e-01,4.832929630688799771e-01
4.866291582580000163e-01,5.210068559111883379e-01
4.866291582580000163e-01,5.039936852495192632e-01
4.866291582580000163e-01,4.862957946702144429e-01
4.901336133479999857e-01,4.862957946702144429e-01
4.901336133479999857e-01,4.880596481013191323e-01
4.554049968720000341e-01,4.897718395109851852e-01
4.554049968720000341e-01,4.723815372864748618e-01
4.554049968720000341e-01,4.552435824617074855e-01
4.710359871390000230e-01,4.552435824617074855e-01
4.710359871390000230e-01,4.629990295500042152e-01
3.921526074409999452e-01,4.707947653190283632e-01
3.951126039029999593e-01,4.326209569650007469e-01
3.979625999930000435e-01,3.937832403846899809e-01
4.401533901690000139e-01,3.966727456859012180e-01
4.440133869649999787e-01,4.192060280801135352e-01
4.189392924310000321e-01,4.419807848923598681e-01
4.222123026849999294e-01,4.315867246501751131e-01
4.325543045999999947e-01,4.205827694569181374e-01
3.897302448749999093e-01,4.273459138408632341e-01
3.897302448749999093e-01,4.116646005662579211e-01
3.158755004409999900e-01,3.899119089743965372e-01
3.158755004409999900e-01,3.548533069766891535e-01
3.158755004409999900e-01,3.164936982846415225e-01
2.983449995520000009e-01,3.164936982846415225e-01
3.058260083200000090e-01,3.079540959321837024e-01
3.139868080620000224e-01,3.027764857271257326e-01
3.178507983680000093e-01,3.105469116259833018e-01
3.178507983680000093e-01,3.165243141898239632e-01
2.690170109270000331e-01,3.184565392796108729e-01
2.716149985790000110e-01,2.951783727298891158e-01
3.786717951300000440e-01,2.712247130587524535e-01
3.821088075640000081e-01,3.284429674040376113e-01
7.642176151280000163e-01,3.806128130367443241e-01
3.149220049379999886e-01,5.806169909764373749e-01
3.149220049379999886e-01,5.641530607569916755e-01
3.677682876589999927e-01,3.155462315953742602e-01
3.716253042220000191e-01,3.423090082691901403e-01
3.750433027739999980e-01,3.699787436691808207e-01
3.145920932290000027e-01,3.735966081830831564e-01
3.183420896530000377e-01,3.464514427494044257e-01
3.569136857989999578e-01,3.170693785526078057e-01
3.569136857989999578e-01,3.383412559403631281e-01
3.607777059080000126e-01,3.572820085193942341e-01
3.477511107919999955e-01,3.591902798635496219e-01
3.514860868449999898e-01,3.547442030060797280e-01
4.250530004499999404e-01,3.500177975375395878e-01
4.250530004499999404e-01,3.892637484323273056e-01
4.250530004499999404e-01,4.250459239379461018e-01
3.861202001569999376e-01,4.250459239379461018e-01
3.931281864639999402e-01,4.060896073054375832e-01
4.215882122520000497e-01,3.897891501508620737e-01
4.253722131250000094e-01,4.074801436917996345e-01
4.290882050990000307e-01,4.234711082323996956e-01
3.500989973549999967e-01,4.272021288581684950e-01
3.500989973549999967e-01,3.913417358779173738e-01
4.399001896379999832e-01,3.505075276936097106e-01
4.448441863060000334e-01,3.963648711180511874e-01
4.487121701239999982e-01,4.422662722129191426e-01
6.111720204349999630e-01,4.466525991006294882e-01
6.148989796639999783e-01,5.259621365662355830e-01
5.110722184179999905e-01,5.967456413448827268e-01
5.110722184179999905e-01,5.543737594973285887e-01
5.110722184179999905e-01,5.071087431841255766e-01
4.759427011010000652e-01,5.071087431841255766e-01
4.798106849189999745e-01,4.921365624001641237e-01
4.759783744809999440e-01,4.776047584118509604e-01
4.798503816130000321e-01,4.776023174536186966e-01
4.843935668469999678e-01,4.776422737150780029e-01
5.603232383730000210e-01,4.818315212153724825e-01
5.603232383730000210e-01,5.173355224080854464e-01
7.847160100939999383e-01,5.501591587669375505e-01
7.955579757689998921e-01,6.549960711215705444e-01
7.955579757689998921e-01,7.534750395678245782e-01
8.335011005399999284e-01,7.583251866474538527e-01
1.667002201079999857e+00,7.750934671514060348e-01
8.972362875939999816e-01,1.229383735360979113e+00
9.009742736820000042e-01,1.259524313038837606e+00
9.048272967340000861e-01,8.500928885795971945e-01
6.283913254740000065e-01,8.534584470659803968e-01
6.317213773730000481e-01,7.440120667816026989e-01
4.592050910000000097e-01,6.117998406220080954e-01
4.592050910000000097e-01,5.416245809645625631e-01
4.592050910000000097e-01,4.590245167266199244e-01
4.093953669069999579e-01,4.590245167266199244e-01
4.093953669069999579e-01,4.346846951409594761e-01
4.475960135459999267e-01,4.094704933835404126e-01
4.475960135459999267e-01,4.285387615567359254e-01
4.553210139269999734e-01,4.474739209840778442e-01
4.487347006800000981e-01,4.513048577522077442e-01
4.603087008000000258e-01,4.518974532927778620e-01
4.350169897079999570e-01,4.543490368327713358e-01
4.426270127299999912e-01,4.476392637653050510e-01
4.426270127299999912e-01,4.387296456869727579e-01
3.791283071040000285e-01,4.425300166459620876e-01
3.826532959939999978e-01,4.118520802858350871e-01
4.259440898899999883e-01,3.811102959072708019e-01
4.259440898899999883e-01,4.045733069520052183e-01
4.298121035100000986e-01,4.259323993115182727e-01
4.380941987040000152e-01,4.278464065836011798e-01
4.412491917610000258e-01,4.338841684774008556e-01
4.418860077860000679e-01,4.395823624603323876e-01
4.454639852049999682e-01,4.414744002619833685e-01
4.570029973979999882e-01,4.435650964595820311e-01
4.514279961590000334e-01,4.510767671757670016e-01
4.590690135959999418e-01,4.540703029328216345e-01
4.287201166149999798e-01,4.550770361876506076e-01
4.287201166149999798e-01,4.439422040316488016e-01
4.402630925179999433e-01,4.286940928340727264e-01
4.342474043370000980e-01,4.344177250805797419e-01
4.342474043370000980e-01,4.372055946859598752e-01
4.233070015910000428e-01,4.341930177813504987e-01
4.233070015910000428e-01,4.287994235820447586e-01
4.271639883519999792e-01,4.233089849317899223e-01
3.809197843069999645e-01,4.252172653578444872e-01
3.809197843069999645e-01,4.046969587774402743e-01
4.099150002000000459e-01,3.811504477066507413e-01
4.137530028820000094e-01,3.956178620538225443e-01
4.176169931890000298e-01,4.118851350385238641e-01
4.044888019560000103e-01,4.157159523094481335e-01
4.044888019560000103e-01,4.111937722881208734e-01
3.797920048239999957e-01,4.045901539511417289e-01
3.833861947059999942e-01,3.925226998365502484e-01
3.833861947059999942e-01,3.818045246866696996e-01
3.579637110230000085e-01,3.836030601610853075e-01
3.640326857569999852e-01,3.712118587657641244e-01
4.070531129839999873e-01,3.613263291914626807e-01
4.070531129839999873e-01,3.859579987000403278e-01
4.104670882230000428e-01,4.071407299573349681e-01
3.445169925689999801e-01,4.088284058195788551e-01
3.595249950890000434e-01,3.789495475698184124e-01
4.020515978340000185e-01,3.524110881522929395e-01
4.020515978340000185e-01,3.812328077697973994e-01
4.020515978340000185e-01,4.021660632215243725e-01
4.183932840820000498e-01,4.021660632215243725e-01
4.183932840820000498e-01,4.102795632444669049e-01
3.579424023630000118e-01,4.184209039598327240e-01
3.579424023630000118e-01,3.893340742433668566e-01
3.579424023630000118e-01,3.583046993594534158e-01
3.767234086990000064e-01,3.583046993594534158e-01
3.767234086990000064e-01,3.676446848265226830e-01
3.615497052669999767e-01,3.769776942104789974e-01
3.615497052669999767e-01,3.695478538827935422e-01
3.615497052669999767e-01,3.618909628898397957e-01
3.830209970470000447e-01,3.618909628898397957e-01
3.830209970470000447e-01,3.725804900635519279e-01
4.004223048689999898e-01,3.832399015491420591e-01
4.004223048689999898e-01,3.918848421668100768e-01
4.004223048689999898e-01,4.005455691618124425e-01
3.562247753140000417e-01,4.005455691618124425e-01
3.562247753140000417e-01,3.791654377907017759e-01
4.079149663449999630e-01,3.565971397536049081e-01
4.079149663449999630e-01,3.826493868187465508e-01
4.079149663449999630e-01,4.079979812426824948e-01
4.279375076290000690e-01,4.079979812426824948e-01
4.279375076290000690e-01,4.179492203390007821e-01
4.527379870409999896e-01,4.279155184173568660e-01
4.527379870409999896e-01,4.402438809203972903e-01
4.527379870409999896e-01,4.525899986085062388e-01
4.284806847569999633e-01,4.525899986085062388e-01
4.284806847569999633e-01,4.406404664755119160e-01
3.931682109830000327e-01,4.284558948045174009e-01
3.931682109830000327e-01,4.112241874758832405e-01
3.931682109830000327e-01,3.933309711877367443e-01
3.464429974559999903e-01,3.933309711877367443e-01
3.464429974559999903e-01,3.707828482851999174e-01
3.504903912539999999e-01,3.468733076532337645e-01
3.504903912539999999e-01,3.488720401130687709e-01
3.504903912539999999e-01,3.508965986119796376e-01
3.794040083889999582e-01,3.508965986119796376e-01
3.794040083889999582e-01,3.653437635782202375e-01
4.335641860960000038e-01,3.796431830531780682e-01
4.335641860960000038e-01,4.068864937245302849e-01
4.335641860960000038e-01,4.335132933737299576e-01
4.030199944969999892e-01,4.335132933737299576e-01
4.030199944969999892e-01,4.185647512108092161e-01
4.456120133400000016e-01,4.031292424718697087e-01
4.456120133400000016e-01,4.244255932583141377e-01
4.456120133400000016e-01,4.454999295832801076e-01
3.995403051380000403e-01,4.454999295832801076e-01
3.995403051380000403e-01,4.230405038887089519e-01
4.144912958149999938e-01,3.996683435541193985e-01
4.144912958149999938e-01,4.070880929600592113e-01
4.144912958149999938e-01,4.145394258188928593e-01
4.226143956180000716e-01,4.145394258188928593e-01
4.226143956180000716e-01,4.185622732186330408e-01
3.784384131430000298e-01,4.226199799293229864e-01
3.784384131430000298e-01,4.011723750276145473e-01
3.784384131430000298e-01,3.786830222847317740e-01
3.995887041089999925e-01,3.786830222847317740e-01
3.995887041089999925e-01,3.892065894453871633e-01
4.129965007310000824e-01,3.997164803494558383e-01
4.129965007310000824e-01,4.063668759418507248e-01
4.129965007310000824e-01,4.130525246027251240e-01
3.754371106620000287e-01,4.130525246027251240e-01
3.754371106620000287e-01,3.947891690096466122e-01
3.993744850160000359e-01,3.756986740200807806e-01
3.993744850160000359e-01,3.876228550897124481e-01
3.993744850160000359e-01,3.995034218505125190e-01
4.348390996459999824e-01,3.995034218505125190e-01
4.348390996459999824e-01,4.172127808626309164e-01
6.893620491030000297e-01,4.347816898980144118e-01
6.893620491030000297e-01,5.594915631308887694e-01
6.893620491030000297e-01,6.642858950304157961e-01
8.150650262829999271e-01,6.642858950304157961e-01
8.150650262829999271e-01,7.212664522263068090e-01
9.076452255249998213e-01,7.756101132832162737e-01
9.076452255249998213e-01,8.171225550073425437e-01
9.076452255249998213e-01,8.576884609472643639e-01
1.218327283860000110e+00,8.576884609472643639e-01
1.218327283860000110e+00,1.004230405875968346e+00
2.065572738650000240e+00,1.133617104775141993e+00
2.065572738650000240e+00,1.596996114132248845e+00
2.065572738650000240e+00,1.888807072643114093e+00
1.621608018879999724e+00,1.888807072643114093e+00
1.621608018879999724e+00,1.740384109406929447e+00
1.521622419359999645e+00,1.492702238671199444e+00
1.521622419359999645e+00,1.450440568321963219e+00
1.521622419359999645e+00,1.403594496295463401e+00
1.154663920399999988e+00,1.403594496295463401e+00
1.154663920399999988e+00,1.258288556092484800e+00
4.634226262570000365e-01,1.077018588621935669e+00
4.634226262570000365e-01,8.328219254879651867e-01
4.634226262570000365e-01,4.632206806507365160e-01
4.645279943939999989e-01,4.632206806507365160e-01
4.645279943939999989e-01,4.637698558946387051e-01
4.581755995750000365e-01,4.643204160888884657e-01
4.581755995750000365e-01,4.611655525443126846e-01
4.581755995750000365e-01,4.580002218747705189e-01
4.507719278339999969e-01,4.580002218747705189e-01
4.507719278339999969e-01,4.543308181417026748e-01
4.657320082190000154e-01,4.506338360920709163e-01
4.657320082190000154e-01,4.580570418088704687e-01
4.657320082190000154e-01,4.655182739879771825e-01
6.395400762560000674e-01,4.655182739879771825e-01
6.395400762560000674e-01,5.466231949246124211e-01
6.724990010259999096e-01,6.202028787668226739e-01
6.724990010259999096e-01,6.347631910245854492e-01
6.724990010259999096e-01,6.493626932527849505e-01
6.796741485600000798e-01,6.493626932527849505e-01
6.796741485600000798e-01,6.525073754517746183e-01
8.123113512990000062e-01,6.557121222681765449e-01
8.123113512990000062e-01,7.159612932488433890e-01
8.123113512990000062e-01,7.731699193347190135e-01
4.202164113519999966e-01,7.731699193347190135e-01
4.202164113519999966e-01,6.232768689518568550e-01
3.405857980249999972e-01,4.202344948826853832e-01
3.405857980249999972e-01,3.823071541985386679e-01
3.405857980249999972e-01,3.410513071826208331e-01
4.282079935070000065e-01,3.410513071826208331e-01
4.282079935070000065e-01,3.858541662622129720e-01
4.378429055210000254e-01,4.281846093205100567e-01
4.378429055210000254e-01,4.329599275911864553e-01
4.378429055210000254e-01,4.377701840927125665e-01
3.895506858829999586e-01,4.377701840927125665e-01
3.895506858829999586e-01,4.142962142852437690e-01
4.259384572509999911e-01,3.897333406122363009e-01
4.259384572509999911e-01,4.079232399168339906e-01
4.259384572509999911e-01,4.259267958179551172e-01
1.039569377900000147e+00,4.259267958179551172e-01
1.039569377900000147e+00,7.480283097621358568e-01
9.424064755439999219e-01,9.747680035081480732e-01
9.424064755439999219e-01,9.333492045372918655e-01
9.424064755439999219e-01,8.885249071315940439e-01
9.362046718600000039e-01,8.885249071315940439e-01
9.362046718600000039e-01,8.858173347239208795e-01
8.058719635009999882e-01,8.830226178615393495e-01
8.058719635009999882e-01,8.280635093098679400e-01
8.058719635009999882e-01,7.674638548179167907e-01
4.661914408209999472e-01,7.674638548179167907e-01
4.661914408209999472e-01,6.348303864472958358e-01
4.205698966979999898e-01,4.659753511456475872e-01
4.205698966979999898e-01,4.435831268521749915e-01
4.205698966979999898e-01,4.205861346034195924e-01
4.267042577269999359e-01,4.205861346034195924e-01
4.267042577269999359e-01,4.236228360929453762e-01
3.879961073399999516e-01,4.266886361112263715e-01
3.879961073399999516e-01,4.078342390577803789e-01
3.879961073399999516e-01,3.881873525152061966e-01
4.030889868739999660e-01,3.881873525152061966e-01
4.030889868739999660e-01,3.956784768524178042e-01
4.004350006580000843e-01,4.031978634902574909e-01
4.004350006580000843e-01,4.018890756877888659e-01
4.004350006580000843e-01,4.005581962867250101e-01
4.052248001100000052e-01,4.005581962867250101e-01
4.052248001100000052e-01,4.029266871416111728e-01
4.167000055309999507e-01,4.053222034336268487e-01
4.167000055309999507e-01,4.110104130397556621e-01
4.167000055309999507e-01,4.167365089666189015e-01
3.504272997380000199e-01,4.167365089666189015e-01
3.504272997380000199e-01,3.849593218109471082e-01
3.804480135439999855e-01,3.508338814402887085e-01
3.804480135439999855e-01,3.658415050333396756e-01
3.804480135439999855e-01,3.806813234182557792e-01
3.757967948910000966e-01,3.806813234182557792e-01
3.757967948910000966e-01,3.783919752435995765e-01
3.700991868969999432e-01,3.760563214066128257e-01
3.700991868969999432e-01,3.732538563134860654e-01
3.700991868969999432e-01,3.703911391225109817e-01
3.293899893760000031e-01,3.703911391225109817e-01
3.293899893760000031e-01,3.507415892552819825e-01
3.828789889810000346e-01,3.299238352508165328e-01
3.828789889810000346e-01,3.569783186215047532e-01
3.852060139180000231e-01,3.830986867462692902e-01
3.725549876690000262e-01,3.842476923512012643e-01
3.725549876690000262e-01,3.792071620651057406e-01
4.069108366969999557e-01,3.728329214667354674e-01
4.069108366969999557e-01,3.900162066636062574e-01
4.069108366969999557e-01,4.069992140735507191e-01
6.335183978080000111e-01,4.069992140735507191e-01
6.335183978080000111e-01,5.203414253000199219e-01
7.088968753809999912e-01,6.148764102130365172e-01
7.088968753809999912e-01,6.485962913634096827e-01
7.088968753809999912e-01,6.815768168753920664e-01
6.985757946969999299e-01,6.815768168753920664e-01
6.985757946969999299e-01,6.770775789749448048e-01
6.793326139449999967e-01,6.724408480277874745e-01
6.793326139449999967e-01,6.640746892540310142e-01
6.793326139449999967e-01,6.554098807160660956e-01
6.420862078669999917e-01,6.554098807160660956e-01
6.420862078669999917e-01,6.393050432438143194e-01
6.924812197690000115e-01,6.224551592446474491e-01
6.924812197690000115e-01,6.448327059585639009e-01
6.924812197690000115e-01,6.670465400219113272e-01
5.785598158839999616e-01,6.670465400219113272e-01
5.785598158839999616e-01,6.189653919331562504e-01
4.533382654189999639e-01,5.662786899867938706e-01
4.533382654189999639e-01,5.131647574073853191e-01
4.533382654189999639e-01,4.531872555935774205e-01
4.314306676389999540e-01,4.531872555935774205e-01
4.314306676389999540e-01,4.423850972891361644e-01
3.600413501259999705e-01,4.313907066960800951e-01
3.600413501259999705e-01,3.971391125829279445e-01
3.600413501259999705e-01,3.603913880351604093e-01
2.980313897129999723e-01,3.603913880351604093e-01
2.980313897129999723e-01,3.308991947542526124e-01
3.018093109130000062e-01,2.987641194136789746e-01
3.018093109130000062e-01,3.006286859816041934e-01
3.018093109130000062e-01,3.025174903893136924e-01
4.470677971840000264e-01,3.025174903893136924e-01
4.470677971840000264e-01,3.787917028016746235e-01
4.007943868639999851e-01,4.469483680679028903e-01
4.007943868639999851e-01,4.243840267272178113e-01
4.007943868639999851e-01,4.009156394436473314e-01
4.291793107989999578e-01,4.009156394436473314e-01
4.291793107989999578e-01,4.150609173149477082e-01
4.021373093130000687e-01,4.291509219705437195e-01
4.021373093130000687e-01,4.159075534817592290e-01
4.021373093130000687e-01,4.022513125435652204e-01
3.781648874280000294e-01,4.022513125435652204e-01
3.781648874280000294e-01,3.905369067070526556e-01
4.247744083399999648e-01,3.784110377805345315e-01
4.247744083399999648e-01,4.018080110120551551e-01
4.247744083399999648e-01,4.247687757197752267e-01
3.905130028719999702e-01,4.247687757197752267e-01
3.905130028719999702e-01,4.080529461829441873e-01
3.995692133900000109e-01,3.906903523334580575e-01
3.995692133900000109e-01,3.951749428977960887e-01
3.995692133900000109e-01,3.996970952082562478e-01
4.305683970449999953e-01,3.996970952082562478e-01
4.305683970449999953e-01,4.151577063943911461e-01
4.328439831729999909e-01,4.305328636988088875e-01
4.328439831729999909e-01,4.316587154494332390e-01
4.328439831729999909e-01,4.327967769770283968e-01
4.432224035259999528e-01,4.327967769770283968e-01
4.432224035259999528e-01,4.379421546607587534e-01
4.534592926500000121e-01,4.431223948675384050e-01
4.534592926500000121e-01,4.481993474685820322e-01
4.534592926500000121e-01,4.533076736444656696e-01
0.000000000000000000e+00,4.533076736444656696e-01
1.939699985090000134e-02,3.041125023532004201e-01
4.126954674720000327e-01,1.601819360947091819e-02
4.126954674720000327e-01,2.757277648947864535e-01
4.126954674720000327e-01,4.127530835677218346e-01
4.135805666449999807e-01,4.127530835677218346e-01
4.135805666449999807e-01,4.131903437374041532e-01
8.565646409990000931e-01,4.136335036698415291e-01
8.565646409990000931e-01,6.413176629337448142e-01
8.565646409990000931e-01,8.123932690810600210e-01
9.244641065599998875e-01,8.123932690810600210e-01
9.244641065599998875e-01,8.426303594918408413e-01
8.135259747509999695e-01,8.726071432083507551e-01
8.135259747509999695e-01,8.255709245389848405e-01
8.135259747509999695e-01,7.742462607655876683e-01
8.048061132430001097e-01,7.742462607655876683e-01
8.048061132430001097e-01,7.704428942867553864e-01
5.582718253139999920e-01,7.665194193610510576e-01
5.582718253139999920e-01,6.668305437175154893e-01
5.582718253139999920e-01,5.483460999399951685e-01
5.349811911580000245e-01,5.483460999399951685e-01
5.349811911580000245e-01,5.382222263228668702e-01
4.987033903600000539e-01,5.277659517315336224e-01
4.987033903600000539e-01,5.124142478976924098e-01
4.987033903600000539e-01,4.981943088521749718e-01
4.253976941109999799e-01,4.981943088521749718e-01
4.253976941109999799e-01,4.621579613350832449e-01
3.907926976680000108e-01,4.253888320007158108e-01
3.907926976680000108e-01,4.085061518810089165e-01
3.907926976680000108e-01,3.909685069419563397e-01
3.546603024009999383e-01,3.909685069419563397e-01
3.546603024009999383e-01,3.734394715692094247e-01
3.912897109990000066e-01,3.550418644708930871e-01
3.912897109990000066e-01,3.733996173789989603e-01
3.912897109990000066e-01,3.914627853518584111e-01
4.169239997860000324e-01,3.914627853518584111e-01
4.169239997860000324e-01,4.042324447891788575e-01
4.063850045199999816e-01,4.169593265914464664e-01
4.063850045199999816e-01,4.117727203901153099e-01
4.063850045199999816e-01,4.064761939220850606e-01
4.295071959499999759e-01,4.064761939220850606e-01
4.295071959499999759e-01,4.179786595574914720e-01
4.310967922209999470e-01,4.294771193709512880e-01
4.310967922209999470e-01,4.302633696196290769e-01
4.310967922209999470e-01,4.310585450068805113e-01
3.574509918689999788e-01,4.310585450068805113e-01
3.574509918689999788e-01,3.957701489168829467e-01
4.129497110840000818e-01,3.578161658796938371e-01
4.129497110840000818e-01,3.858217624894887399e-01
4.129497110840000818e-01,4.130059823802216812e-01
4.768455922600000618e-01,4.130059823802216812e-01
4.768455922600000618e-01,4.449726817904679499e-01
4.214389920229999476e-01,4.765730391675669919e-01
4.214389920229999476e-01,4.493666764072039577e-01
4.214389920229999476e-01,4.214506968002475484e-01
3.874038755889999130e-01,4.214506968002475484e-01
3.874038755889999130e-01,4.048525960186785677e-01
4.326429963110000054e-01,3.875983999044581019e-01
4.326429963110000054e-01,4.102754317465480693e-01
4.326429963110000054e-01,4.325968195740951816e-01
4.368141889570000269e-01,4.325968195740951816e-01
4.368141889570000269e-01,4.346618301067477486e-01
4.295029938219999677e-01,4.367467047642812350e-01
4.295029938219999677e-01,4.331370470057645528e-01
4.295029938219999677e-01,4.294729388676727377e-01
3.966261744499999797e-01,4.294729388676727377e-01
3.966261744499999797e-01,4.134100827905935471e-01
4.003483951089999993e-01,3.967700415697369976e-01
4.003483951089999993e-01,3.986096862438843758e-01
4.003483951089999993e-01,4.004720591680396291e-01
3.681659996509999977e-01,4.004720591680396291e-01
3.681659996509999977e-01,3.848098533955442435e-01
3.570592701439999628e-01,3.684690322330365642e-01
3.570592701439999628e-01,3.630223721959434657e-01
3.570592701439999628e-01,3.574267394049641666e-01
3.687047064299999732e-01,3.574267394049641666e-01
3.687047064299999732e-01,3.631993574981075557e-01
4.274607896799999529e-01,3.690046473258997706e-01
4.274607896799999529e-01,3.986427201401099851e-01
4.274607896799999529e-01,4.274412604513333491e-01
4.656915962699999523e-01,4.274412604513333491e-01
4.656915962699999523e-01,4.464728594727952471e-01
4.628629982470000015e-01,4.654780690455943004e-01
4.628629982470000015e-01,4.640721561127203465e-01
4.628629982470000015e-01,4.626638984012209632e-01
4.056676030159999669e-01,4.626638984012209632e-01
4.056676030159999669e-01,4.347727612565616129e-01
4.127956926820000039e-01,4.057626332045963791e-01
4.127956926820000039e-01,4.092908108693535940e-01
4.127956926820000039e-01,4.128527785736100242e-01
3.918930888180000571e-01,4.128527785736100242e-01
3.918930888180000571e-01,4.026127812642145698e-01
3.809182941910000397e-01,3.920628463376027995e-01
3.809182941910000397e-01,3.866730362920902109e-01
3.809182941910000397e-01,3.811489659460364221e-01
4.471760094169999755e-01,3.811489659460364221e-01
4.471760094169999755e-01,4.145723472722901426e-01
4.073679149149999068e-01,4.470560345877163666e-01
4.073679149149999068e-01,4.275899292993675105e-01
4.073679149149999068e-01,4.074538501025309345e-01
4.392369985580000247e-01,4.074538501025309345e-01
4.392369985580000247e-01,4.233428258126743504e-01
4.781000912190000451e-01,4.391571901205892914e-01
4.781000912190000451e-01,4.584469218925728562e-01
4.781000912190000451e-01,4.778204893846175749e-01
3.998832106589999547e-01,4.778204893846175749e-01
3.998832106589999547e-01,4.398390062114234111e-01
4.708319008349999835e-01,4.000093920673868930e-01
4.708319008349999835e-01,4.356693325845733544e-01
4.708319008349999835e-01,4.705917513526771678e-01
4.485247135159999843e-01,4.705917513526771678e-01
4.485247135159999843e-01,4.595232320271716575e-01
4.637179970740000212e-01,4.483979400921708214e-01
4.637179970740000212e-01,4.559369748104150633e-01
4.637179970740000212e-01,4.635145479267334667e-01
4.431689977650000167e-01,4.635145479267334667e-01
4.431689977650000167e-01,4.533446904692592372e-01
4.269253909590000062e-01,4.430692592618182823e-01
4.269253909590000062e-01,4.350635823982592632e-01
4.269253909590000062e-01,4.269086266788651995e-01
3.542402982710000092e-01,4.269086266788651995e-01
3.542402982710000092e-01,3.920980205599344237e-01
4.172529876230000045e-01,3.546243340997349280e-01
4.172529876230000045e-01,3.865163115901383839e-01
4.172529876230000045e-01,4.172865870901465990e-01
4.104104042050000234e-01,4.172865870901465990e-01
4.104104042050000234e-01,4.139144223372076548e-01
3.997150063509999907e-01,4.104801339882031552e-01
3.997150063509999907e-01,4.052198358892631913e-01
3.997150063509999907e-01,3.998420985256409543e-01
4.423989951609999527e-01,3.998420985256409543e-01
4.423989951609999527e-01,4.211937034193231066e-01
4.418834745880000359e-01,4.423031532594109971e-01
4.418834745880000359e-01,4.420480028572849052e-01
4.418834745880000359e-01,4.417902431075079184e-01
4.381038844590000036e-01,4.417902431075079184e-01
4.381038844590000036e-01,4.399211659077249537e-01
3.823015987870000409e-01,4.380298354254252846e-01
3.823015987870000409e-01,4.109994824989084417e-01
3.823015987870000409e-01,3.825245240390628965e-01
3.581267893310000061e-01,3.825245240390628965e-01
3.581267893310000061e-01,3.707351965497600599e-01
3.710660040380000524e-01,3.584880074894774560e-01
3.710660040380000524e-01,3.649057660651837121e-01
3.710660040380000524e-01,3.713524297387696405e-01
4.434733986850000198e-01,3.713524297387696405e-01
4.434733986850000198e-01,4.080011236686852949e-01
4.754320085049999478e-01,4.433721205345990679e-01
4.754320085049999478e-01,4.592283863290535506e-01
4.754320085049999478e-01,4.751672536923020052e-01
4.891397953030000023e-01,4.751672536923020052e-01
4.891397953030000023e-01,4.819695329974013065e-01
3.850314915179999797e-01,4.887867588171099786e-01
3.850314915179999797e-01,4.387200633765423463e-01
3.850314915179999797e-01,3.852391877761229266e-01
4.461190104480000085e-01,3.852391877761229266e-01
4.461190104480000085e-01,4.159945124262279803e-01
4.124912917610000229e-01,4.460043677165145271e-01
4.124912917610000229e-01,4.295235084832750294e-01
4.124912917610000229e-01,4.125499882606785684e-01
4.015442132949998966e-01,4.125499882606785684e-01
4.015442132949998966e-01,4.071654996351609102e-01
4.274465143680000745e-01,4.016614159819167917e-01
4.274465143680000745e-01,4.145598000775027603e-01
4.274465143680000745e-01,4.274270588313272556e-01
4.491746127610000139e-01,4.274270588313272556e-01
4.491746127610000139e-01,4.382231481724892519e-01
4.546988904479999927e-01,4.490445650080783224e-01
4.546988904479999927e-01,4.517837599380114533e-01
4.546988904479999927e-01,4.545410314054035839e-01
5.350347161289999987e-01,4.545410314054035839e-01
5.350347161289999987e-01,4.929123831221800534e-01
4.863213896749999932e-01,5.278132318499476616e-01
4.863213896749999932e-01,5.071804824784933441e-01
4.863213896749999932e-01,4.859902552438076784e-01
4.639625847339999276e-01,4.859902552438076784e-01
4.639625847339999276e-01,4.747687876265184737e-01
4.310921132559999425e-01,4.637578896914709148e-01
4.310921132559999425e-01,4.475555287453436559e-01
4.310921132559999425e-01,4.310538900641474047e-01
3.789826929569999336e-01,4.310538900641474047e-01
3.789826929569999336e-01,4.058078792373266963e-01
3.983632922169999535e-01,3.792242376292729866e-01
3.983632922169999535e-01,3.888605507690637286e-01
3.983632922169999535e-01,3.984977136349093785e-01
3.902330100540000180e-01,3.984977136349093785e-01
3.902330100540000180e-01,3.944982984410606019e-01
3.968501985069999849e-01,3.904119021438572368e-01
3.968501985069999849e-01,3.936855599091522717e-01
3.968501985069999849e-01,3.969928457856453097e-01
3.754509985450000253e-01,3.969928457856453097e-01
3.754509985450000253e-01,3.865290100749260160e-01
3.640201091770000064e-01,3.757124832325691721e-01
3.640201091770000064e-01,3.701054890719349122e-01
3.640201091770000064e-01,3.643470392885682640e-01
3.937920928000000487e-01,3.643470392885682640e-01
3.937920928000000487e-01,3.792187898722838568e-01
3.923523128029999807e-01,3.939514354178124678e-01
3.923523128029999807e-01,3.932413835218409037e-01
3.923523128029999807e-01,3.925195483997808155e-01
3.946807980539999705e-01,3.925195483997808155e-01
3.946807980539999705e-01,3.936695837804370379e-01
3.678174018860000394e-01,3.948352791920199945e-01
3.678174018860000394e-01,3.817363589947279645e-01
3.678174018860000394e-01,3.681224367531651387e-01
4.155401885510000004e-01,3.681224367531651387e-01
4.155401885510000004e-01,3.921126956300503008e-01
3.821060955519999802e-01,4.155827916925508569e-01
3.821060955519999802e-01,3.992879901567533696e-01
3.821060955519999802e-01,3.823301144114725769e-01
4.181781113149999340e-01,3.823301144114725769e-01
4.181781113149999340e-01,4.003706679240773281e-01
4.096040129659999085e-01,4.182068586479595895e-01
4.096040129659999085e-01,4.139836984808690779e-01
4.096040129659999085e-01,4.096780293299475684e-01
4.311416149140000487e-01,4.096780293299475684e-01
4.311416149140000487e-01,4.203862947022456442e-01
4.626162946219999905e-01,4.311031375840445046e-01
4.626162946219999905e-01,4.467554063765146743e-01
4.626162946219999905e-01,4.624184481311955364e-01
4.133287072179999688e-01,4.624184481311955364e-01
4.133287072179999688e-01,4.382989506978660632e-01
4.511181116100000388e-01,4.133829749585045676e-01
4.511181116100000388e-01,4.322353947733211799e-01
4.511181116100000388e-01,4.509782770249519679e-01
4.431419074539999503e-01,4.509782770249519679e-01
4.431419074539999503e-01,4.470319765657027045e-01
4.039100110530000065e-01,4.430423059934005536e-01
4.039100110530000065e-01,4.238724376126777882e-01
4.039100110530000065e-01,4.040144719887945879e-01
3.706830143929999988e-01,4.040144719887945879e-01
3.706830143929999988e-01,3.878448089476802529e-01
4.018740057949999889e-01,3.709716281515395564e-01
4.018740057949999889e-01,3.865554414097345792e-01
4.018740057949999889e-01,4.019894289897414374e-01
4.740679860120000089e-01,4.019894289897414374e-01
4.740679860120000089e-01,4.382576250051765099e-01
3.963837027550000114e-01,4.738106353650311520e-01
3.963837027550000114e-01,4.361449907957358763e-01
3.963837027550000114e-01,3.965288907323533674e-01
4.666908979420000825e-01,3.965288907323533674e-01
4.666908979420000825e-01,4.318985080108897479e-01
4.889398217199999452e-01,4.664722431620383358e-01
4.889398217199999452e-01,4.774670491849706266e-01
4.889398217199999452e-01,4.885884676296909923e-01
5.339831709860000108e-01,4.885884676296909923e-01
5.339831709860000108e-01,5.078730734511154310e-01
4.848461449149999991e-01,5.268843995607838115e-01
4.848461449149999991e-01,5.060831802716174721e-01
4.848461449149999991e-01,4.845252759537185816e-01
4.506468474859999795e-01,4.845252759537185816e-01
4.506468474859999795e-01,4.674756233837039088e-01
2.794210016729999912e-01,4.505093854913694296e-01
2.794210016729999912e-01,3.729457828007052278e-01
2.794210016729999912e-01,2.802770535882637137e-01
3.060033917430000083e-01,2.802770535882637137e-01
3.060033917430000083e-01,2.935907903774206962e-01
3.754523992540000354e-01,3.066845069468605578e-01
3.754523992540000354e-01,3.421565247541731858e-01
3.754523992540000354e-01,3.757138760071064287e-01
4.844909906390000298e-01,3.757138760071064287e-01
4.844909906390000298e-01,4.312186980032052808e-01
3.521358966830000492e-01,4.841725017672690590e-01
3.521358966830000492e-01,4.217396435476706840e-01
3.521358966830000492e-01,3.525323560232416775e-01
3.735133111479999601e-01,3.525323560232416775e-01
3.735133111479999601e-01,3.631775132345591017e-01
3.947376608850000079e-01,3.737857919195843870e-01
3.947376608850000079e-01,3.843478813159162399e-01
3.947376608850000079e-01,3.948918312378729145e-01
4.555048942570000259e-01,3.948918312378729145e-01
4.555048942570000259e-01,4.254276777788185138e-01
4.510129094120000626e-01,4.553429767717196985e-01
4.510129094120000626e-01,4.531168565022589689e-01
4.510129094120000626e-01,4.508736044465345150e-01
3.942635953429999285e-01,4.508736044465345150e-01
3.942635953429999285e-01,4.233021144811974779e-01
4.025529921050000071e-01,3.944203577097850633e-01
4.025529921050000071e-01,3.985242110205152177e-01
4.025529921050000071e-01,4.026647549929481262e-01
4.152212142939999961e-01,4.026647549929481262e-01
4.152212142939999961e-01,4.089467544090069628e-01
3.973298966879999505e-01,4.152654971237178527e-01
3.973298966879999505e-01,4.064873874568545320e-01
3.973298966879999505e-01,3.974699336349297729e-01
4.121809899810000011e-01,3.974699336349297729e-01
4.121809899810000011e-01,4.048399455371031186e-01
4.022100269789999905e-01,4.122413291969408422e-01
4.022100269789999905e-01,4.073352221059851619e-01
4.022100269789999905e-01,4.023236381718762744e-01
4.753189980979999896e-01,4.023236381718762744e-01
4.753189980979999896e-01,4.390503789825665470e-01
4.730204045770000088e-01,4.750548609229452990e-01
4.730204045770000088e-01,4.739075434646646823e-01
4.730204045770000088e-01,4.727686726027507946e-01
4.177773892879999562e-01,4.727686726027507946e-01
4.177773892879999562e-01,4.456911647747012206e-01
4.158276915550001007e-01,4.178082374092549900e-01
4.158276915550001007e-01,4.168456975033839051e-01
4.158276915550001007e-01,4.158687815257759435e-01
4.848479926590000821e-01,4.158687815257759435e-01
4.848479926590000821e-01,4.503624899122349867e-01
4.053176939490000241e-01,4.845271112302428351e-01
4.053176939490000241e-01,4.458096572722174966e-01
4.053176939490000241e-01,4.054145992650000085e-01
4.308260083199999535e-01,4.054145992650000085e-01
4.308260083199999535e-01,4.181130997154939855e-01
3.542538881300000275e-01,4.307891516060952108e-01
3.542538881300000275e-01,3.941596002200720150e-01
3.542538881300000275e-01,3.546378438865469551e-01
3.916499912740000200e-01,3.546378438865469551e-01
3.916499912740000200e-01,3.733861813446379130e-01
3.985339105129999671e-01,3.918210846815152193e-01
3.985339105129999671e-01,3.952271410028873611e-01
3.985339105129999671e-01,3.986674058054925918e-01
4.252705872060000281e-01,3.986674058054925918e-01
4.252705872060000281e-01,4.119864843676684929e-01
4.411163926120000300e-01,4.252623834270761738e-01
4.411163926120000300e-01,4.331270288830396109e-01
4.411163926120000300e-01,4.410270478935547356e-01
3.742229938509999410e-01,4.410270478935547356e-01
3.742229938509999410e-01,4.087772737313525862e-01
3.939025104050000170e-01,3.744914426733332302e-01
3.939025104050000170e-01,3.842785443992816075e-01
3.939025104050000170e-01,3.940612485719505176e-01
4.147954881189999665e-01,3.940612485719505176e-01
4.147954881189999665e-01,4.044516424521454323e-01
4.518460035320000512e-01,4.148420142275957567e-01
4.518460035320000512e-01,4.333200260574955887e-01
4.518460035320000512e-01,4.517025048140368426e-01
4.941947162149999406e-01,4.517025048140368426e-01
4.941947162149999406e-01,4.725705053523726051e-01
6.223957538600001227e-01,4.937871130716127710e-01
6.223957538600001227e-01,5.500282720649890544e-01
6.223957538600001227e-01,6.050387880916282546e-01
6.697301268580000411e-01,6.050387880916282546e-01
6.697301268580000411e-01,6.260428070481456331e-01
5.732486844059999642e-01,6.469125904009088712e-01
5.732486844059999642e-01,6.059593974473959088e-01
5.732486844059999642e-01,5.615837813037485304e-01
4.196159839629999833e-01,5.615837813037485304e-01
4.196159839629999833e-01,4.964880129587683766e-01
6.314817070960000445e-01,4.196372049589359721e-01
6.314817070960000445e-01,5.242807378045724054e-01
6.314817070960000445e-01,6.130749352254476481e-01
5.673866271970000597e-01,6.130749352254476481e-01
5.673866271970000597e-01,5.855771060999918065e-01
6.554793715479999561e-01,5.564021843721728144e-01
6.554793715479999561e-01,5.959897557560707160e-01
6.554793715479999561e-01,6.343036108977145870e-01
4.626357555390000487e-01,6.343036108977145870e-01
4.626357555390000487e-01,5.548777463724530179e-01
3.749576509000000502e-01,4.624378102034649163e-01
3.749576509000000502e-01,4.203444581487595921e-01
3.749576509000000502e-01,3.752219314960248409e-01
3.722065091130000170e-01,3.752219314960248409e-01
3.722065091130000170e-01,3.738669201997434355e-01
4.469276964660000573e-01,3.724864282279418126e-01
4.469276964660000573e-01,4.103193497564489034e-01
4.469276964660000573e-01,4.468089739320479370e-01
4.041427075859999607e-01,4.468089739320479370e-01
4.041427075859999607e-01,4.259148268252375691e-01
4.089995920660000062e-01,4.042459182146352914e-01
4.089995920660000062e-01,4.066478959902891654e-01
4.089995920660000062e-01,4.090768254172003071e-01
4.197629988189999772e-01,4.090768254172003071e-01
4.197629988189999772e-01,4.144111587920281670e-01
4.644140005110000136e-01,4.197834513136369239e-01
4.644140005110000136e-01,4.420555264793628036e-01
4.644140005110000136e-01,4.642070038744460780e-01
4.338763058189999966e-01,4.642070038744460780e-01
4.338763058189999966e-01,4.491390025446305723e-01
3.530733883380000049e-01,4.338238165780614608e-01
3.530733883380000049e-01,3.952300095651236633e-01
3.530733883380000049e-01,3.534643071596118014e-01
3.588556051250000323e-01,3.534643071596118014e-01
3.588556051250000323e-01,3.563224499293792813e-01
4.075076878069999742e-01,3.592125626249071946e-01
4.075076878069999742e-01,3.837000324779502591e-01
4.075076878069999742e-01,4.075928765815225452e-01
4.228986501690000788e-01,4.075928765815225452e-01
4.228986501690000788e-01,4.152317054559674925e-01
4.924755990510000236e-01,4.229027561032566718e-01
4.924755990510000236e-01,4.575562252024380494e-01
4.924755990510000236e-01,4.920899636347810802e-01
4.899508059020000195e-01,4.920899636347810802e-01
4.899508059020000195e-01,4.908010726753911368e-01
4.494706094259999785e-01,4.895906898265983132e-01
4.494706094259999785e-01,4.693885097201158096e-01
4.494706094259999785e-01,4.493390706942595458e-01
3.075525760649999718e-01,4.493390706942595458e-01
3.075525760649999718e-01,3.837347014921852484e-01
4.027971029280000281e-01,3.082237449594761869e-01
4.027971029280000281e-01,3.573660897479588039e-01
4.027971029280000281e-01,4.029075509579284065e-01
4.405215978619999584e-01,4.029075509579284065e-01
4.405215978619999584e-01,4.217499187536817296e-01
4.274972081179999606e-01,4.404352690849674401e-01
4.274972081179999606e-01,4.340126091674466058e-01
4.274972081179999606e-01,4.274774908974809939e-01
4.156419038770000074e-01,4.274774908974809939e-01
4.156419038770000074e-01,4.216395288312578815e-01
4.089620113369999976e-01,4.156839715899406928e-01
4.089620113369999976e-01,4.123922082455326876e-01
4.089620113369999976e-01,4.090394448233556357e-01
3.979226052760000409e-01,4.090394448233556357e-01
3.979226052760000409e-01,4.036113394830213030e-01
5.024131536479999882e-01,3.980594201084859396e-01
5.024131536479999882e-01,4.507094558648337412e-01
5.024131536479999882e-01,5.016376317756290337e-01
8.938580155369998392e-01,5.016376317756290337e-01
8.938580155369998392e-01,6.903686191082409884e-01
7.032271027570000665e-01,8.454606577820900082e-01
7.032271027570000665e-01,7.666306342202161561e-01
7.032271027570000665e-01,6.765579511271547775e-01
7.804328203200001646e-01,6.765579511271547775e-01
7.804328203200001646e-01,7.110817871117591782e-01
6.894829273220000054e-01,7.449252900984899561e-01
6.894829273220000054e-01,7.062248769260534020e-01
6.894829273220000054e-01,6.643928775118665975e-01
7.633991241459999744e-01,6.643928775118665975e-01
7.633991241459999744e-01,6.974209043029386823e-01
7.514424920080000625e-01,7.298369737347828456e-01
7.514424920080000625e-01,7.246271648555560052e-01
7.514424920080000625e-01,7.192474267031547797e-01
6.957467794419999185e-01,7.192474267031547797e-01
6.957467794419999185e-01,6.952965684534127000e-01
5.145999789240000011e-01,6.699368440892389254e-01
5.145999789240000011e-01,5.951586358531123500e-01
5.145999789240000011e-01,5.098504641587084940e-01
5.309863090519999496e-01,5.098504641587084940e-01
5.309863090519999496e-01,5.170915312321523460e-01
5.100079774860000192e-01,5.242376517729379071e-01
5.100079774860000192e-01,5.153280997000839747e-01
5.100079774860000192e-01,5.064685531035955091e-01
4.802119731900000299e-01,5.064685531035955091e-01
4.802119731900000299e-01,4.937227580555003659e-01
4.081950187680000175e-01,4.799201641957963060e-01
4.081950187680000175e-01,4.447974064316347342e-01
4.081950187680000175e-01,4.082765397861669032e-01
4.006690978999999930e-01,4.082765397861669032e-01
4.006690978999999930e-01,4.045710918382971477e-01
4.133349061009999881e-01,4.007910277192376913e-01
4.133349061009999881e-01,4.070717933867726845e-01
4.133349061009999881e-01,4.133891410822693735e-01
5.002071857450000048e-01,4.133891410822693735e-01
5.002071857450000048e-01,4.568172124961594749e-01
5.184333920479999858e-01,4.996290422522747243e-01
5.184333920479999858e-01,5.062886741348741060e-01
5.184333920479999858e-01,5.131757029897884292e-01
4.884727001190000140e-01,5.131757029897884292e-01
4.884727001190000140e-01,5.010977426633084209e-01
4.844418764109998943e-01,4.881251882510559414e-01
4.844418764109998943e-01,4.860856080232393017e-01
4.844418764109998943e-01,4.841237141910770259e-01
6.645169258120000588e-01,4.841237141910770259e-01
6.645169258120000588e-01,5.662596286328311912e-01
6.818649172779999157e-01,6.422997621994450679e-01
6.818649172779999157e-01,6.499264864316357526e-01
6.818649172779999157e-01,6.576508720029845545e-01
5.669579505919999374e-01,6.576508720029845545e-01
5.669579505919999374e-01,6.091672396809851842e-01
4.920668601990000335e-01,5.560232812280336834e-01
4.920668601990000335e-01,5.239930903992173761e-01
4.920668601990000335e-01,4.916858034284458112e-01
4.680449962619999127e-01,4.916858034284458112e-01
4.680449962619999127e-01,4.795569217615295310e-01
4.675419926640000390e-01,4.678193611185937351e-01
4.675419926640000390e-01,4.675691219217231742e-01
4.675419926640000390e-01,4.673189552106500888e-01
4.261364042759999693e-01,4.673189552106500888e-01
4.261364042759999693e-01,4.469482913398679091e-01
4.357540905480000171e-01,4.261237187440279905e-01
4.357540905480000171e-01,4.308902016447501149e-01
4.357540905480000171e-01,4.356920104478602673e-01
3.830324113369999450e-01,4.356920104478602673e-01
3.830324113369999450e-01,4.101303316955800526e-01
3.960458040240000255e-01,3.832512520875343554e-01
3.960458040240000255e-01,3.897052338168761065e-01
3.960458040240000255e-01,3.961928336783397953e-01
3.907293081279999969e-01,3.961928336783397953e-01
3.907293081279999969e-01,3.935748376705927032e-01
4.030078947540000067e-01,3.909054663974127486e-01
4.030078947540000067e-01,3.969932571203198535e-01
4.030078947540000067e-01,4.031172078617878962e-01
3.960439860820000324e-01,4.031172078617878962e-01
3.960439860820000324e-01,3.996888987927837422e-01
4.169709980490000079e-01,3.961910256479173054e-01
4.169709980490000079e-01,4.065978783768500193e-01
4.169709980490000079e-01,4.170060780323064931e-01
5.306574702260000720e-01,4.170060780323064931e-01
5.306574702260000720e-01,4.734878212277924270e-01
5.580067038539999746e-01,5.239472741238323517e-01
5.580067038539999746e-01,5.360639248366456666e-01
5.580067038539999746e-01,5.481117863268872847e-01
5.847731828690000411e-01,5.481117863268872847e-01
5.847731828690000411e-01,5.599342508777033212e-01
4.807297885419999917e-01,5.717714941468199363e-01
4.807297885419999917e-01,5.275550983140705474e-01
4.807297885419999917e-01,4.804349078220755409e-01
3.703216910360000447e-01,4.804349078220755409e-01
3.703216910360000447e-01,4.277333677910951648e-01
4.152989983560000375e-01,3.706123705011321601e-01
4.152989983560000375e-01,3.931959325923629067e-01
4.152989983560000375e-01,4.153428714968135371e-01
4.316859841350000893e-01,4.153428714968135371e-01
4.316859841350000893e-01,4.234778983036721067e-01
4.304212033750000610e-01,4.316447132506766038e-01
4.304212033750000610e-01,4.310195191047286323e-01
4.304212033750000610e-01,4.303864263976444060e-01
4.361877143379999655e-01,4.303864263976444060e-01
4.361877143379999655e-01,4.332419966301873093e-01
3.961044847970000560e-01,4.361234228559843218e-01
3.961044847970000560e-01,4.165750625948672070e-01
3.961044847970000560e-01,3.962511945365366772e-01
4.204733073709999713e-01,3.962511945365366772e-01
4.204733073709999713e-01,4.083831285915431875e-01
4.337761104110000043e-01,4.204900494826472879e-01
4.337761104110000043e-01,4.270884934179810521e-01
4.337761104110000043e-01,4.337241336035506656e-01
3.759402930739999538e-01,4.337241336035506656e-01
3.759402930739999538e-01,4.057652313998627025e-01
4.376573860649999870e-01,3.761990073598703854e-01
4.376573860649999870e-01,4.073235201523772719e-01
4.376573860649999870e-01,4.375856086334207196e-01
4.568543136119999626e-01,4.375856086334207196e-01
4.568543136119999626e-01,4.471164321625422100e-01
4.250680804249999944e-01,4.566855981310762869e-01
4.250680804249999944e-01,4.410502032934047745e-01
4.250680804249999944e-01,4.250609257744871750e-01
3.928380012509999353e-01,4.250609257744871750e-01
3.928380012509999353e-01,4.093214897275291864e-01
3.598076105119999979e-01,3.930025719199787826e-01
3.598076105119999979e-01,3.769489584737740206e-01
3.598076105119999979e-01,3.601590112408176170e-01
3.751559853549999990e-01,3.601590112408176170e-01
3.751559853549999990e-01,3.677799381946318391e-01
3.895123004909999409e-01,3.754191416376445045e-01
3.895123004909999409e-01,3.825433120707610879e-01
3.895123004909999409e-01,3.896951670358619335e-01
3.700743913650000882e-01,3.896951670358619335e-01
3.700743913650000882e-01,3.801878454318204370e-01
3.904204070569999852e-01,3.703664854576855237e-01
3.904204070569999852e-01,3.804887643917060358e-01
3.904204070569999852e-01,3.905982665891478689e-01
3.874706029889999903e-01,3.905982665891478689e-01
3.874706029889999903e-01,3.891446475099247793e-01
4.190067052839999140e-01,3.876647576598130085e-01
4.190067052839999140e-01,4.034078323629159413e-01
4.219856858250000120e-01,4.190311132313511711e-01
4.216736853120000017e-01,4.205042810578561441e-01
4.216736853120000017e-01,4.218403863320746572e-01
3.585503995420000201e-01,4.216841670672522024e-01
3.585503995420000201e-01,3.913334789682579862e-01
3.585503995420000201e-01,3.589091405747333874e-01
3.223483562469999786e-01,3.589091405747333874e-01
3.223483562469999786e-01,3.414127053109638488e-01
2.585717141630000104e-01,3.229258976442723750e-01
2.585717141630000104e-01,2.928467372334632723e-01
2.585717141630000104e-01,2.595706780931997248e-01
2.235420048239999957e-01,2.595706780931997248e-01
2.235420048239999957e-01,2.428332806784244957e-01
3.025208115579999801e-01,2.247925588791223062e-01
3.025208115579999801e-01,2.659256482403758448e-01
3.025208115579999801e-01,3.032243856545082661e-01
3.783709108829999557e-01,3.032243856545082661e-01
3.783709108829999557e-01,3.420933273126606777e-01
4.257400035859999488e-01,3.786159003006698831e-01
4.257400035859999488e-01,4.023991511197418380e-01
4.257400035859999488e-01,4.257293691935183366e-01
4.241240918639999635e-01,4.257293691935183366e-01
4.241240918639999635e-01,4.249310793686368881e-01
4.122250080110000381e-01,4.241218322196287915e-01
4.122250080110000381e-01,4.182646201153310539e-01
4.122250080110000381e-01,4.122851141439865530e-01
4.019910097119999692e-01,4.122851141439865530e-01
4.019910097119999692e-01,4.072500793356981230e-01
5.473408102989999469e-01,4.021058018346588825e-01
5.473408102989999469e-01,4.750246516449536105e-01
5.473408102989999469e-01,5.386859952942003593e-01
5.303153991699999237e-01,5.386859952942003593e-01
5.303153991699999237e-01,5.312777908950145900e-01
5.067586302759999883e-01,5.236452231561762316e-01
5.067586302759999883e-01,5.137046197944087345e-01
5.067586302759999883e-01,5.047052940137437549e-01
3.995606005189999976e-01,5.047052940137437549e-01
3.995606005189999976e-01,4.543266578144473100e-01
4.397589862349999823e-01,3.996885289928701623e-01
4.397589862349999823e-01,4.197853143107560525e-01
4.397589862349999823e-01,4.396765271747907766e-01
3.957416415209999427e-01,4.396765271747907766e-01
3.957416415209999427e-01,4.182297145430063368e-01
4.092826843260000125e-01,3.958903299572109069e-01
4.092826843260000125e-01,4.026071563063438052e-01
4.092826843260000125e-01,4.093584105077312518e-01
4.579046964649999829e-01,4.093584105077312518e-01
4.579046964649999829e-01,4.336726620965049572e-01
4.090630114079999435e-01,4.577306853145046150e-01
4.090630114079999435e-01,4.338641545953730305e-01
4.090630114079999435e-01,4.091399070516172909e-01
4.315771460530000714e-01,4.091399070516172909e-01
4.315771460530000714e-01,4.203368865070065130e-01
4.490464329720000869e-01,4.315364335207204638e-01
4.490464329720000869e-01,4.402089304078881105e-01
4.490464329720000869e-01,4.489170309382417567e-01
8.836230039599999309e-01,4.489170309382417567e-01
8.836230039599999309e-01,6.673602663054541972e-01
8.344787955279999725e-01,8.363842952072251258e-01
8.368397951129999957e-01,8.151859369981410142e-01
8.368397951129999957e-01,7.938487069158259857e-01
8.222768902779998834e-01,7.949083270654762057e-01
8.222768902779998834e-01,7.885665361545114438e-01
7.534219622610000000e-01,7.820012828364678592e-01
7.534219622610000000e-01,7.524884068745850696e-01
7.534219622610000000e-01,7.210004818461542841e-01
4.492068290710000134e-01,7.210004818461542841e-01
4.492068290710000134e-01,6.008583211999658502e-01
5.051975250240000603e-01,4.490766190307245442e-01
5.051975250240000603e-01,4.765234036751583302e-01
5.051975250240000603e-01,5.037686306128157376e-01
4.967289865020000361e-01,5.037686306128157376e-01
4.967289865020000361e-01,4.997781988186361657e-01
4.278815984729999466e-01,4.962761945657715446e-01
4.278815984729999466e-01,4.623494161117207568e-01
4.278815984729999466e-01,4.278598976732563841e-01
4.316819608209999104e-01,4.278598976732563841e-01
4.316819608209999104e-01,4.297405973843002602e-01
3.927873969080000194e-01,4.316407105751939866e-01
3.927873969080000194e-01,4.126794564768125340e-01
3.927873969080000194e-01,3.929522451266660998e-01
3.671388924119999841e-01,3.929522451266660998e-01
3.671388924119999841e-01,3.804408030836641252e-01
4.071972072119999786e-01,3.674478282438864984e-01
4.071972072119999786e-01,3.875324401175507805e-01
4.071972072119999786e-01,4.072840542639500905e-01
4.122349917889999715e-01,4.072840542639500905e-01
4.122349917889999715e-01,4.097758875385518751e-01
3.988170921800000546e-01,4.122950450586940763e-01
3.988170921800000546e-01,4.057018355839876467e-01
3.988170921800000546e-01,3.989490509863618528e-01
4.216802120210000338e-01,3.989490509863618528e-01
4.216802120210000338e-01,4.103248471327555769e-01
3.903906047340000018e-01,4.216906597713595550e-01
3.903906047340000018e-01,4.064124282265020316e-01
3.903906047340000018e-01,3.905686284530023866e-01
4.293229877949999440e-01,3.905686284530023866e-01
4.293229877949999440e-01,4.100436915352046463e-01
4.047982096670000307e-01,4.292938593038759243e-01
4.047982096670000307e-01,4.172708935952181286e-01
4.047982096670000307e-01,4.048979010323759953e-01
4.383791089060000146e-01,4.048979010323759953e-01
4.383791089060000146e-01,4.216508174277051602e-01
6.781464219089999856e-01,4.383036602507522916e-01
6.781464219089999856e-01,5.551109312147520791e-01
6.781464219089999856e-01,6.543601667832659174e-01
6.289020776749999486e-01,6.543601667832659174e-01
6.289020776749999486e-01,6.331463232323605306e-01
5.572445392610000381e-01,6.107932812468801487e-01
5.572445392610000381e-01,5.801205742824704359e-01
5.572445392610000381e-01,5.474381916650965518e-01
4.647605121140000461e-01,5.474381916650965518e-01
4.647605121140000461e-01,5.078947141561689360e-01
6.339474320410000141e-01,4.645517467620430274e-01
6.339474320410000141e-01,5.435168494716258181e-01
6.339474320410000141e-01,6.152559006265954089e-01
6.759511232379999957e-01,6.152559006265954089e-01
6.759511232379999957e-01,6.338628046987588860e-01
8.199412226679999582e-01,6.524174841797075741e-01
8.199412226679999582e-01,7.180298914401863630e-01
8.199412226679999582e-01,7.799313598861282726e-01
8.054620623589998640e-01,7.799313598861282726e-01
8.054620623589998640e-01,7.736261978726290955e-01
5.739020109179999718e-01,7.671006458040153797e-01
5.739020109179999718e-01,6.729678402083548727e-01
5.739020109179999718e-01,5.621612911506509436e-01
6.845558881759999936e-01,5.621612911506509436e-01
6.845558881759999936e-01,6.122112516241317026e-01
4.259143769739999752e-01,6.600323432835022430e-01
4.259143769739999752e-01,5.560759594781055082e-01
4.259143769739999752e-01,4.259028401444630574e-01
3.615621030330000152e-01,4.259028401444630574e-01
3.615621030330000152e-01,3.949524484113517420e-01
3.967894017699999942e-01,3.619032885888973650e-01
3.967894017699999942e-01,3.795405575944122978e-01
3.967894017699999942e-01,3.969323800453544715e-01
5.343610048290000636e-01,3.969323800453544715e-01
5.343610048290000636e-01,4.662486551609245633e-01
5.788673758510000100e-01,5.272181342782109592e-01
5.788673758510000100e-01,5.470032042788021132e-01
5.788673758510000100e-01,5.665505736482160382e-01
5.732709765429999660e-01,5.665505736482160382e-01
5.732709765429999660e-01,5.641038709011122476e-01
4.381259083749999839e-01,5.616034864344662259e-01
4.381259083749999839e-01,5.042259933299487740e-01
4.381259083749999839e-01,4.380517473244099347e-01
4.653927981849999562e-01,4.380517473244099347e-01
4.653927981849999562e-01,4.515958743305004131e-01
4.140050113200000603e-01,4.651808006591131028e-01
4.140050113200000603e-01,4.400304870106692690e-01
4.140050113200000603e-01,4.140557070872125656e-01
4.185940027239999917e-01,4.140557070872125656e-01
4.185940027239999917e-01,4.163257413200346368e-01
4.208548068999999336e-01,4.186205712535336909e-01
4.208548068999999336e-01,4.197383076345156394e-01
4.208548068999999336e-01,4.208695580170584982e-01
3.993315100670000728e-01,4.208695580170584982e-01
3.993315100670000728e-01,4.103180142174874256e-01
4.146684110159999936e-01,3.994606797855817515e-01
4.146684110159999936e-01,4.070729509270921143e-01
4.146684110159999936e-01,4.147156070528905669e-01
4.234659969810000146e-01,4.147156070528905669e-01
4.234659969810000146e-01,4.190734108485660858e-01
4.290018975729999462e-01,4.234671542512525311e-01
4.290018975729999462e-01,4.262074473935799079e-01
4.290018975729999462e-01,4.289744223048675420e-01
3.485071957109999730e-01,4.289744223048675420e-01
3.485071957109999730e-01,3.905702491223629336e-01
2.730081081390000053e-01,3.489251908866327634e-01
2.730081081390000053e-01,3.134375633914877057e-01
2.730081081390000053e-01,2.739075797278746061e-01
3.252857029439999992e-01,2.739075797278746061e-01
3.252857029439999992e-01,3.004998151456307331e-01
3.449335098269999955e-01,3.258449497822916152e-01
3.449335098269999955e-01,3.356279922623820466e-01
3.449335098269999955e-01,3.453728552268974794e-01
5.259540081019999924e-01,3.453728552268974794e-01
5.259540081019999924e-01,4.395546869596266282e-01
5.418606996540000775e-01,5.197954987164596918e-01
5.418606996540000775e-01,5.268288294123136817e-01
5.418606996540000775e-01,5.338437027177882488e-01
7.809985876080001166e-01,5.338437027177882488e-01
7.809985876080001166e-01,6.460857795492239708e-01
9.872455596920000076e-01,7.454264865362617565e-01
9.872455596920000076e-01,8.406578236734124632e-01
9.872455596920000076e-01,9.283155811722800799e-01
1.581047058109999792e+00,9.283155811722800799e-01
1.581047058109999792e+00,1.226117544357364419e+00
1.747578024859999690e+00,1.456548558807112093e+00
1.747578024859999690e+00,1.533628994259160105e+00
1.747578024859999690e+00,1.605028135643524978e+00
1.556088209150000123e+00,1.605028135643524978e+00
1.556088209150000123e+00,1.527222084100218868e+00
1.432166457179999908e+00,1.434305384463391730e+00
1.432166457179999908e+00,1.382120364110431820e+00
1.432166457179999908e+00,1.323911968310994558e+00
1.177556276320000039e+00,1.323911968310994558e+00
1.177556276320000039e+00,1.219836693990298704e+00
7.594137787819998930e-01,1.097367398096822377e+00
7.594137787819998930e-01,9.343497139020876530e-01
7.594137787819998930e-01,7.263071585231302141e-01
7.587519884110001112e-01,7.263071585231302141e-01
7.587519884110001112e-01,7.260178475241850782e-01
7.266944050789999610e-01,7.257210253959391899e-01
7.266944050789999610e-01,7.118357856877155498e-01
7.266944050789999610e-01,6.973330498711950431e-01
6.184937357899999988e-01,6.973330498711950431e-01
6.184937357899999988e-01,6.515745480738170947e-01
5.835499763490000769e-01,6.015878549574180667e-01
5.835499763490000769e-01,5.864588150314501425e-01
5.835499763490000769e-01,5.706901136233862859e-01
5.851494073870000534e-01,5.706901136233862859e-01
5.851494073870000534e-01,5.713907667922039080e-01
5.707389712329999920e-01,5.721040997619057933e-01
5.707389712329999920e-01,5.658216596075437144e-01
5.707389712329999920e-01,5.593653515053245151e-01
5.943580269810000427e-01,5.593653515053245151e-01
5.943580269810000427e-01,5.697828069474732970e-01
4.914952814580000884e-01,5.802455038101652640e-01
4.914952814580000884e-01,5.365564454512089521e-01
4.914952814580000884e-01,4.911203013329721867e-01
4.203863143919999712e-01,4.911203013329721867e-01
4.203863143919999712e-01,4.562135054789042687e-01
3.379057645800000453e-01,4.204035106854470127e-01
3.379057645800000453e-01,3.811819139203346252e-01
3.379057645800000453e-01,3.383875055804042020e-01
3.314566910269999833e-01,3.383875055804042020e-01
3.314566910269999833e-01,3.352213372115155909e-01
4.646379947659999843e-01,3.319778174517355462e-01
4.646379947659999843e-01,4.010751191619681966e-01
4.646379947659999843e-01,4.644298549888464245e-01
4.756470024590000456e-01,4.644298549888464245e-01
4.756470024590000456e-01,4.698969171317527449e-01
4.581080079079999923e-01,4.753810703915919422e-01
4.581080079079999923e-01,4.666429450383514643e-01
4.581080079079999923e-01,4.579329712005597020e-01
4.475390017029999834e-01,4.579329712005597020e-01
4.475390017029999834e-01,4.526983528092527465e-01
4.217836856840000426e-01,4.474171965731915113e-01
4.217836856840000426e-01,4.347528382865460950e-01
4.217836856840000426e-01,4.217935943737837201e-01
4.146245121959999946e-01,4.217935943737837201e-01
4.146245121959999946e-01,4.182644519787320769e-01
4.673516154290001112e-01,4.146719396941432878e-01
4.673516154290001112e-01,4.410210589658840052e-01
4.673516154290001112e-01,4.671295596558126539e-01
5.749033093450000020e-01,4.671295596558126539e-01
5.749033093450000020e-01,5.166382950880257230e-01
1.199828147889999919e+00,5.630463997469311588e-01
1.199828147889999919e+00,8.817275798704162781e-01
1.199828147889999919e+00,1.117168062316375554e+00
1.123723864560000063e+00,1.117168062316375554e+00
1.123723864560000063e+00,1.084524522885430109e+00
1.119090557099999828e+00,1.049521990485217549e+00
1.119090557099999828e+00,1.047498179064523249e+00
1.119090557099999828e+00,1.045404921192625736e+00
8.790444731709998738e-01,1.045404921192625736e+00
8.790444731709998738e-01,9.469354819598785333e-01
5.412008166309999480e-01,8.323243561457408513e-01
5.425438284870000016e-01,6.996183664185491313e-01
5.425438284870000016e-01,5.338498578193374700e-01
3.888737559319999648e-01,5.344472916379638949e-01
3.888737559319999648e-01,4.679995792946909927e-01
4.022923111919999850e-01,3.890601482626657726e-01
4.022923111919999850e-01,3.957160136621566959e-01
4.022923111919999850e-01,4.024054788342908417e-01
3.651449978349999848e-01,4.024054788342908417e-01
3.651449978349999848e-01,3.843665065494016320e-01
3.742961883540000811e-01,3.654654257105890425e-01
3.742961883540000811e-01,3.699964337685723859e-01
3.742961883540000811e-01,3.745642216365319133e-01
3.805828094480000479e-01,3.745642216365319133e-01
3.805828094480000479e-01,3.776731578038398651e-01
3.823201060299999399e-01,3.808153629254806827e-01
3.823201060299999399e-01,3.816729096877591321e-01
3.823201060299999399e-01,3.825429277767340985e-01
4.466792941089999802e-01,3.825429277767340985e-01
4.466792941089999802e-01,4.149858277370256365e-01
4.118500947949999547e-01,4.465618245221457672e-01
4.118500947949999547e-01,4.294979113737106280e-01
4.118500947949999547e-01,4.119121867351832611e-01
3.980236053469999868e-01,4.119121867351832611e-01
3.980236053469999868e-01,4.051195610578281481e-01
3.670945763590000022e-01,3.981598714670718242e-01
3.670945763590000022e-01,3.831026596181588695e-01
3.670945763590000022e-01,3.674037671490972268e-01
4.142816960809999616e-01,3.674037671490972268e-01
4.142816960809999616e-01,3.911221604412867259e-01
3.669415116309999725e-01,4.143309317213508813e-01
3.669415116309999725e-01,3.914162758790429852e-01
3.669415116309999725e-01,3.672515831915607043e-01
4.316970109939999856e-01,3.672515831915607043e-01
4.316970109939999856e-01,3.999825847315636174e-01
4.383521974089999995e-01,4.316556835454765095e-01
4.383521974089999995e-01,4.349522573256102143e-01
4.383521974089999995e-01,4.382768855887412829e-01
3.892391026019999534e-01,4.382768855887412829e-01
3.892391026019999534e-01,4.144101145906759487e-01
3.494507968429999556e-01,3.894234771243434978e-01
3.494507968429999556e-01,3.701617238112885344e-01
3.494507968429999556e-01,3.498631780303153582e-01
3.181239962579999747e-01,3.498631780303153582e-01
3.181239962579999747e-01,3.346931766555408805e-01
3.059122860429999702e-01,3.187280177441064177e-01
3.059122860429999702e-01,3.127582717357500486e-01
3.059122860429999702e-01,3.065939870254269506e-01
2.466347068550000243e-01,3.065939870254269506e-01
2.466347068550000243e-01,2.786283624242896773e-01
2.641609013080000179e-01,2.477177781642128096e-01
2.641609013080000179e-01,2.564574920263661406e-01
2.641609013080000179e-01,2.651210577700240933e-01
2.424954026939999951e-01,2.651210577700240933e-01
2.424954026939999951e-01,2.546403501860498575e-01
2.997806966300000098e-01,2.436080305315641292e-01
2.997806966300000098e-01,2.729556246804688557e-01
2.997806966300000098e-01,3.005020385095352187e-01
3.586660027499999903e-01,3.005020385095352187e-01
3.586660027499999903e-01,3.304591223149436208e-01
4.321475923059999724e-01,3.590240681125639877e-01
4.321475923059999724e-01,3.963115359608063715e-01
4.321475923059999724e-01,4.321039542847809334e-01
3.975313901899999447e-01,4.321039542847809334e-01
3.975313901899999447e-01,4.151956597890815170e-01
3.923650980000000232e-01,3.976703313734927248e-01
3.923650980000000232e-01,3.951259377616924140e-01
3.923650980000000232e-01,3.925322634149008283e-01
3.869698047640000027e-01,3.925322634149008283e-01
3.869698047640000027e-01,3.898760659043118970e-01
4.160284996029999793e-01,3.871667347870543230e-01
4.160284996029999793e-01,4.016616688861072149e-01
4.160284996029999793e-01,4.160685331362524719e-01
4.200981855390000241e-01,4.160685331362524719e-01
4.200981855390000241e-01,4.180815055720855655e-01
4.714109897609999877e-01,4.201168865959523657e-01
4.714109897609999877e-01,4.457202924429506385e-01
4.714109897609999877e-01,4.711677936738914996e-01
4.820649921890000078e-01,4.711677936738914996e-01
4.820649921890000078e-01,4.764630024319591040e-01
3.651922643180000039e-01,4.817620171066937518e-01
3.651922643180000039e-01,4.261593045785644351e-01
3.651922643180000039e-01,3.655124192746884160e-01
4.007179141040000392e-01,3.655124192746884160e-01
4.007179141040000392e-01,3.832969538890680927e-01
4.549595117570000014e-01,4.008395800326821079e-01
4.549595117570000014e-01,4.280323297434721619e-01
4.549595117570000014e-01,4.548003405394592247e-01
4.325470030309999658e-01,4.548003405394592247e-01
4.325470030309999658e-01,4.437461079132698494e-01
5.328810811040000095e-01,4.325013180763709886e-01
5.328810811040000095e-01,4.816923343080507514e-01
5.328810811040000095e-01,5.259109892779629813e-01
4.305950701240000567e-01,5.259109892779629813e-01
4.305950701240000567e-01,4.813044917012316293e-01
3.146534264090000144e-01,4.305593997331150780e-01
3.146534264090000144e-01,3.763930539793544083e-01
3.146534264090000144e-01,3.152793530999247751e-01
5.475302934650000397e-01,3.152793530999247751e-01
5.475302934650000397e-01,4.390299790890103138e-01
8.940488100049998055e-01,5.388534343045369157e-01
8.940488100049998055e-01,7.059785721995817109e-01
8.940488100049998055e-01,8.456298616976554161e-01
8.602861762049999195e-01,8.456298616976554161e-01
8.602861762049999195e-01,8.310023119496313670e-01
8.009545207020000168e-01,8.156925661425535878e-01
8.009545207020000168e-01,7.901797528514237223e-01
8.009545207020000168e-01,7.631066580604874972e-01
6.816928982729999476e-01,7.631066580604874972e-01
6.816928982729999476e-01,7.127895564429188591e-01
4.928245842459999526e-01,6.574986398972000323e-01
4.928245842459999526e-01,5.797136088057940340e-01
4.928245842459999526e-01,4.924348673010623401e-01
4.983088076109999376e-01,4.924348673010623401e-01
4.983088076109999376e-01,4.952235076890231236e-01
5.487180948259999802e-01,4.978133142696368751e-01
5.487180948259999802e-01,5.181279630678811143e-01
5.487180948259999802e-01,5.399030612426097830e-01
5.840129852290000256e-01,5.399030612426097830e-01
5.840129852290000256e-01,5.555374968212681841e-01
5.062173008920000106e-01,5.710994367707691310e-01
5.062173008920000106e-01,5.378318456050557028e-01
5.062173008920000106e-01,5.043960491414516412e-01
4.530757069590000130e-01,5.043960491414516412e-01
4.530757069590000130e-01,4.789322705906046695e-01
3.831888139249999825e-01,4.529260186817145595e-01
3.831888139249999825e-01,4.191677539575012212e-01
3.831888139249999825e-01,3.834067812651482665e-01
3.624916970729999965e-01,3.834067812651482665e-01
3.624916970729999965e-01,3.732950863719400880e-01
4.583992063999999811e-01,3.628274837117945739e-01
4.583992063999999811e-01,4.117344144413442875e-01
4.583992063999999811e-01,4.582227004700717976e-01
4.460299909109999850e-01,4.582227004700717976e-01
4.460299909109999850e-01,4.520985442749374528e-01
4.227522909640000215e-01,4.459157974208270980e-01
4.227522909640000215e-01,4.344636623703649891e-01
4.227522909640000215e-01,4.227571580109254490e-01
3.441562354559999926e-01,4.227571580109254490e-01
3.441562354559999926e-01,3.852772889421835489e-01
3.420352935790000326e-01,3.446002430802457828e-01
3.420352935790000326e-01,3.435562846311564500e-01
3.420352935790000326e-01,3.424920567914017666e-01
3.672131896019999453e-01,3.424920567914017666e-01
3.672131896019999453e-01,3.550559164761863951e-01
3.869063258169999631e-01,3.675216980359446994e-01
3.869063258169999631e-01,3.773171670922093046e-01
3.869063258169999631e-01,3.871036078157459870e-01
5.006207227710000041e-01,3.871036078157459870e-01
5.006207227710000041e-01,4.447339382335644964e-01
4.998910129070000541e-01,5.000168451464835906e-01
4.998910129070000541e-01,4.996320551236739793e-01
4.998910129070000541e-01,4.993302314308456502e-01
4.639439880849999254e-01,4.993302314308456502e-01
4.639439880849999254e-01,4.812200231695974995e-01
3.319335877899999843e-01,4.637393877992265212e-01
3.319335877899999843e-01,4.019763290981502313e-01
3.319335877899999843e-01,3.324517859215236903e-01
4.311276078219999919e-01,3.324517859215236903e-01
4.311276078219999919e-01,3.834436371491647400e-01
4.495320916179998960e-01,4.310892024016377277e-01
4.495320916179998960e-01,4.402275062043647935e-01
4.495320916179998960e-01,4.494002432141873116e-01
3.667089939119999586e-01,4.494002432141873116e-01
3.667089939119999586e-01,4.097074673923343235e-01
3.029465675349999887e-01,3.670204039138730834e-01
3.029465675349999887e-01,3.366933402797063768e-01
3.029465675349999887e-01,3.036473885660648242e-01
3.588634729390000055e-01,3.036473885660648242e-01
3.588634729390000055e-01,3.320434816413976864e-01
4.133758842949999956e-01,3.592203844750089248e-01
4.133758842949999956e-01,3.867143240013128369e-01
4.133758842949999956e-01,4.134299027277641980e-01
5.071167945860000081e-01,4.134299027277641980e-01
5.071167945860000081e-01,4.602610114441300082e-01
5.134844183919999860e-01,5.049036870695241541e-01
5.134844183919999860e-01,5.065758162347466786e-01
5.134844183919999860e-01,5.089138921011949757e-01
4.797665178780000095e-01,5.089138921011949757e-01
4.797665178780000095e-01,4.950048359810426124e-01
3.953250348569999351e-01,4.794773245535117745e-01
3.953250348569999351e-01,4.385812448948052666e-01
3.953250348569999351e-01,3.954759968099045286e-01
4.179181456570000841e-01,3.954759968099045286e-01
4.179181456570000841e-01,4.067177760000768583e-01
3.696188926699999766e-01,4.179482556988449171e-01
3.696188926699999766e-01,3.945654954047309593e-01
3.696188926699999766e-01,3.699135940550603019e-01
4.058291316029999929e-01,3.699135940550603019e-01
4.058291316029999929e-01,3.880401218097655480e-01
4.555399119849999345e-01,4.059232965752958555e-01
4.555399119849999345e-01,4.308019550800749053e-01
4.555399119849999345e-01,4.553778181483973952e-01
4.099521934989999727e-01,4.553778181483973952e-01
4.099521934989999727e-01,4.330868152821975570e-01
3.937681913380000065e-01,4.100243582664920283e-01
3.937681913380000065e-01,4.020826214000830512e-01
3.937681913380000065e-01,3.939276648140324077e-01
4.431909918790000180e-01,3.939276648140324077e-01
4.431909918790000180e-01,4.187083682795137429e-01
4.560534059999999945e-01,4.430911421160552144e-01
4.560534059999999945e-01,4.494722718018416829e-01
4.560534059999999945e-01,4.558887258561672429e-01
4.256668984889999674e-01,4.558887258561672429e-01
4.256668984889999674e-01,4.409378568288193079e-01
3.758685290809999358e-01,4.256566425122360053e-01
3.758685290809999358e-01,4.015304437635883184e-01
3.758685290809999358e-01,3.761276495389485608e-01
4.202210009099999755e-01,3.761276495389485608e-01
4.202210009099999755e-01,3.983810294302480570e-01
3.991821408270000426e-01,4.202390604706096600e-01
3.991821408270000426e-01,4.099238112698208591e-01
3.991821408270000426e-01,3.993121201298604483e-01
3.931480348110000245e-01,3.993121201298604483e-01
3.931480348110000245e-01,3.963411157570486121e-01
3.631925284859999770e-01,3.933109056053651909e-01
3.631925284859999770e-01,3.787287913265768857e-01
3.631925284859999770e-01,3.635242509723184967e-01
4.258728921410000479e-01,3.635242509723184967e-01
4.258728921410000479e-01,3.952045406762865754e-01
4.316999912259999461e-01,4.258615699860135440e-01
4.316999912259999461e-01,4.287465518761426342e-01
4.316999912259999461e-01,4.316586484900094001e-01
3.514328002929999473e-01,4.316586484900094001e-01
3.514328002929999473e-01,3.933313276142091364e-01
2.807073593140000378e-01,3.518334211788975985e-01
2.807073593140000378e-01,3.184530485162069824e-01
2.807073593140000378e-01,2.815547589722823263e-01
3.138445019719999785e-01,2.815547589722823263e-01
3.138445019719999785e-01,2.982154509291655153e-01
4.341030120849999618e-01,3.144755538647533433e-01
4.341030120849999618e-01,3.769590828208760902e-01
4.341030120849999618e-01,4.340493636495694751e-01
4.223797917369999655e-01,4.340493636495694751e-01
4.223797917369999655e-01,4.282714255644241019e-01
4.296374917029999740e-01,4.223865967150994272e-01
4.296374917029999740e-01,4.259807894388950578e-01
4.296374917029999740e-01,4.296067446715608473e-01
5.863536000249999214e-01,4.296067446715608473e-01
5.863536000249999214e-01,5.060292441813080133e-01
6.223106980320000092e-01,5.731686891431160280e-01
6.223106980320000092e-01,5.890786561439317337e-01
6.223106980320000092e-01,6.049635634377712456e-01
5.970064997670000428e-01,6.049635634377712456e-01
5.970064997670000428e-01,5.939767131840274494e-01
5.393568873409999576e-01,5.825871853850517201e-01
5.393568873409999576e-01,5.577879855502233530e-01
5.393568873409999576e-01,5.316315178163389943e-01
6.853080987930000312e-01,5.316315178163389943e-01
6.853080987930000312e-01,5.983520299426119404e-01
7.473266720769999871e-01,6.606980510875867241e-01
7.473266720769999871e-01,6.883174023574525346e-01
7.473266720769999871e-01,7.156024938349051512e-01
6.527370214459999875e-01,7.156024938349051512e-01
6.527370214459999875e-01,6.754169392255209292e-01
5.997239947319999986e-01,6.318774148974010130e-01
5.997239947319999986e-01,6.090631901304920381e-01
5.997239947319999986e-01,5.849899627423128523e-01
3.900294601919999660e-01,5.849899627423128523e-01
3.900294601919999660e-01,4.981453912726012123e-01
3.698998391630000104e-01,3.902094742483030454e-01
3.698998391630000104e-01,3.803666325697194206e-01
3.698998391630000104e-01,3.701929321381445814e-01
4.814570844169999697e-01,3.701929321381445814e-01
4.814570844169999697e-01,4.271138912457222991e-01
5.426864027979999561e-01,4.811578277038803253e-01
5.426864027979999561e-01,5.083291651094932195e-01
5.426864027979999561e-01,5.345732666396477706e-01
5.515782237049999814e-01,5.345732666396477706e-01
5.515782237049999814e-01,5.384848127765050618e-01
4.623757004739998955e-01,5.424305595507246114e-01
4.623757004739998955e-01,5.042261698933715452e-01
4.623757004739998955e-01,4.621790756546718670e-01
3.945381939410000371e-01,4.621790756546718670e-01
3.945381939410000371e-01,4.292741552299871866e-01
3.583461046220000057e-01,3.946934546285835177e-01
3.583461046220000057e-01,3.771277671581127477e-01
7.166922092440000114e-01,3.587060400581385533e-01
3.326806128029999865e-01,5.468283743679366316e-01
3.326806128029999865e-01,5.421374063694762713e-01
3.860209882260000058e-01,3.331942290555420794e-01
3.860209882260000058e-01,3.601624574048823413e-01
3.860209882260000058e-01,3.862231835418536430e-01
3.795290887359999976e-01,3.862231835418536430e-01
3.795290887359999976e-01,3.830296660735325043e-01
3.870509862900000098e-01,3.797675601489298169e-01
3.870509862900000098e-01,3.834896006577470096e-01
3.870509862900000098e-01,3.872474662412528357e-01
3.666642904280000281e-01,3.872474662412528357e-01
3.666642904280000281e-01,3.772826878474845325e-01
4.210858941080000140e-01,3.669759578227730357e-01
4.210858941080000140e-01,3.943977665575693070e-01
4.210858941080000140e-01,4.210994398260119453e-01
4.242107868189999853e-01,4.210994398260119453e-01
4.242107868189999853e-01,4.226449950048760118e-01
4.879939854149999978e-01,4.242080773133040661e-01
4.879939854149999978e-01,4.559741516612909606e-01
4.879939854149999978e-01,4.876502933418058738e-01
4.849917888640000174e-01,4.876502933418058738e-01
4.849917888640000174e-01,4.861324981131491252e-01
4.256748259070000096e-01,4.846699344160020351e-01
4.256748259070000096e-01,4.554695228189352130e-01
4.256748259070000096e-01,4.256645288932351390e-01
3.927829861640000364e-01,4.256645288932351390e-01
3.927829861640000364e-01,4.096049185461448916e-01
3.616935908789999932e-01,3.929478585755044606e-01
3.616935908789999932e-01,3.778229497429099748e-01
3.616935908789999932e-01,3.620340122114631409e-01
4.031688868999999675e-01,3.620340122114631409e-01
4.031688868999999675e-01,3.828489518991373131e-01
5.466787219049999980e-01,4.032773335042352802e-01
5.466787219049999980e-01,4.752108062860635473e-01
5.466787219049999980e-01,5.381009375934447947e-01
5.156313180919999128e-01,5.381009375934447947e-01
5.156313180919999128e-01,5.247086395994795538e-01
5.448626875880000497e-01,5.107351980272092362e-01
5.448626875880000497e-01,5.237229872235876771e-01
5.448626875880000497e-01,5.364962271240866221e-01
5.193501710890000567e-01,5.364962271240866221e-01
5.193501710890000567e-01,5.254650039241351989e-01
4.596602022649999841e-01,5.139796230070584615e-01
4.596602022649999841e-01,4.881676524349758961e-01
4.596602022649999841e-01,4.594773287807827900e-01
5.711966156959999985e-01,4.594773287807827900e-01
5.711966156959999985e-01,5.116284744853863975e-01
5.932562947270000331e-01,5.597698760936143936e-01
5.932562947270000331e-01,5.694950309971783531e-01
5.932562947270000331e-01,5.792714124772287976e-01
4.864655137059999968e-01,5.792714124772287976e-01
4.864655137059999968e-01,5.339523258675891171e-01
7.527667284010000071e-01,4.861333395348172437e-01
7.527667284010000071e-01,6.110587964780359593e-01
7.527667284010000071e-01,7.204201908336350657e-01
7.912371754649999422e-01,7.204201908336350657e-01
7.912371754649999422e-01,7.374282169615383742e-01
6.594995260239999713e-01,7.544970353788980066e-01
6.594995260239999713e-01,6.991474539133369914e-01
6.594995260239999713e-01,6.378604260221339972e-01
5.710212588310000781e-01,6.378604260221339972e-01
5.710212588310000781e-01,6.002051507314094536e-01
5.460388064379999573e-01,5.596148730738784716e-01
5.460388064379999573e-01,5.487563604438756570e-01
5.460388064379999573e-01,5.375354798484776042e-01
4.815535843370000180e-01,5.375354798484776042e-01
4.815535843370000180e-01,5.099995768592747725e-01
4.994423091410000182e-01,4.812537412148666927e-01
4.994423091410000182e-01,4.900539608519126067e-01
4.994423091410000182e-01,4.989032915987314798e-01
3.636359274390000285e-01,4.989032915987314798e-01
3.636359274390000285e-01,4.346655069415313322e-01
3.919039964679999488e-01,3.639650813640611937e-01
3.919039964679999488e-01,3.780773038149311538e-01
3.919039964679999488e-01,3.920736940611518895e-01
4.117814004420000118e-01,3.920736940611518895e-01
4.117814004420000118e-01,4.019560664170247488e-01
3.313834965229999763e-01,4.118438563784580508e-01
3.313834965229999763e-01,3.736451901716581481e-01
3.313834965229999763e-01,3.319050726085809311e-01
4.641492962839999792e-01,3.319050726085809311e-01
4.641492962839999792e-01,4.007817141043339415e-01
4.726687967779999999e-01,4.639436496163475976e-01
4.726687967779999999e-01,4.681758508704035315e-01
4.726687967779999999e-01,4.724189389728672417e-01
4.702700078490000268e-01,4.724189389728672417e-01
4.702700078490000268e-01,4.712232941758691118e-01
4.987210929389999658e-01,4.700328034265194299e-01
4.987210929389999658e-01,4.839705655162279685e-01
4.987210929389999658e-01,4.982113665916452216e-01
4.677276909350000511e-01,4.982113665916452216e-01
4.677276909350000511e-01,4.825333633723986604e-01
5.436928272250000083e-01,4.675036951484797254e-01
5.436928272250000083e-01,5.027045539174993527e-01
5.436928272250000083e-01,5.354625294899814092e-01
5.574765205380000088e-01,5.354625294899814092e-01
5.574765205380000088e-01,5.415347601816890011e-01
5.344117283820000175e-01,5.476432140897015133e-01
5.344117283820000175e-01,5.376174266410922442e-01
5.344117283820000175e-01,5.272629381965313611e-01
4.408237636089999967e-01,5.272629381965313611e-01
4.408237636089999967e-01,4.866233492552420326e-01
5.038495063779999672e-01,4.407359024438552431e-01
5.038495063779999672e-01,4.717857587126257357e-01
5.038495063779999672e-01,5.028147232095905306e-01
5.686870217319999199e-01,5.028147232095905306e-01
5.686870217319999199e-01,5.293591724771053997e-01
5.722280144690000681e-01,5.575516017441499717e-01
5.722280144690000681e-01,5.591044389000267012e-01
5.722280144690000681e-01,5.606815654266569249e-01
4.572010040280000132e-01,5.606815654266569249e-01
4.572010040280000132e-01,5.117481604622396985e-01
4.609692990779999389e-01,4.570305411219056091e-01
4.609692990779999389e-01,4.589006257194853111e-01
4.609692990779999389e-01,4.607798040616286062e-01
6.092153191570000015e-01,4.607798040616286062e-01
6.092153191570000015e-01,5.300658861318818804e-01
6.289193034169999752e-01,5.933826287781482911e-01
6.289193034169999752e-01,6.020560117156237290e-01
6.289193034169999752e-01,6.108085170188046753e-01
1.120210885999999961e+00,6.108085170188046753e-01
1.120210885999999961e+00,8.541169239008260528e-01
1.349481940270000013e+00,1.046400410354547228e+00
1.349481940270000013e+00,1.152425285778825303e+00
1.349481940270000013e+00,1.250299204616828197e+00
1.337221741680000076e+00,1.250299204616828197e+00
1.337221741680000076e+00,1.244957375975709102e+00
1.167573928829999774e+00,1.239387451488000558e+00
1.167573928829999774e+00,1.168391717410535824e+00
1.167573928829999774e+00,1.088493740080734407e+00
6.281043291089999370e-01,1.088493740080734407e+00
6.281043291089999370e-01,8.864892281350016390e-01
4.500717520709999753e-01,6.100876940882858923e-01
4.500717520709999753e-01,5.362132750895702848e-01
4.500717520709999753e-01,4.499371858284110792e-01
4.707553088669999553e-01,4.499371858284110792e-01
4.707553088669999553e-01,4.601985374005225227e-01
4.851196110249999527e-01,4.705155614514217044e-01
4.851196110249999527e-01,4.776419713674578404e-01
4.851196110249999527e-01,4.847968869856419949e-01
5.019456744189999542e-01,4.847968869856419949e-01
5.019456744189999542e-01,4.930560329960014809e-01
5.796520113949999997e-01,5.012271170769823092e-01
5.830240249629999871e-01,5.335051364338248003e-01
5.830240249629999871e-01,5.687222968485271535e-01
5.202658176419999725e-01,5.702251486019815907e-01
5.202658176419999725e-01,5.432705674256088635e-01
4.315669238570000177e-01,5.147839270786317423e-01
4.315669238570000177e-01,4.756063536352257426e-01
4.315669238570000177e-01,4.315262637702676485e-01
3.890200853350000432e-01,4.315262637702676485e-01
3.890200853350000432e-01,4.108187557592916650e-01
3.859649896619999909e-01,3.892056693246990218e-01
3.859649896619999909e-01,3.877003232863138749e-01
3.859649896619999909e-01,3.861674960224525388e-01
3.655259907249999718e-01,3.861674960224525388e-01
3.655259907249999718e-01,3.761783225039538325e-01
3.273440003399999965e-01,3.658442194114779888e-01
3.273440003399999965e-01,3.473976284869887965e-01
3.273440003399999965e-01,3.278904850940129734e-01
3.779580891130000508e-01,3.278904850940129734e-01
3.779580891130000508e-01,3.534646478146310500e-01
3.922219872469999702e-01,3.782054052148975942e-01
3.922219872469999702e-01,3.852833009485792104e-01
3.922219872469999702e-01,3.923899383355816672e-01
3.367677032949999982e-01,3.923899383355816672e-01
3.367677032949999982e-01,3.657629624900922138e-01
3.497484028339999940e-01,3.372563610844164228e-01
3.497484028339999940e-01,3.436960363083201297e-01
3.497484028339999940e-01,3.501590154244711983e-01
3.714399933819999555e-01,3.501590154244711983e-01
3.714399933819999555e-01,3.609629122239379484e-01
4.175153970719999719e-01,3.717242839495155105e-01
4.175153970719999719e-01,3.948652011323614541e-01
4.175153970719999719e-01,4.175476194641067340e-01
2.635949850079999934e-01,4.175476194641067340e-01
2.635949850079999934e-01,3.478738764099172931e-01
3.392880558970000071e-01,2.645590542121850075e-01
3.392880558970000071e-01,3.035960119553418601e-01
3.392880558970000071e-01,3.397614150249776976e-01
7.325211763379999574e-01,3.397614150249776976e-01
7.325211763379999574e-01,5.493462934167081535e-01
7.401449084280001811e-01,7.024921441212488293e-01
7.401449084280001811e-01,7.058331482915178867e-01
7.401449084280001811e-01,7.092427543592116912e-01
6.569987535479999696e-01,7.092427543592116912e-01
6.569987535479999696e-01,6.737939218214828996e-01
6.353561282159999601e-01,6.356478600582434746e-01
6.353561282159999601e-01,6.262440083375504507e-01
6.353561282159999601e-01,6.165019362333437059e-01
3.846446275709999862e-01,6.165019362333437059e-01
3.846446275709999862e-01,5.149223600145149682e-01
3.803633451460000092e-01,3.848544772888578547e-01
3.803633451460000092e-01,3.827464784271342735e-01
3.803633451460000092e-01,3.805971302275271695e-01
5.112780928610000108e-01,3.805971302275271695e-01
5.112780928610000108e-01,4.472214187227505078e-01
5.003640055660000252e-01,5.072431405343446054e-01
5.003640055660000252e-01,5.035608144332230918e-01
5.003640055660000252e-01,4.997765367650541246e-01
4.918720126150000760e-01,4.997765367650541246e-01
4.918720126150000760e-01,4.953733580639925194e-01
4.867841005330000304e-01,4.914930679169262628e-01
4.867841005330000304e-01,4.889008256733973767e-01
4.867841005330000304e-01,4.864496018491177298e-01
4.519050121310000390e-01,4.864496018491177298e-01
4.519050121310000390e-01,4.690385112561079040e-01
4.646025598049999261e-01,4.517612163880818099e-01
4.646025598049999261e-01,4.580617580549956602e-01
4.646025598049999261e-01,4.643946009171758260e-01
5.398427247999999512e-01,4.643946009171758260e-01
5.398427247999999512e-01,4.995948627895728245e-01
5.454565882680000311e-01,5.320607552321631184e-01
5.454565882680000311e-01,5.345279939521869750e-01
5.454565882680000311e-01,5.370210119730098874e-01
5.566952228549999493e-01,5.370210119730098874e-01
5.566952228549999493e-01,5.419674135367221757e-01
4.601368010040000067e-01,5.469527144352925863e-01
4.601368010040000067e-01,5.056474876281585873e-01
4.601368010040000067e-01,4.599515182974913685e-01
6.138382554050000328e-01,4.599515182974913685e-01
6.138382554050000328e-01,5.319360956143701635e-01
1.038259029390000032e+00,5.974707502134372072e-01
1.038259029390000032e+00,8.049543958577677349e-01
1.038259029390000032e+00,9.736044391285485489e-01
8.701586723330001494e-01,9.736044391285485489e-01
8.701586723330001494e-01,9.033434286481560882e-01
7.372879981990000386e-01,8.244455133528204582e-01
7.372879981990000386e-01,7.685390251072461432e-01
7.372879981990000386e-01,7.067129753558939464e-01
6.576008796689999381e-01,7.067129753558939464e-01
6.576008796689999381e-01,6.727028752648459564e-01
4.060655236239999466e-01,6.361805875960730994e-01
4.060655236239999466e-01,5.346114389655741705e-01
4.060655236239999466e-01,4.061584228332635882e-01
4.588989317419999714e-01,4.061584228332635882e-01
4.588989317419999714e-01,4.326115634282840516e-01
8.413844704629998006e-01,4.587199034738019821e-01
8.413844704629998006e-01,6.477170309171863538e-01
8.413844704629998006e-01,7.989366268357160905e-01
8.171213269230001019e-01,7.989366268357160905e-01
8.171213269230001019e-01,7.883994245723484617e-01
8.072656989099999958e-01,7.774323655258473798e-01
8.072656989099999958e-01,7.731349661277444607e-01
8.072656989099999958e-01,7.686988397931955319e-01
5.622629523279999431e-01,7.686988397931955319e-01
5.622629523279999431e-01,6.695648121626752713e-01
3.597427010540000247e-01,5.518735377515717744e-01
3.597427010540000247e-01,4.664490977156749985e-01
3.597427010540000247e-01,3.600944803423642981e-01
4.100075960160000088e-01,3.600944803423642981e-01
4.100075960160000088e-01,3.854060243325426183e-01
4.001460075379999481e-01,4.100794662629163589e-01
4.001460075379999481e-01,4.052278209072785464e-01
4.001460075379999481e-01,4.002707665558919992e-01
4.044884443280000741e-01,4.002707665558919992e-01
4.044884443280000741e-01,4.024176668598395401e-01
4.724113941189999610e-01,4.045897982431123641e-01
4.724113941189999610e-01,4.386718738978701571e-01
4.724113941189999610e-01,4.721629048875281010e-01
4.508461058140000310e-01,4.721629048875281010e-01
4.508461058140000310e-01,4.614513060572522085e-01
4.813655614850000930e-01,4.507076406147909053e-01
4.813655614850000930e-01,4.658223891354014712e-01
4.813655614850000930e-01,4.810668596427795651e-01
4.842571914200000105e-01,4.810668596427795651e-01
4.842571914200000105e-01,4.825147680401863926e-01
5.305659770970000411e-01,4.839402522784939098e-01
5.305659770970000411e-01,5.044393916249083620e-01
5.305659770970000411e-01,5.238664839426933062e-01
5.207135081289999690e-01,5.238664839426933062e-01
5.207135081289999690e-01,5.196048431059546724e-01
4.785223901269999858e-01,5.151775613509930185e-01
4.785223901269999858e-01,4.975332303403930401e-01
4.785223901269999858e-01,4.782403842685609696e-01
4.094465970989999981e-01,4.782403842685609696e-01
4.094465970989999981e-01,4.445275503061326128e-01
3.949702978130000264e-01,4.095214509643692047e-01
3.949702978130000264e-01,4.024130363189653004e-01
3.949702978130000264e-01,3.951231970226629642e-01
4.023050069810000240e-01,3.951231970226629642e-01
4.023050069810000240e-01,3.987531365031065644e-01
4.461963176729999980e-01,4.024181061929348324e-01
4.461963176729999980e-01,4.243722518785924547e-01
4.461963176729999980e-01,4.460812848300829692e-01
3.733607530590000168e-01,4.460812848300829692e-01
3.733607530590000168e-01,4.110245099454123974e-01
3.957209885119999382e-01,3.736341012612622303e-01
3.957209885119999382e-01,3.847665215799865868e-01
3.957209885119999382e-01,3.958697896152391094e-01
3.957889080049999952e-01,3.958697896152391094e-01
7.915778160099999905e-01,3.959033083720818191e-01
4.069207906719999879e-01,6.000040042829216658e-01
4.069207906719999879e-01,6.075381478355761367e-01
4.069207906719999879e-01,4.070091148426814853e-01
4.671288132669999538e-01,4.070091148426814853e-01
4.671288132669999538e-01,4.371769110623885957e-01
5.035266876219999244e-01,4.669079053721104655e-01
5.035266876219999244e-01,4.846323489834850617e-01
5.035266876219999244e-01,5.025633327874785561e-01
5.408247113229999181e-01,5.025633327874785561e-01
5.408247113229999181e-01,5.168557863940183017e-01
6.017553806300000030e-01,5.329283600007636013e-01
6.017553806300000030e-01,5.601155620512907607e-01
6.017553806300000030e-01,5.867861360583781494e-01
5.508159995079999760e-01,5.867861360583781494e-01
5.508159995079999760e-01,5.648306443334665250e-01
5.129879713059999347e-01,5.417569705644401656e-01
5.129879713059999347e-01,5.254605789135289307e-01
5.129879713059999347e-01,5.085095443253107028e-01
4.387024641040000450e-01,5.085095443253107028e-01
4.387024641040000450e-01,4.753759901438380786e-01
4.391202032569999636e-01,4.386253716484358467e-01
4.391202032569999636e-01,4.388320900856038098e-01
4.391202032569999636e-01,4.390409881155685756e-01
5.596613287930000125e-01,4.390409881155685756e-01
5.596613287930000125e-01,4.973119026079949601e-01
6.404392123219999622e-01,5.495741517187769931e-01
6.404392123219999622e-01,5.858013127723512570e-01
6.404392123219999622e-01,6.209982378304936823e-01
6.894832849499999972e-01,6.209982378304936823e-01
6.894832849499999972e-01,6.427676327092464170e-01
7.270494103429999688e-01,6.643931940284028004e-01
7.270494103429999688e-01,6.810043697293799436e-01
7.270494103429999688e-01,6.976473670284274453e-01
7.124392986300001063e-01,6.976473670284274453e-01
7.124392986300001063e-01,6.912866334134143420e-01
6.809881925579999162e-01,6.847127091408805599e-01
6.809881925579999162e-01,6.710896381609370298e-01
6.809881925579999162e-01,6.568749975198858726e-01
7.544800043110000409e-01,6.568749975198858726e-01
7.544800043110000409e-01,6.897129665709245128e-01
8.125588893889998943e-01,7.219375177020352918e-01
8.125588893889998943e-01,7.477556009418214744e-01
8.125588893889998943e-01,7.733892747570805248e-01
7.781029343610001980e-01,7.733892747570805248e-01
7.781029343610001980e-01,7.584714899168748525e-01
6.884889602660000385e-01,7.428613431539132783e-01
6.884889602660000385e-01,7.047147938110530641e-01
6.884889602660000385e-01,6.635131774530758086e-01
5.711083412169999374e-01,6.635131774530758086e-01
5.711083412169999374e-01,6.140268644817513666e-01
5.545156002040000365e-01,5.596918476836070244e-01
5.545156002040000365e-01,5.524604210214913991e-01
5.545156002040000365e-01,5.450264318741316893e-01
5.127289891240000008e-01,5.450264318741316893e-01
5.127289891240000008e-01,5.270267610530928737e-01
4.973247945310000362e-01,5.083033206824444372e-01
4.973247945310000362e-01,5.027845773269349339e-01
4.973247945310000362e-01,4.968577292074803919e-01
4.662249386310000077e-01,4.968577292074803919e-01
4.662249386310000077e-01,4.811385608525350910e-01
3.928020894529999363e-01,4.660086770667566380e-01
3.928020894529999363e-01,4.304440514654357952e-01
3.928020894529999363e-01,3.929668570847731357e-01
4.304273426529999780e-01,3.929668570847731357e-01
4.304273426529999780e-01,4.117769955494011702e-01
5.389791131019999737e-01,4.303925341251035319e-01
5.389791131019999737e-01,4.836270779290509081e-01
5.389791131019999737e-01,5.312977589910479193e-01
5.255110859870000262e-01,5.312977589910479193e-01
5.255110859870000262e-01,5.254439108786929102e-01
4.117031097409999951e-01,5.194047466735594032e-01
4.117031097409999951e-01,4.692366596107884757e-01
4.117031097409999951e-01,4.117659805763866365e-01
2.933847308159999723e-01,4.117659805763866365e-01
2.933847308159999723e-01,3.569061495203046941e-01
3.889338076110000486e-01,2.941478795389922962e-01
3.889338076110000486e-01,3.435919800421325943e-01
3.889338076110000486e-01,3.891198681825189243e-01
3.448148071769999712e-01,3.891198681825189243e-01
3.448148071769999712e-01,3.678122785419638552e-01
3.382760882379999834e-01,3.452548641459857182e-01
3.382760882379999834e-01,3.420440281144179195e-01
3.382760882379999834e-01,3.387555816152841293e-01
3.120020926000000028e-01,3.387555816152841293e-01
3.120020926000000028e-01,3.260062321391462015e-01
3.324424028400000397e-01,3.126448452459716365e-01
3.324424028400000397e-01,3.228309673022109472e-01
3.324424028400000397e-01,3.329574794797852122e-01
3.380605876450000213e-01,3.329574794797852122e-01
3.380605876450000213e-01,3.357338640926735840e-01
3.822222948070000403e-01,3.385413887858084725e-01
3.822222948070000403e-01,3.607714359848705477e-01
3.822222948070000403e-01,3.824456636222541284e-01
3.775840103630000444e-01,3.824456636222541284e-01
3.775840103630000444e-01,3.801624927734002513e-01
3.377600014209999890e-01,3.778334363374625804e-01
3.377600014209999890e-01,3.585834625547696941e-01
3.377600014209999890e-01,3.382426275248711645e-01
3.610686063770000009e-01,3.382426275248711645e-01
3.610686063770000009e-01,3.498652131786688102e-01
4.030055105690000805e-01,3.614126618584677653e-01
4.030055105690000805e-01,3.824639677215165845e-01
4.030055105690000805e-01,4.031148365110208687e-01
4.073494970800000115e-01,4.031148365110208687e-01
4.073494970800000115e-01,4.052626868302561247e-01
3.813784122469999760e-01,4.074355306361170936e-01
3.813784122469999760e-01,3.947486441056302642e-01
3.813784122469999760e-01,3.816065051268079933e-01
4.327414631840000303e-01,3.816065051268079933e-01
4.327414631840000303e-01,4.074159308828937398e-01
4.169749021530000377e-01,4.326947820613594731e-01
4.169749021530000377e-01,4.249361449703941696e-01
4.169749021530000377e-01,4.170099616339035253e-01
3.749918937680000175e-01,4.170099616339035253e-01
3.749918937680000175e-01,3.966257431416500001e-01
4.079847037789999797e-01,3.752559802192476091e-01
4.079847037789999797e-01,3.917469138483636315e-01
4.079847037789999797e-01,4.080673466073277411e-01
3.892970085140000092e-01,4.080673466073277411e-01
3.892970085140000092e-01,3.989084514270039850e-01
4.330238103869999966e-01,3.894810633477538420e-01
4.330238103869999966e-01,4.113862877284919506e-01
4.330238103869999966e-01,4.329756833577049768e-01
4.578853845599999972e-01,4.329756833577049768e-01
4.578853845599999972e-01,4.453296927850008968e-01
4.348981976510000180e-01,4.577114708141463706e-01
4.348981976510000180e-01,4.463660714978801014e-01
4.348981976510000180e-01,4.348404860808083305e-01
3.627394139769999915e-01,4.348404860808083305e-01
3.627394139769999915e-01,4.002036912655455581e-01
3.710060119629999820e-01,3.630737634904824818e-01
3.710060119629999820e-01,3.671650801873970194e-01
3.710060119629999820e-01,3.712927803014047234e-01
3.684979081150000502e-01,3.712927803014047234e-01
3.684979081150000502e-01,3.700575021856566948e-01
3.585719764230000384e-01,3.687990354784695390e-01
3.585719764230000384e-01,3.639284657023046932e-01
3.585719764230000384e-01,3.589305913335953391e-01
3.550055027009999531e-01,3.589305913335953391e-01
3.550055027009999531e-01,3.571756888818124476e-01
3.869816958900000881e-01,3.553850330310671102e-01
3.869816958900000881e-01,3.713797177263611360e-01
3.869816958900000881e-01,3.871785599841999215e-01
4.291369915009999869e-01,3.871785599841999215e-01
4.291369915009999869e-01,4.082922688276120482e-01
4.864799976349999944e-01,4.291088205666901412e-01
4.864799976349999944e-01,4.576208594692679488e-01
4.864799976349999944e-01,4.861477185738270479e-01
4.187431931499999149e-01,4.861477185738270479e-01
4.187431931499999149e-01,4.529259984223690805e-01
4.211309850220000262e-01,4.187689804632833690e-01
4.211309850220000262e-01,4.199495561825793422e-01
4.211309850220000262e-01,4.211442955902878760e-01
4.473409950730000140e-01,4.211442955902878760e-01
4.473409950730000140e-01,4.341825830986688617e-01
4.371745884420000228e-01,4.472201882934625505e-01
4.371745884420000228e-01,4.421967362463313234e-01
4.371745884420000228e-01,4.371052686828439948e-01
3.946039974689999896e-01,4.371052686828439948e-01
3.946039974689999896e-01,4.163621071711764987e-01
4.024755060670000550e-01,3.947588984141823243e-01
4.024755060670000550e-01,3.986552694249362316e-01
4.024755060670000550e-01,4.025876864412645806e-01
4.361909925940000154e-01,4.025876864412645806e-01
4.361909925940000154e-01,4.194115855221962619e-01
4.389682114119999867e-01,4.361266843983330199e-01
4.389682114119999867e-01,4.375014663421719074e-01
4.389682114119999867e-01,4.388897684775259211e-01
4.098519980910000360e-01,4.388897684775259211e-01
4.098519980910000360e-01,4.246172445471889101e-01
4.459449946880000293e-01,4.099246955723300223e-01
4.459449946880000293e-01,4.279323193662066260e-01
4.459449946880000293e-01,4.458312301621689122e-01
4.132905900480000061e-01,4.458312301621689122e-01
4.132905900480000061e-01,4.298219433878221474e-01
3.500432968140000378e-01,4.133450592340932039e-01
3.500432968140000378e-01,3.829899115304115642e-01
3.500432968140000378e-01,3.504521578796288561e-01
4.038712084290000393e-01,3.504521578796288561e-01
4.038712084290000393e-01,3.776213213335776198e-01
4.504775106910000049e-01,4.039758779073616135e-01
4.504775106910000049e-01,4.272955658029801151e-01
4.504775106910000049e-01,4.503409012980404968e-01
4.320817887780000199e-01,4.503409012980404968e-01
4.320817887780000199e-01,4.412668051024274951e-01
4.832857847209999225e-01,4.320384881034535218e-01
4.832857847209999225e-01,4.574837028586639653e-01
4.832857847209999225e-01,4.829751514219741138e-01
5.440912246700000399e-01,4.829751514219741138e-01
5.440912246700000399e-01,5.097280097525441755e-01
5.590469837189999680e-01,5.358145536265248587e-01
5.590469837189999680e-01,5.424051522957477056e-01
5.590469837189999680e-01,5.490311871746111905e-01
5.256912708280000457e-01,5.490311871746111905e-01
5.256912708280000457e-01,5.345903517163614893e-01
4.836003482339999993e-01,5.195637019512515664e-01
4.836003482339999993e-01,5.019611541911919161e-01
4.836003482339999993e-01,4.832876952962938955e-01
3.609302043909999869e-01,4.832876952962938955e-01
3.609302043909999869e-01,4.250950819844862560e-01
4.357022047040000068e-01,3.612750652196554113e-01
4.357022047040000068e-01,3.992161409728672838e-01
4.357022047040000068e-01,4.356403892929032740e-01
4.109160006050000535e-01,4.356403892929032740e-01
4.109160006050000535e-01,4.234776045799931721e-01
3.762643933300001131e-01,4.109830458847905099e-01
3.762643933300001131e-01,3.941155827090720432e-01
3.762643933300001131e-01,3.765212739394442343e-01
3.653783798219999435e-01,3.765212739394442343e-01
3.653783798219999435e-01,3.711798911781886146e-01
4.637353122230000180e-01,3.656974603719174155e-01
4.637353122230000180e-01,4.158400742394797733e-01
4.637353122230000180e-01,4.635317749007685784e-01
4.306637644769999995e-01,4.635317749007685784e-01
4.306637644769999995e-01,4.472329532054603041e-01
5.091313719750000244e-01,4.306277411632716823e-01
5.091313719750000244e-01,4.694321480005705371e-01
5.091313719750000244e-01,5.059846431530153898e-01
4.922248125079999870e-01,5.059846431530153898e-01
4.922248125079999870e-01,4.991111421646761137e-01
5.034323930740000064e-01,4.918420108634630195e-01
5.034323930740000064e-01,4.974203236034122622e-01
5.034323930740000064e-01,5.024883273253106797e-01
5.449190139769999330e-01,5.024883273253106797e-01
5.449190139769999330e-01,5.186110436642624721e-01
5.246704816820000339e-01,5.365459981983485838e-01
5.246704816820000339e-01,5.277596491884775087e-01
5.246704816820000339e-01,5.186633094120959298e-01
4.459176957609999881e-01,5.186633094120959298e-01
4.459176957609999881e-01,4.842967383213566679e-01
3.710801899430000717e-01,4.458040690147419549e-01
3.710801899430000717e-01,4.098242947049333673e-01
3.710801899430000717e-01,3.713665346282446489e-01
4.062713086609999191e-01,3.713665346282446489e-01
4.062713086609999191e-01,3.889746161445192807e-01
4.224559962749999675e-01,4.063631064312155372e-01
4.224559962749999675e-01,4.143979250001937342e-01
4.224559962749999675e-01,4.224624047020899553e-01
4.276930093770000552e-01,4.224624047020899553e-01
4.276930093770000552e-01,4.250544090076197601e-01
4.079039990900000245e-01,4.276722816118324055e-01
4.079039990900000245e-01,4.179554665283053416e-01
4.106729924679999311e-01,4.079870725053827418e-01
4.281378090380000279e-01,4.093556359642400166e-01
4.281378090380000279e-01,4.194145229882242920e-01
4.069176018240000525e-01,4.281147867579577215e-01
4.069176018240000525e-01,4.177002798802647021e-01
4.069176018240000525e-01,4.070059430395706612e-01
3.356001079079999894e-01,4.070059430395706612e-01
3.356001079079999894e-01,3.729776153222976176e-01
2.802704274650000271e-01,3.360958768947345798e-01
2.802704274650000271e-01,3.097706201131099624e-01
2.802704274650000271e-01,2.811207638574049761e-01
3.313663005829999841e-01,2.811207638574049761e-01
3.313663005829999841e-01,3.070728724630542583e-01
4.151438772680000056e-01,3.318879823182371847e-01
4.151438772680000056e-01,3.747448799696639354e-01
4.151438772680000056e-01,4.151885674867505371e-01
4.697337150569999564e-01,4.151885674867505371e-01
4.697337150569999564e-01,4.424686413925995598e-01
5.106589794160000251e-01,4.694993120587677149e-01
5.106589794160000251e-01,4.891822332030870690e-01
5.106589794160000251e-01,5.068504429990809967e-01
4.293820857999999796e-01,5.068504429990809967e-01
4.293820857999999796e-01,4.699093127999124375e-01
7.638471126559998048e-01,4.293526531130550938e-01
7.638471126559998048e-01,5.963459147186616072e-01
7.638471126559998048e-01,7.302337654441037884e-01
8.892207741740001392e-01,7.302337654441037884e-01
8.892207741740001392e-01,7.869782643173941494e-01
8.916981220250000950e-01,8.413482652952506413e-01
8.916981220250000950e-01,8.424322848364992344e-01
8.916981220250000950e-01,8.435452016336980607e-01
8.065444231029998967e-01,8.435452016336980607e-01
8.065444231029998967e-01,8.071882040192737140e-01
5.821878910059999912e-01,7.680597172432513942e-01
5.821878910059999912e-01,6.766218693082399760e-01
5.821878910059999912e-01,5.694859734431371168e-01
4.468346238139999094e-01,5.694859734431371168e-01
4.468346238139999094e-01,5.122126242029703125e-01
5.508478879929999961e-01,4.467163707167116082e-01
5.508478879929999961e-01,4.966000351092200726e-01
5.508478879929999961e-01,5.417851507450901494e-01
5.542085766790000312e-01,5.417851507450901494e-01
5.542085766790000312e-01,5.432600456011483780e-01
5.176924467090000537e-01,5.447550984897330251e-01
5.176924467090000537e-01,5.289892323310902977e-01
5.176924467090000537e-01,5.125273591722374622e-01
4.034410119060000133e-01,5.125273591722374622e-01
4.034410119060000133e-01,4.616200494507962659e-01
3.655383884910000103e-01,4.035479944350836012e-01
3.655383884910000103e-01,3.851462283367980688e-01
3.655383884910000103e-01,3.658565456405254990e-01
3.900080025199999523e-01,3.658565456405254990e-01
3.900080025199999523e-01,3.780526197215257067e-01
4.601475000379999791e-01,3.901881348756181533e-01
4.601475000379999791e-01,4.255294596669614293e-01
4.601475000379999791e-01,4.599621632293421913e-01
4.982717931270000400e-01,4.599621632293421913e-01
4.982717931270000400e-01,4.786636510242724962e-01
4.801911115649999950e-01,4.977775019501932685e-01
4.801911115649999950e-01,4.885276923877239219e-01
4.801911115649999950e-01,4.798994256068361275e-01
4.410954117769999572e-01,4.798994256068361275e-01
4.410954117769999572e-01,4.605178683857891753e-01
4.288336932660000156e-01,4.410061734107002529e-01
4.288336932660000156e-01,4.349576154374826253e-01
4.288336932660000156e-01,4.288070843639229524e-01
4.507310092450000361e-01,4.288070843639229524e-01
4.507310092450000361e-01,4.396868332145956182e-01
4.685359895229999072e-01,4.505931235153087244e-01
4.685359895229999072e-01,4.594274308493342951e-01
4.685359895229999072e-01,4.683078128836573595e-01
5.528810024260000233e-01,4.683078128836573595e-01
5.528810024260000233e-01,5.071486355698846538e-01
5.192573070529999946e-01,5.435818619656537232e-01
5.192573070529999946e-01,5.290517265734221430e-01
5.192573070529999946e-01,5.138981204565143956e-01
4.647195041180000041e-01,5.138981204565143956e-01
4.647195041180000041e-01,4.904861031145704153e-01
3.854455649849999888e-01,4.645109481784679417e-01
3.854455649849999888e-01,4.262508669240345216e-01
3.854455649849999888e-01,3.856509580389985703e-01
3.756799995900000355e-01,3.856509580389985703e-01
3.756799995900000355e-01,3.808542986487154502e-01
4.016487002369999448e-01,3.759401873517576043e-01
4.016487002369999448e-01,3.888861783726089705e-01
4.016487002369999448e-01,4.017653390182414075e-01
3.940058946610000001e-01,4.017653390182414075e-01
3.940058946610000001e-01,3.980041764678622362e-01
3.606559038159999897e-01,3.941640669909326489e-01
3.606559038159999897e-01,3.779554828186851290e-01
3.606559038159999897e-01,3.610023613827389455e-01
4.194200038909999817e-01,3.610023613827389455e-01
4.194200038909999817e-01,3.906765850315280786e-01
4.297578036790000167e-01,4.194422496426767899e-01
4.297578036790000167e-01,4.245658115419250200e-01
4.297578036790000167e-01,4.297264376835424060e-01
3.895438909529999605e-01,4.297264376835424060e-01
3.895438909529999605e-01,4.101407349380749578e-01
3.534615337850000039e-01,3.897265831764484267e-01
3.534615337850000039e-01,3.722240604418772802e-01
3.534615337850000039e-01,3.538501614937371031e-01
4.428389966489999496e-01,3.538501614937371031e-01
4.428389966489999496e-01,3.994527888952512096e-01
4.833162128930000856e-01,4.427409277688281186e-01
4.833162128930000856e-01,4.628003757608959989e-01
4.833162128930000856e-01,4.830053851181204672e-01
4.267365932460000510e-01,4.830053851181204672e-01
4.267365932460000510e-01,4.551401147509426259e-01
3.948085010050000898e-01,4.267208045179551879e-01
3.948085010050000898e-01,4.111225441651104040e-01
3.948085010050000898e-01,3.949622842251232502e-01
3.898429870610000125e-01,3.949622842251232502e-01
3.898429870610000125e-01,3.925169223335983060e-01
3.915069103239999238e-01,3.900240293285030524e-01
3.915069103239999238e-01,3.908455524313755314e-01
3.915069103239999238e-01,3.916787902817988609e-01
3.796019852160000818e-01,3.916787902817988609e-01
3.796019852160000818e-01,3.858347637359978433e-01
3.681086003779999727e-01,3.798400468516162087e-01
3.681086003779999727e-01,3.742012029847128773e-01
3.681086003779999727e-01,3.684119625622350735e-01
3.701640069479999462e-01,3.684119625622350735e-01
3.701640069479999462e-01,3.694263695920219082e-01
3.886105120180000094e-01,3.704555883377165237e-01
3.886105120180000094e-01,3.796256332881001172e-01
3.886105120180000094e-01,3.887983590919938948e-01
3.671680092809999629e-01,3.887983590919938948e-01
3.671680092809999629e-01,3.783214486343602911e-01
4.038639962669999806e-01,3.674767776097480620e-01
4.038639962669999806e-01,3.858528494913380236e-01
4.038639962669999806e-01,4.039687045083465988e-01
3.615230023859999919e-01,4.039687045083465988e-01
3.615230023859999919e-01,3.834565772867576938e-01
3.893804848190000056e-01,3.618644152355836030e-01
3.893804848190000056e-01,3.757706423632135029e-01
3.893804848190000056e-01,3.895640788548456190e-01
2.595542967319999783e-01,3.895640788548456190e-01
2.595542967319999783e-01,3.303192582930999377e-01
2.377206981180000067e-01,2.605464118472655688e-01
2.377206981180000067e-01,2.499903875246776708e-01
2.377206981180000067e-01,2.388676707622612028e-01
2.181194275620000345e-01,2.388676707622612028e-01
2.181194275620000345e-01,2.293917961980890541e-01
3.377769887450000064e-01,2.194102287196995626e-01
3.377769887450000064e-01,2.831574699778592330e-01
3.377769887450000064e-01,3.382595116862931461e-01
3.810896873469999391e-01,3.382595116862931461e-01
3.810896873469999391e-01,3.600547734594672367e-01
3.885655999180000486e-01,3.813193982173472829e-01
3.885655999180000486e-01,3.850186804188383549e-01
3.885655999180000486e-01,3.887536952570412874e-01
4.329290091990000144e-01,3.887536952570412874e-01
4.329290091990000144e-01,4.109835045911183204e-01
6.420077085490000224e-01,4.328813675851490017e-01
6.420077085490000224e-01,5.347970555025872708e-01
6.420077085490000224e-01,6.223857186851815548e-01
6.013076305390000487e-01,6.223857186851815548e-01
6.013076305390000487e-01,6.048017632035477265e-01
6.252387166020000331e-01,5.863902272484423639e-01
6.252387166020000331e-01,5.969388205883370269e-01
6.252387166020000331e-01,6.075531864198999710e-01
5.617619752879999817e-01,6.075531864198999710e-01
5.617619752879999817e-01,5.803120066831859436e-01
7.357670068739999847e-01,5.514307550497744570e-01
7.357670068739999847e-01,6.315958986797278740e-01
7.357670068739999847e-01,7.053661756480623657e-01
6.647777557370000423e-01,7.053661756480623657e-01
6.647777557370000423e-01,6.749861675531495520e-01
5.836064219470000758e-01,6.425305478828907679e-01
5.836064219470000758e-01,6.079075753412793715e-01
5.836064219470000758e-01,5.707400142633320961e-01
4.531475901600000022e-01,5.707400142633320961e-01
4.531475901600000022e-01,5.155239279847895206e-01
3.902930617329999907e-01,4.529975400713610600e-01
3.902930617329999907e-01,4.225292761143169540e-01
3.902930617329999907e-01,3.904716228989841276e-01
3.948428928850000741e-01,3.904716228989841276e-01
3.948428928850000741e-01,3.927206639660515419e-01
4.426704943179999852e-01,3.949964881758680768e-01
4.426704943179999852e-01,4.189648178087590491e-01
4.426704943179999852e-01,4.425732781670959071e-01
4.107069969180000002e-01,4.425732781670959071e-01
4.107069969180000002e-01,4.269103045781972861e-01
4.374178946019999792e-01,4.107751516277581283e-01
4.374178946019999792e-01,4.240727281849130947e-01
4.374178946019999792e-01,4.373473361146426597e-01
4.366720914839999912e-01,4.373473361146426597e-01
4.366720914839999912e-01,4.369784285372295685e-01
4.714775979520000049e-01,4.366053312422011889e-01
4.714775979520000049e-01,4.538980575561505915e-01
4.714775979520000049e-01,4.712340506541107255e-01
4.839360117909999870e-01,4.712340506541107255e-01
4.839360117909999870e-01,4.774210845672034464e-01
4.744386374950000373e-01,4.836211805752906878e-01
4.744386374950000373e-01,4.788482469274334963e-01
4.744386374950000373e-01,4.741792853899043925e-01
3.902010023590000154e-01,4.741792853899043925e-01
3.902010023590000154e-01,4.334736161750754047e-01
3.865261077880000062e-01,3.903800708471622527e-01
3.865261077880000062e-01,3.885697151042151742e-01
3.865261077880000062e-01,3.867254988747619859e-01
3.834117949009999693e-01,3.867254988747619859e-01
3.834117949009999693e-01,3.851911767285985388e-01
4.119290113449999846e-01,3.836285174717633528e-01
4.119290113449999846e-01,3.978532911355568413e-01
4.119290113449999846e-01,4.119906851780870682e-01
5.847272872919999642e-01,4.119906851780870682e-01
5.847272872919999642e-01,4.978228337714690199e-01
5.294895172119999938e-01,5.717309197256186248e-01
5.294895172119999938e-01,5.479504237357882834e-01
5.294895172119999938e-01,5.229160158216098475e-01
3.845874965189999828e-01,5.229160158216098475e-01
3.845874965189999828e-01,4.594271044667559978e-01
3.989543020729999223e-01,3.847976643854805201e-01
3.989543020729999223e-01,3.919266050446405525e-01
3.989543020729999223e-01,3.990855166931784326e-01
3.678900003429999566e-01,3.990855166931784326e-01
3.678900003429999566e-01,3.839617797992389558e-01
4.013569951059999807e-01,3.681946181101813931e-01
4.013569951059999807e-01,3.849326482306702490e-01
4.013569951059999807e-01,4.014752084596048265e-01
4.214259982109999636e-01,4.014752084596048265e-01
4.214259982109999636e-01,4.114512826466618645e-01
4.180246889590000237e-01,4.214377707148059260e-01
4.180246889590000237e-01,4.197589803077717008e-01
4.180246889590000237e-01,4.180542404408069679e-01
3.787379860880000226e-01,4.180542404408069679e-01
3.787379860880000226e-01,3.989514849678884034e-01
4.371130466459999808e-01,3.789809081537796054e-01
4.371130466459999808e-01,4.083809355608468694e-01
4.371130466459999808e-01,4.370440402696243454e-01
9.484217166899999718e-01,4.370440402696243454e-01
9.484217166899999718e-01,6.995134585631640478e-01
1.012466430659999972e+00,8.938619708366100092e-01
1.012466430659999972e+00,9.223366802695859290e-01
1.012466430659999972e+00,9.507037418436867782e-01
9.681941866869999691e-01,9.507037418436867782e-01
9.681941866869999691e-01,9.315656285945623782e-01
9.089022278790001019e-01,9.114072565138068294e-01
9.089022278790001019e-01,8.858864893402014218e-01
9.125221967700000159e-01,8.588033672760072568e-01
6.506792306899999989e-01,8.603878692477865409e-01
6.506792306899999989e-01,7.561415793646611982e-01
5.841796994210000094e-01,6.300569046134040230e-01
5.871747136120000210e-01,6.015574520584182627e-01
5.871747136120000210e-01,5.725593455518086516e-01
5.764429569240000495e-01,5.738946180900345029e-01
5.764429569240000495e-01,5.692110541823306447e-01
6.550465822219999623e-01,5.644074066947292190e-01
6.550465822219999623e-01,5.996290277384100920e-01
6.550465822219999623e-01,6.339207113580528352e-01
6.324523091320000123e-01,6.339207113580528352e-01
6.324523091320000123e-01,6.241060798670405863e-01
5.968260169030000784e-01,6.139334383554387875e-01
5.968260169030000784e-01,5.985156900754775577e-01
5.968260169030000784e-01,5.824276070136596983e-01
5.588138103490000175e-01,5.824276070136596983e-01
5.588138103490000175e-01,5.659778027371641373e-01
7.893483042720000897e-01,5.488251071941306902e-01
7.893483042720000897e-01,6.567158579367321503e-01
7.893483042720000897e-01,7.528235810202237310e-01
7.883127927780000377e-01,7.528235810202237310e-01
7.883127927780000377e-01,7.523709397902720308e-01
6.942546963689999462e-01,7.519061780354119318e-01
6.942546963689999462e-01,7.119171744382740696e-01
6.942546963689999462e-01,6.686162086902306401e-01
5.544577836990000064e-01,6.686162086902306401e-01
5.544577836990000064e-01,6.101087471141128926e-01
4.371812045569999916e-01,5.449753361994131851e-01
4.371812045569999916e-01,4.946668144939442846e-01
4.371812045569999916e-01,4.371118511087275782e-01
4.855360090730000411e-01,4.371118511087275782e-01
4.855360090730000411e-01,4.610975054354240488e-01
4.687379002569999620e-01,4.852104205243107926e-01
4.687379002569999620e-01,4.767690557726234624e-01
4.687379002569999620e-01,4.685086767179066913e-01
4.508841037749999892e-01,4.685086767179066913e-01
4.508841037749999892e-01,4.596476191993189020e-01
4.609619975090000210e-01,4.507454472735401008e-01
4.609619975090000210e-01,4.557454029496493253e-01
4.609619975090000210e-01,4.607725394613887415e-01
4.515092074870000194e-01,4.607725394613887415e-01
4.515092074870000194e-01,4.560857784147812621e-01
4.492439925670000389e-01,4.513674041083693966e-01
4.492439925670000389e-01,4.502452256909292294e-01
4.492439925670000389e-01,4.491135953210759202e-01
4.375143945220000274e-01,4.491135953210759202e-01
4.375143945220000274e-01,4.433180314248083564e-01
4.174121022220000365e-01,4.374433448340976360e-01
4.174121022220000365e-01,4.275588326918288717e-01
4.174121022220000365e-01,4.174448666122956286e-01
3.880277872089999969e-01,4.174448666122956286e-01
3.880277872089999969e-01,4.030939611960756008e-01
3.945094943049999858e-01,3.882188570768789204e-01
3.945094943049999858e-01,3.914251938316871682e-01
3.945094943049999858e-01,3.946649119047788701e-01
4.256216883660000061e-01,3.946649119047788701e-01
4.256216883660000061e-01,4.101875236436244299e-01
4.210850000379999791e-01,4.256116664333857158e-01
4.210850000379999791e-01,4.233725569723552073e-01
4.210850000379999791e-01,4.210985504187743089e-01
4.143299162389999513e-01,4.210985504187743089e-01
4.143299162389999513e-01,4.177683404116084853e-01
3.754771351810000102e-01,4.143788974828210847e-01
3.754771351810000102e-01,3.954943673277241389e-01
3.754771351810000102e-01,3.757384718182233962e-01
3.858242928980000208e-01,3.757384718182233962e-01
3.858242928980000208e-01,3.808645092709180835e-01
4.314475953580000356e-01,3.860275809029818372e-01
4.314475953580000356e-01,4.089036996790815226e-01
4.314475953580000356e-01,4.314075475498477807e-01
3.655413687229999709e-01,4.314075475498477807e-01
3.655413687229999709e-01,3.996948897091112118e-01
4.113014936450000159e-01,3.658595086763904436e-01
4.113014936450000159e-01,3.888527494528547512e-01
4.113014936450000159e-01,4.113664937321379056e-01
4.302765131000000354e-01,4.113664937321379056e-01
4.302765131000000354e-01,4.207935803102525463e-01
4.601249992849999471e-01,4.302424797871192141e-01
4.601249992849999471e-01,4.450858432208595894e-01
4.601249992849999471e-01,4.599397762556708957e-01
4.441252946850000050e-01,4.599397762556708957e-01
4.441252946850000050e-01,4.520212497640779814e-01
4.041671454909999128e-01,4.440207206888449609e-01
4.041671454909999128e-01,4.244973585090792145e-01
4.041671454909999128e-01,4.042702248423360456e-01
4.323177933690000585e-01,4.042702248423360456e-01
4.323177933690000585e-01,4.182951057993795629e-01
4.116728603839999723e-01,4.322732829456383818e-01
4.116728603839999723e-01,4.221325611102894615e-01
4.116728603839999723e-01,4.117358915401689301e-01
3.947398066520000359e-01,4.117358915401689301e-01
3.947398066520000359e-01,4.034277541535919998e-01
3.838531076910000062e-01,3.948939652777715414e-01
3.838531076910000062e-01,3.895462056702295728e-01
3.838531076910000062e-01,3.840673681987870069e-01
4.023016989229999951e-01,3.840673681987870069e-01
4.023016989229999951e-01,3.932361218529976665e-01
4.400730133060000160e-01,4.024148159652312096e-01
4.400730133060000160e-01,4.212817350943273698e-01
4.400730133060000160e-01,4.399889603850367092e-01
4.083954095840001131e-01,4.399889603850367092e-01
4.083954095840001131e-01,4.244730230210067567e-01
4.523740112779999767e-01,4.084758621194591321e-01
4.523740112779999767e-01,4.304549410782870789e-01
4.523740112779999767e-01,4.522278548509303109e-01
4.390555918220000464e-01,4.522278548509303109e-01
4.390555918220000464e-01,4.456455895690800695e-01
5.146573781970000816e-01,4.389767049276294131e-01
5.146573781970000816e-01,4.760926344693893197e-01
5.146573781970000816e-01,5.098993480206230888e-01
5.906090140340000127e-01,5.098993480206230888e-01
5.906090140340000127e-01,5.438830403704995042e-01
6.496607065199999642e-01,5.769308787746801892e-01
6.496607065199999642e-01,6.032354042061910393e-01
6.496607065199999642e-01,6.291558395070492304e-01
7.598052024840000751e-01,6.291558395070492304e-01
7.598052024840000751e-01,6.789077300941184223e-01
7.445812821390001002e-01,7.266538357016827376e-01
7.445812821390001002e-01,7.200267940248503695e-01
7.445812821390001002e-01,7.131712861243615365e-01
6.434441804889999839e-01,7.131712861243615365e-01
6.434441804889999839e-01,6.702947267025342049e-01
5.712836384770000331e-01,6.236564320932176386e-01
5.712836384770000331e-01,5.927818827041108074e-01
5.712836384770000331e-01,5.598467981650048220e-01
3.647175729270000222e-01,5.598467981650048220e-01
3.647175729270000222e-01,4.732257318357439013e-01
4.013420045380000079e-01,3.650404698626439903e-01
4.013420045380000079e-01,3.833832976228908618e-01
4.013420045380000079e-01,4.014602988306448794e-01
4.472529888149999744e-01,4.014602988306448794e-01
4.472529888149999744e-01,4.244374937216486288e-01
4.530430138109999838e-01,4.471326258018597510e-01
4.530430138109999838e-01,4.500031690236296900e-01
4.530430138109999838e-01,4.528934900885447368e-01
4.519540071490000255e-01,4.528934900885447368e-01
4.519540071490000255e-01,4.523537458589189653e-01
4.276655912399999759e-01,4.518099647869788238e-01
4.276655912399999759e-01,4.398477135273105576e-01
4.276655912399999759e-01,4.276450049635121542e-01
4.776452183720000244e-01,4.276450049635121542e-01
4.776452183720000244e-01,4.525256195147733806e-01
4.768289923670000485e-01,4.773681877467657597e-01
4.768289923670000485e-01,4.769602331483907554e-01
4.768289923670000485e-01,4.765565316862246936e-01
4.711313843729998951e-01,4.765565316862246936e-01
4.711313843729998951e-01,4.737100070759048265e-01
4.390543997290000111e-01,4.708896608001048034e-01
4.390543997290000111e-01,4.550240693228087552e-01
4.390543997290000111e-01,4.389755188910797745e-01
4.070673882959999768e-01,4.389755188910797745e-01
4.070673882959999768e-01,4.233132864947842799e-01
4.308010041709999793e-01,4.071549289848859221e-01
4.308010041709999793e-01,4.189632505176061894e-01
4.308010041709999793e-01,4.307642758833694629e-01
4.190526902679999610e-01,4.307642758833694629e-01
4.190526902679999610e-01,4.249764890424016506e-01
4.415912032129999942e-01,4.190768575677831231e-01
4.415912032129999942e-01,4.302816108505064241e-01
4.447951912880000469e-01,4.414994522944490907e-01
5.052930116650000691e-01,4.430863690809807576e-01
5.052930116650000691e-01,4.744110151104387052e-01
5.118604898449999885e-01,5.038304462303828668e-01
5.118604898449999885e-01,5.057478488577780151e-01
5.118604898449999885e-01,5.076458666509267026e-01
4.453693032259999907e-01,5.076458666509267026e-01
4.453693032259999907e-01,4.779564928046385885e-01
4.466541111469999881e-01,4.452584448467545863e-01
4.466541111469999881e-01,4.458948064279510404e-01
4.466541111469999881e-01,4.465367685950498156e-01
4.597553908820000701e-01,4.465367685950498156e-01
4.597553908820000701e-01,4.530369718308978055e-01
4.867840111260000047e-01,4.595720363396627595e-01
4.867840111260000047e-01,4.729309618616138744e-01
4.867840111260000047e-01,4.864495130996600580e-01
4.298219978809999509e-01,4.864495130996600580e-01
4.298219978809999509e-01,4.583420334247667038e-01
4.250864982600000008e-01,4.297903016736479009e-01
4.250864982600000008e-01,4.274523106146546070e-01
4.250864982600000008e-01,4.250792481781049958e-01
4.001969993110001123e-01,4.250792481781049958e-01
4.001969993110001123e-01,4.128870581399259332e-01
4.054799079899999992e-01,4.003214824146198447e-01
4.054799079899999992e-01,4.029342706972193211e-01
4.054799079899999992e-01,4.055759438701392328e-01
4.196220040320000066e-01,4.055759438701392328e-01
4.196220040320000066e-01,4.125922333597599190e-01
3.977693021300000020e-01,4.196431935550769543e-01
3.977693021300000020e-01,4.089332804955204681e-01
3.977693021300000020e-01,3.979069500210929422e-01
7.009927034379999089e-01,3.979069500210929422e-01
7.009927034379999089e-01,5.519875684122768078e-01
6.677706241610000815e-01,6.745801487650991968e-01
6.677706241610000815e-01,6.601979134404646343e-01
6.677706241610000815e-01,6.451787220000150258e-01
5.665404796600000958e-01,6.451787220000150258e-01
5.665404796600000958e-01,6.022736467100479052e-01
5.437524318699999970e-01,5.556542844223297806e-01
5.437524318699999970e-01,5.457428072806079777e-01
5.437524318699999970e-01,5.355151959805242168e-01
3.174149394040000072e-01,5.355151959805242168e-01
3.174149394040000072e-01,4.399479785819369604e-01
3.603450059889999890e-01,3.180234252199653500e-01
3.603450059889999890e-01,3.396586827882992488e-01
3.603450059889999890e-01,3.606932743128465901e-01
3.673329949379999793e-01,3.606932743128465901e-01
3.673329949379999793e-01,3.641496579260467548e-01
3.972469866280000095e-01,3.676408143106785764e-01
3.972469866280000095e-01,3.825818814027690529e-01
3.972469866280000095e-01,3.973874745748510184e-01
4.232650101179999957e-01,3.973874745748510184e-01
4.232650101179999957e-01,4.103465110392852111e-01
4.342971146109999570e-01,4.232672116637026249e-01
4.342971146109999570e-01,4.287362955078665716e-01
4.342971146109999570e-01,4.342424739743122042e-01
4.866929948329999922e-01,4.342424739743122042e-01
4.866929948329999922e-01,4.602495740968545190e-01
4.697040021419999767e-01,4.863591646502263277e-01
4.697040021419999767e-01,4.778109929080462392e-01
4.697040021419999767e-01,4.694697540976727201e-01
6.331205964089999805e-01,4.694697540976727201e-01
6.331205964089999805e-01,5.451165694100590375e-01
6.231021285059999970e-01,6.145245474935502328e-01
6.231021285059999970e-01,6.101550983085857194e-01
6.231021285059999970e-01,6.056635190954012815e-01
6.137838363650000018e-01,6.056635190954012815e-01
6.137838363650000018e-01,6.015980627085304455e-01
4.517096579070000173e-01,5.974226255880326075e-01
4.517096579070000173e-01,5.297272351453172767e-01
4.517096579070000173e-01,4.515668455054946961e-01
4.242705106740000676e-01,4.515668455054946961e-01
4.242705106740000676e-01,4.380685317520464639e-01
4.266518950460000958e-01,4.242674912968620315e-01
4.266518950460000958e-01,4.254452512520509599e-01
4.266518950460000958e-01,4.266365440621667227e-01
4.065465927120000544e-01,4.266365440621667227e-01
4.065465927120000544e-01,4.167670431159449795e-01
4.356519877910000060e-01,4.066369176958949394e-01
4.356519877910000060e-01,4.211389615731963576e-01
4.356519877910000060e-01,4.355904285721208802e-01
4.067749083039999825e-01,4.355904285721208802e-01
4.067749083039999825e-01,4.214428535557633859e-01
4.196929037569999688e-01,4.068640123386225160e-01
4.196929037569999688e-01,4.132704796903530209e-01
4.196929037569999688e-01,4.197137226409347055e-01
4.411140084269999928e-01,4.197137226409347055e-01
4.411140084269999928e-01,4.303600534888225027e-01
5.199950933460000257e-01,4.410246757939044193e-01
5.199950933460000257e-01,4.795982452550380803e-01
5.199950933460000257e-01,5.145460044014439349e-01
5.009938478469999623e-01,5.145460044014439349e-01
5.009938478469999623e-01,5.070488405231061702e-01
4.641943871970000690e-01,5.003632573448280052e-01
4.641943871970000690e-01,4.818581889481763358e-01
4.641943871970000690e-01,4.639885106393998315e-01
3.891997933389999553e-01,4.639885106393998315e-01
3.891997933389999553e-01,4.277198487861283982e-01
4.795784056190000033e-01,3.893843849006020097e-01
4.795784056190000033e-01,4.350624101546908262e-01
4.795784056190000033e-01,4.792903098391959604e-01
4.636104106899999744e-01,4.792903098391959604e-01
4.636104106899999744e-01,4.713093486299660406e-01
6.207228899000000188e-01,4.634075093241361576e-01
6.207228899000000188e-01,5.366654213740126300e-01
6.207228899000000188e-01,6.035592945842042090e-01
8.461533188820000717e-01,6.035592945842042090e-01
8.461533188820000717e-01,7.086845189299674219e-01
8.482652902600000822e-01,8.031638181263001108e-01
1.696530580520000164e+00,8.040878453112663138e-01
1.696530580520000164e+00,1.251568384414436741e+00
7.758448123929999607e-01,1.559502236837168265e+00
7.758448123929999607e-01,1.244875877440259737e+00
5.627718567849999687e-01,7.408610147333258844e-01
5.627718567849999687e-01,6.537743627903177535e-01
5.627718567849999687e-01,5.523233296580916107e-01
5.707501173019999818e-01,5.523233296580916107e-01
5.707501173019999818e-01,5.558275050263182804e-01
5.811404585839999859e-01,5.593752037995467497e-01
5.811404585839999859e-01,5.639404862383339267e-01
5.811404585839999859e-01,5.685600115407015709e-01
5.180277824399999176e-01,5.685600115407015709e-01
5.180277824399999176e-01,5.414575476312641911e-01
4.257034063340000007e-01,5.128206037523611593e-01
4.257034063340000007e-01,4.718323607347266746e-01
4.257034063340000007e-01,4.256929613753154262e-01
4.318650066849999969e-01,4.256929613753154262e-01
4.318650066849999969e-01,4.287438093975216025e-01
4.957574009899999856e-01,4.318228175837361960e-01
4.957574009899999856e-01,4.635079654904207258e-01
4.957574009899999856e-01,4.953244004380141785e-01
4.692518115039999715e-01,4.953244004380141785e-01
4.692518115039999715e-01,4.819009557486176321e-01
4.455208480360000056e-01,4.690199184654132436e-01
4.455208480360000056e-01,4.572591622080411922e-01
4.455208480360000056e-01,4.454092245215811041e-01
4.585930109019999978e-01,4.454092245215811041e-01
4.585930109019999978e-01,4.518948295519640834e-01
4.510318338870000221e-01,4.584155269103711294e-01
4.510318338870000221e-01,4.546677644443291588e-01
4.510318338870000221e-01,4.508924336490925944e-01
4.160099923610000583e-01,4.508924336490925944e-01
4.160099923610000583e-01,4.337160097189252661e-01
4.119031131270000090e-01,4.160501232443062358e-01
4.119031131270000090e-01,4.140243743151866829e-01
4.119031131270000090e-01,4.119649241648082882e-01
4.403193891049999587e-01,4.119649241648082882e-01
4.403193891049999587e-01,4.261161800442167524e-01
4.493690133089999761e-01,4.402340860788281907e-01
4.493690133089999761e-01,4.447208152719107077e-01
4.493690133089999761e-01,4.492379863111122251e-01
4.170550107959999919e-01,4.492379863111122251e-01
4.170550107959999919e-01,4.333799792745774981e-01
4.271933138369999328e-01,4.170896496165863443e-01
4.271933138369999328e-01,4.221138289552077150e-01
4.271933138369999328e-01,4.271751656417578924e-01
4.761900007720000216e-01,4.271751656417578924e-01
4.761900007720000216e-01,4.515710917569589755e-01
4.587551057339999683e-01,4.759210817484110789e-01
4.587551057339999683e-01,4.672315334136384335e-01
4.587551057339999683e-01,4.585768035571601287e-01
6.824294328690000411e-01,4.585768035571601287e-01
6.824294328690000411e-01,5.650593794287530613e-01
9.863780736919999237e-01,6.581504547634512425e-01
9.863780736919999237e-01,8.022773963126655916e-01
9.863780736919999237e-01,9.275456152655411346e-01
9.283161759379999767e-01,9.275456152655411346e-01
9.283161759379999767e-01,9.025426441519579512e-01
9.102905392649999206e-01,8.760243288253112270e-01
9.139904975889998617e-01,8.681798803443167012e-01
9.139904975889998617e-01,8.616543038990157610e-01
7.376500964159999896e-01,8.633165728206596556e-01
7.376500964159999896e-01,7.900209627525185407e-01
5.860944986339999829e-01,7.070336073400753651e-01
5.860944986339999829e-01,6.438338295631292896e-01
5.860944986339999829e-01,5.729396244750936118e-01
6.162683963780000163e-01,5.729396244750936118e-01
6.162683963780000163e-01,5.862681590399502207e-01
6.499943137170000051e-01,5.996198358384503546e-01
6.499943137170000051e-01,6.145261027640905871e-01
6.499943137170000051e-01,6.294509731131894270e-01
6.870173811910000872e-01,6.294509731131894270e-01
6.870173811910000872e-01,6.458248191056374932e-01
6.827340126040000179e-01,6.622107887218268152e-01
6.827340126040000179e-01,6.603400702752991736e-01
6.827340126040000179e-01,6.584200017541576022e-01
6.345962285999999786e-01,6.584200017541576022e-01
6.345962285999999786e-01,6.376759509613183496e-01
4.914468824859999363e-01,6.158297790497907487e-01
4.914468824859999363e-01,5.558761356437516010e-01
4.914468824859999363e-01,4.910724008857313971e-01
4.358300864699999888e-01,4.910724008857313971e-01
4.358300864699999888e-01,4.635242714227454375e-01
4.279673993590000225e-01,4.357676187185103855e-01
4.279673993590000225e-01,4.318868035497235858e-01
4.279673993590000225e-01,4.279452559585861793e-01
4.855599999430000313e-01,4.279452559585861793e-01
4.855599999430000313e-01,4.565960061717201923e-01
4.818210899829999949e-01,4.852342448266017683e-01
4.818210899829999949e-01,4.833507905856185283e-01
4.818210899829999949e-01,4.815196137899941942e-01
4.725165963169999928e-01,4.815196137899941942e-01
4.725165963169999928e-01,4.768537055658503832e-01
4.642030000690000047e-01,4.722675480854720553e-01
4.642030000690000047e-01,4.681257234438050419e-01
4.642030000690000047e-01,4.639970795966041894e-01
4.787789881229999600e-01,4.639970795966041894e-01
4.787789881229999600e-01,4.712292089661919703e-01
4.703353941439999408e-01,4.784955131212630386e-01
4.703353941439999408e-01,4.742720134245869690e-01
4.703353941439999408e-01,4.700978475461656259e-01
4.450387954710000038e-01,4.700978475461656259e-01
4.450387954710000038e-01,4.575609583893814891e-01
4.179559946059999698e-01,4.449296061059742069e-01
4.179559946059999698e-01,4.316265459196362286e-01
4.179559946059999698e-01,4.179859062107390555e-01
4.688766002660000876e-01,4.179859062107390555e-01
4.688766002660000876e-01,4.434076009838098797e-01
4.988240003589999305e-01,4.686466569550442607e-01
4.988240003589999305e-01,4.833144977332929915e-01
4.988240003589999305e-01,4.983104612016330814e-01
4.599421024319999551e-01,4.983104612016330814e-01
4.599421024319999551e-01,4.787600884696758263e-01
3.961075544359999867e-01,4.597578041220788392e-01
3.961075544359999867e-01,4.287601707322770683e-01
3.961075544359999867e-01,3.962542474414837423e-01
4.175198972230000360e-01,3.962542474414837423e-01
4.175198972230000360e-01,4.069041344846344166e-01
4.127660095689999475e-01,4.175520960045491781e-01
4.127660095689999475e-01,4.152074868359736382e-01
4.127660095689999475e-01,4.128232524783383428e-01
5.147190093990000603e-01,4.128232524783383428e-01
5.147190093990000603e-01,4.637326148665886216e-01
5.524396300320000286e-01,5.099518920226673302e-01
5.524396300320000286e-01,5.267129691178135120e-01
5.524396300320000286e-01,5.431918062983897011e-01
5.148348808289999745e-01,5.431918062983897011e-01
5.148348808289999745e-01,5.269764820093488789e-01
3.965042829510000977e-01,5.100508281305732305e-01
3.965042829510000977e-01,4.570819209876108014e-01
3.965042829510000977e-01,3.966488139975293814e-01
4.291697144509999950e-01,3.966488139975293814e-01
4.291697144509999950e-01,4.129515809300507989e-01
4.267221093180000313e-01,4.291413750311306452e-01
4.267221093180000313e-01,4.279321824289075704e-01
4.267221093180000313e-01,4.267063954428878536e-01
4.039947092530000172e-01,4.267063954428878536e-01
4.039947092530000172e-01,4.155610207674323986e-01
3.996419012549999872e-01,4.040987150339154788e-01
3.996419012549999872e-01,4.019534872323782815e-01
3.996419012549999872e-01,3.997693893550195443e-01
3.886176943779999782e-01,3.997693893550195443e-01
3.886176943779999782e-01,3.943525672133136872e-01
4.045560061930000839e-01,3.888055017512733191e-01
4.045560061930000839e-01,3.967186971536521001e-01
4.045560061930000839e-01,4.046569974156163374e-01
3.798779845240000119e-01,4.046569974156163374e-01
3.798779845240000119e-01,3.925985250929751036e-01
3.949922919269999722e-01,3.801144951723657295e-01
3.949922919269999722e-01,3.876168280153587942e-01
3.949922919269999722e-01,3.951450709876193623e-01
3.716262876990000796e-01,3.951450709876193623e-01
3.716262876990000796e-01,3.837320627794562622e-01
3.863188922409999670e-01,3.719095152528359982e-01
3.863188922409999670e-01,3.792018076163594098e-01
3.863188922409999670e-01,3.865194333901141865e-01
4.127950072290000327e-01,3.865194333901141865e-01
4.127950072290000327e-01,3.997149868182673926e-01
4.404081106190000372e-01,4.128520967464249791e-01
4.404081106190000372e-01,4.266000124475204935e-01
4.404081106190000372e-01,4.403223575045551175e-01
4.381335079670000132e-01,4.403223575045551175e-01
4.381335079670000132e-01,4.391973055112601831e-01
4.291895031930000326e-01,4.380593082644035907e-01
4.291895031930000326e-01,4.336448746825325440e-01
4.291895031930000326e-01,4.291610618878874961e-01
4.123657941820000339e-01,4.291610618878874961e-01
4.123657941820000339e-01,4.208894227817284728e-01
4.152071774009998828e-01,4.124251549493515578e-01
4.152071774009998828e-01,4.138297880599958178e-01
4.152071774009998828e-01,4.152515341689485551e-01
5.479950308800000114e-01,4.152515341689485551e-01
5.479950308800000114e-01,4.811596829764110406e-01
5.364997386930000500e-01,5.392641072778953104e-01
5.364997386930000500e-01,5.342478411802974447e-01
5.364997386930000500e-01,5.291073790929463616e-01
4.933106005189999421e-01,5.291073790929463616e-01
4.933106005189999421e-01,5.108076224571905799e-01
5.228841304779999755e-01,4.929149045897034398e-01
5.228841304779999755e-01,5.052752459574809674e-01
5.228841304779999755e-01,5.170885704633561009e-01
5.118099451070000638e-01,5.170885704633561009e-01
5.118099451070000638e-01,5.124727965930696572e-01
4.827483892440000424e-01,5.076095932019845103e-01
4.827483892440000424e-01,4.957048882074318041e-01
4.827483892440000424e-01,4.824411607326155593e-01
4.680600166319999200e-01,4.824411607326155593e-01
4.680600166319999200e-01,4.750768402954831382e-01
4.660440087319999702e-01,4.678343038270401100e-01
4.660440087319999702e-01,4.668313996580150671e-01
4.660440087319999702e-01,4.658286753352799958e-01
4.299666881559999210e-01,4.658286753352799958e-01
4.299666881559999210e-01,4.480524913049391822e-01
4.144180119039999610e-01,4.299342477842807431e-01
4.144180119039999610e-01,4.222851744081302927e-01
4.144180119039999610e-01,4.144665284339664191e-01
4.046261012550000369e-01,4.144665284339664191e-01
4.046261012550000369e-01,4.096472880679063455e-01
3.650670051569999686e-01,4.047267162329977186e-01
3.650670051569999686e-01,3.855333181606346860e-01
3.650670051569999686e-01,3.653878834183963975e-01
3.996916115280000348e-01,3.653878834183963975e-01
3.996916115280000348e-01,3.827155190106046323e-01
3.882730007169999942e-01,3.998188303994579251e-01
3.882730007169999942e-01,3.942091372124975068e-01
3.882730007169999942e-01,3.884627139922567918e-01
3.990928232670000186e-01,3.884627139922567918e-01
3.990928232670000186e-01,3.938242096648896795e-01
4.411689937109999904e-01,3.992232867786619788e-01
4.411689937109999904e-01,4.202694222426581749e-01
4.411689937109999904e-01,4.410793823671464442e-01
4.291423857209999970e-01,4.410793823671464442e-01
4.291423857209999970e-01,4.351463047671950690e-01
4.259315133089999761e-01,4.291141870120906976e-01
4.259315133089999761e-01,4.275282870543886116e-01
4.259315133089999761e-01,4.259198878069318517e-01
4.753325879570000079e-01,4.259198878069318517e-01
4.753325879570000079e-01,4.505267311759074134e-01
4.802779853339999572e-01,4.750683765514669421e-01
4.802779853339999572e-01,4.775340352013486833e-01
4.802779853339999572e-01,4.799857866609765211e-01
5.307452082629999790e-01,4.799857866609765211e-01
5.307452082629999790e-01,5.027483555731673270e-01
5.809940099720000140e-01,5.240247492579809263e-01
5.809940099720000140e-01,5.464007610902710255e-01
5.809940099720000140e-01,5.684305473749012849e-01
5.538476109500000133e-01,5.684305473749012849e-01
5.538476109500000133e-01,5.566403675818859531e-01
5.036239027979999561e-01,5.444360948816168166e-01
5.036239027979999561e-01,5.228827787867192933e-01
5.036239027979999561e-01,5.026399277278928990e-01
3.781950473789999490e-01,5.026399277278928990e-01
3.781950473789999490e-01,4.432078884346009051e-01
3.520539999009999477e-01,3.784410277534379086e-01
3.520539999009999477e-01,3.657104943870490010e-01
3.520539999009999477e-01,3.524509437012837143e-01
3.989326953890000027e-01,3.524509437012837143e-01
3.989326953890000027e-01,3.760456348905110158e-01
3.986020684240000334e-01,3.990640271850784959e-01
3.986020684240000334e-01,3.989008651408508244e-01
3.986020684240000334e-01,3.987351938326305634e-01
3.774988055229999695e-01,3.987351938326305634e-01
3.774988055229999695e-01,3.884129399351325396e-01
3.786248862740000387e-01,3.777487122739762171e-01
3.786248862740000387e-01,3.783043605960887401e-01
3.786248862740000387e-01,3.788684451624252936e-01
4.022915661330001003e-01,3.788684451624252936e-01
4.022915661330001003e-01,3.906552987201922233e-01
5.559310913089999806e-01,4.024047377912125523e-01
5.559310913089999806e-01,4.794333272293418435e-01
1.111862182620000139e+00,5.462773925917626672e-01
5.662630796430000446e-01,8.265426294369603299e-01
5.662630796430000446e-01,8.362260892387892719e-01
5.035818219179999389e-01,5.554090953267674102e-01
5.035818219179999389e-01,5.285224611951486740e-01
5.035818219179999389e-01,5.026068650591437592e-01
4.537169039249999702e-01,5.026068650591437592e-01
4.537169039249999702e-01,4.779926012580581474e-01
5.226268172260000178e-01,4.535639882311077731e-01
5.226268172260000178e-01,4.868099050048589338e-01
5.226268172260000178e-01,5.168618636744352068e-01
4.981270134449999887e-01,5.168618636744352068e-01
4.981270134449999887e-01,5.069466497579816489e-01
5.144199132919999862e-01,4.976373140454354860e-01
5.144199132919999862e-01,5.043023251440305055e-01
5.144199132919999862e-01,5.096974610084168411e-01
4.557259082790000027e-01,5.096974610084168411e-01
4.557259082790000027e-01,4.840405399807405362e-01
4.806237518789999719e-01,4.555628777092928794e-01
4.806237518789999719e-01,4.678947894934380458e-01
4.806237518789999719e-01,4.803295030243026065e-01
4.251897037030000215e-01,4.803295030243026065e-01
4.251897037030000215e-01,4.530548334797226406e-01
4.851889014239998965e-01,4.251819189173470237e-01
4.851889014239998965e-01,4.550601576428120465e-01
4.851889014239998965e-01,4.848657041214130548e-01
3.841728866099999862e-01,4.848657041214130548e-01
3.841728866099999862e-01,4.362834207921329477e-01
4.231449961660000425e-01,3.843853643493736483e-01
4.231449961660000425e-01,4.038911767267414632e-01
4.231449961660000425e-01,4.231478214354670864e-01
3.419780135149999567e-01,4.231478214354670864e-01
3.419780135149999567e-01,3.844950219063781316e-01
3.501127064230000197e-01,3.424351219033615612e-01
3.501127064230000197e-01,3.464606040946010546e-01
3.501127064230000197e-01,3.505211553679744019e-01
3.251745998860000042e-01,3.505211553679744019e-01
3.251745998860000042e-01,3.383981894460696416e-01
3.789717257020000507e-01,3.257345369452444572e-01
3.789717257020000507e-01,3.529606707430780754e-01
3.789717257020000507e-01,3.792133320927586482e-01
4.501970112320000106e-01,3.792133320927586482e-01
4.501970112320000106e-01,4.151970889502696327e-01
3.987874090669999982e-01,4.500618142332405425e-01
3.987874090669999982e-01,4.250288156488313818e-01
3.987874090669999982e-01,3.989195288904754944e-01
3.114392459389999646e-01,3.989195288904754944e-01
3.114392459389999646e-01,3.577237256162378864e-01
3.455133140089999833e-01,3.120855807533315374e-01
3.455133140089999833e-01,3.291900480762792736e-01
3.455133140089999833e-01,3.459491859681176895e-01
3.380751013759999979e-01,3.459491859681176895e-01
3.380751013759999979e-01,3.422983514685616901e-01
3.855400085450000347e-01,3.385558144242171719e-01
3.855400085450000347e-01,3.624819634667944546e-01
3.855400085450000347e-01,3.857448765231748511e-01
4.101287126539999162e-01,3.857448765231748511e-01
4.101287126539999162e-01,3.979920755830882451e-01
3.862341046329999528e-01,4.101999391440045994e-01
3.862341046329999528e-01,3.985128318710933204e-01
3.862341046329999528e-01,3.864351164876277944e-01
3.019020855429999650e-01,3.864351164876277944e-01
3.019020855429999650e-01,3.467024371126423699e-01
4.107063114639999957e-01,3.026096641838206258e-01
4.107063114639999957e-01,3.590914766498246036e-01
4.107063114639999957e-01,4.107744698129489058e-01
4.405845105650000870e-01,4.107744698129489058e-01
4.405845105650000870e-01,4.256600505510905741e-01
5.305916070939999951e-01,4.404978626945829090e-01
5.305916070939999951e-01,4.843260041693870921e-01
5.305916070939999951e-01,5.238891156362645019e-01
5.472213029860000244e-01,5.238891156362645019e-01
5.472213029860000244e-01,5.312357135807004305e-01
5.321180820469999517e-01,5.385803915502317407e-01
5.321180820469999517e-01,5.320021276441884162e-01
5.321180820469999517e-01,5.252371251306384714e-01
4.544309973720000451e-01,5.252371251306384714e-01
4.544309973720000451e-01,4.916703031416475578e-01
3.464818894860000054e-01,4.542744870154050152e-01
3.464818894860000054e-01,4.031927670935513963e-01
3.464818894860000054e-01,3.469119672212899741e-01
2.692051529880000182e-01,3.469119672212899741e-01
2.692051529880000182e-01,3.106534206744818727e-01
3.631086051460000186e-01,2.701305983390641652e-01
3.631086051460000186e-01,3.189282029672880769e-01
3.631086051460000186e-01,3.634408140289466793e-01
3.836767971519999820e-01,3.634408140289466793e-01
3.836767971519999820e-01,3.736763443650413796e-01
3.997609019280000120e-01,3.838920410453321441e-01
3.997609019280000120e-01,3.918784853168837401e-01
3.997609019280000120e-01,3.998877455666819403e-01
4.466314911839999735e-01,3.998877455666819403e-01
4.466314911839999735e-01,4.233552567618402707e-01
4.404377043249999568e-01,4.465142627397895025e-01
4.404377043249999568e-01,4.434510201436088206e-01
4.404377043249999568e-01,4.403518010900211999e-01
4.349918961519999572e-01,4.403518010900211999e-01
4.349918961519999572e-01,4.376604313309104266e-01
4.153830111029999661e-01,4.349337060984177494e-01
4.153830111029999661e-01,4.252941546624504077e-01
4.153830111029999661e-01,4.154264418103187362e-01
5.617700219150000285e-01,4.154264418103187362e-01
5.617700219150000285e-01,4.879748559860192514e-01
5.218880176539999471e-01,5.514378669464815585e-01
5.218880176539999471e-01,5.342084794716484009e-01
5.218880176539999471e-01,5.162111652688715635e-01
5.229420661929999881e-01,5.162111652688715635e-01
5.229420661929999881e-01,5.166694482328834104e-01
4.970414638519999873e-01,5.171396199644303637e-01
4.970414638519999873e-01,5.066263961782329073e-01
4.970414638519999873e-01,4.965814206151104027e-01
3.683341741559999494e-01,4.965814206151104027e-01
3.683341741559999494e-01,4.354388153082565660e-01
4.530267119410000265e-01,3.686362412369581509e-01
4.530267119410000265e-01,4.116543893003580812e-01
4.530267119410000265e-01,4.528772702708873110e-01
4.496276974679999650e-01,4.528772702708873110e-01
4.496276974679999650e-01,4.511933070248099753e-01
4.242618978019999654e-01,4.494953675338391741e-01
4.242618978019999654e-01,4.370145331479567408e-01
4.242618978019999654e-01,4.242589231100809544e-01
5.143859982489999982e-01,4.242589231100809544e-01
5.143859982489999982e-01,4.689442509158143202e-01
5.775254964830000004e-01,5.096687060684085280e-01
5.775254964830000004e-01,5.378290963545241388e-01
1.155050992970000134e+00,5.653643560720296168e-01
5.815799832339999531e-01,8.572426581892369502e-01
5.815799832339999531e-01,8.654399553078614415e-01
5.324479341510000019e-01,5.689485633387055818e-01
5.324479341510000019e-01,5.477569741772940759e-01
5.324479341510000019e-01,5.255284381713971609e-01
4.450843036169999656e-01,5.255284381713971609e-01
4.450843036169999656e-01,4.876038397711704442e-01
3.477284014230000442e-01,4.449748844169226225e-01
3.477284014230000442e-01,3.987604412309987967e-01
3.477284014230000442e-01,3.481510374054097023e-01
3.233990967270000128e-01,3.481510374054097023e-01
3.233990967270000128e-01,3.363221195589910506e-01
3.639144003390000215e-01,3.239700827370559089e-01
3.639144003390000215e-01,3.443552445489808655e-01
3.639144003390000215e-01,3.642419421818119951e-01
4.720915853980000021e-01,3.642419421818119951e-01
4.720915853980000021e-01,4.195180464103659412e-01
5.134342908860000110e-01,4.718447926375433088e-01
5.134342908860000110e-01,4.915766205244583298e-01
5.134342908860000110e-01,5.088726125219924512e-01
5.065969824789999798e-01,5.088726125219924512e-01
5.065969824789999798e-01,5.066319842750315328e-01
4.964767098430000192e-01,5.046142787421514786e-01
4.964767098430000192e-01,5.001740145840281038e-01
4.964767098430000192e-01,4.960294313614443951e-01
5.138059854509999802e-01,4.960294313614443951e-01
5.138059854509999802e-01,5.034628718147299287e-01
5.051693916320000310e-01,5.091806647078346293e-01
5.051693916320000310e-01,5.062729281073764520e-01
5.051693916320000310e-01,5.037502824297485082e-01
4.354107975959999877e-01,5.037502824297485082e-01
4.354107975959999877e-01,4.700434856089001912e-01
4.326008856299999872e-01,4.353504690940573352e-01
4.326008856299999872e-01,4.339616080907113260e-01
4.326008856299999872e-01,4.325549246217471611e-01
4.058938920499999825e-01,4.325549246217471611e-01
4.058938920499999825e-01,4.194664225490681297e-01
4.016053974629999468e-01,4.059877102083299105e-01
4.016053974629999468e-01,4.038738922499748862e-01
4.016053974629999468e-01,4.017222699319931700e-01
4.564934074880000470e-01,4.017222699319931700e-01
4.564934074880000470e-01,4.292374367450806916e-01
4.741987586020000034e-01,4.563265106540245197e-01
4.741987586020000034e-01,4.651085629406828126e-01
4.741987586020000034e-01,4.739407026509521725e-01
5.303083062169999806e-01,4.739407026509521725e-01
5.303083062169999806e-01,4.998114708516133153e-01
5.408403277400000153e-01,5.236389601590237808e-01
5.408403277400000153e-01,5.282814036202548857e-01
5.408403277400000153e-01,5.329421576201198718e-01
4.690060913560000211e-01,5.329421576201198718e-01
4.690060913560000211e-01,5.021884625374440914e-01
4.310222864150000111e-01,4.687754755987267319e-01
4.310222864150000111e-01,4.500501133597983872e-01
4.310222864150000111e-01,4.309844217404024125e-01
3.738690018649999947e-01,4.309844217404024125e-01
3.738690018649999947e-01,4.033634725674166144e-01
3.635939955709999727e-01,3.741394611702258399e-01
3.635939955709999727e-01,3.690970499762683543e-01
3.635939955709999727e-01,3.639233923122477954e-01
3.524549901490000026e-01,3.639233923122477954e-01
3.524549901490000026e-01,3.584623208767688807e-01
3.730736672880000104e-01,3.528495625908727451e-01
3.730736672880000104e-01,3.631132729725475294e-01
3.730736672880000104e-01,3.733486485008813971e-01
4.974814951420000186e-01,3.733486485008813971e-01
4.974814951420000186e-01,4.368479790868017298e-01
4.703379869459999862e-01,4.970103459395417422e-01
4.703379869459999862e-01,4.832464843716105518e-01
4.703379869459999862e-01,4.701004267768378875e-01
4.402194023129999967e-01,4.701004267768378875e-01
4.402194023129999967e-01,4.551985389645094582e-01
5.970959067340000370e-01,4.401346065767078319e-01
5.970959067340000370e-01,5.156525562230099835e-01
5.970959067340000370e-01,5.826662368720164631e-01
6.821811795229999476e-01,5.826662368720164631e-01
6.821811795229999476e-01,6.208543249552546106e-01
6.545308232309999807e-01,6.579307561409224459e-01
6.545308232309999807e-01,6.459399320342797957e-01
6.545308232309999807e-01,6.334644087756633457e-01
5.755695104600000445e-01,6.334644087756633457e-01
5.755695104600000445e-01,5.997569695308172522e-01
5.525934100150000639e-01,5.636353007800224413e-01
5.525934100150000639e-01,5.536426231418352106e-01
5.525934100150000639e-01,5.433277065791740634e-01
5.461500883100000037e-01,5.433277065791740634e-01
5.461500883100000037e-01,5.405095848071325149e-01
4.767659008499999795e-01,5.376338129691062839e-01
4.767659008499999795e-01,5.079826258300977893e-01
4.767659008499999795e-01,4.764937912075604687e-01
4.480645060540000557e-01,4.764937912075604687e-01
4.480645060540000557e-01,4.622354367063340463e-01
4.397424161429999145e-01,4.479400518865678249e-01
4.397424161429999145e-01,4.438253822617880817e-01
4.397424161429999145e-01,4.396600412006891889e-01
4.421995878220000287e-01,4.396600412006891889e-01
4.421995878220000287e-01,4.408766668987587622e-01
4.304879903789999851e-01,4.421047554934920965e-01
4.304879903789999851e-01,4.363255564575683754e-01
4.304879903789999851e-01,4.304528701899358323e-01
4.213770031930000881e-01,4.304528701899358323e-01
4.213770031930000881e-01,4.259605805391588063e-01
4.184294044970000570e-01,4.213890310825328944e-01
4.184294044970000570e-01,4.199339648645035727e-01
4.184294044970000570e-01,4.184568351525949081e-01
4.434120059009999948e-01,4.184568351525949081e-01
4.434120059009999948e-01,4.308835900806604613e-01
4.311811029909999315e-01,4.433110382382310366e-01
4.311811029909999315e-01,4.372752777789175593e-01
4.311811029909999315e-01,4.311424229450655510e-01
3.785375356669999913e-01,4.311424229450655510e-01
3.785375356669999913e-01,4.056437151432913391e-01
4.242714941499999837e-01,3.787815864857799197e-01
4.242714941499999837e-01,4.017319570170952980e-01
4.242714941499999837e-01,4.242684696704418501e-01
4.900729954240000130e-01,4.242684696704418501e-01
4.900729954240000130e-01,4.570318994160872950e-01
5.007591843609999760e-01,4.897117739949563009e-01
5.007591843609999760e-01,4.950449099911744533e-01
5.007591843609999760e-01,5.001458146063442189e-01
5.430127978320000715e-01,5.001458146063442189e-01
5.430127978320000715e-01,5.166605520857563416e-01
5.129631161689999219e-01,5.348616625390629764e-01
5.129631161689999219e-01,5.219310568881941892e-01
5.129631161689999219e-01,5.084895942811543668e-01
4.620640277859999756e-01,5.084895942811543668e-01
4.620640277859999756e-01,4.863648279790421247e-01
4.067130088810000377e-01,4.618689846481866534e-01
4.067130088810000377e-01,4.348619717946366481e-01
4.067130088810000377e-01,4.068024438818650945e-01
4.444420039649999987e-01,4.068024438818650945e-01
4.444420039649999987e-01,4.256392335621074774e-01
4.792877137660000453e-01,4.443358294297060640e-01
4.792877137660000453e-01,4.616128783391005297e-01
4.792877137660000453e-01,4.790013061861822519e-01
4.577464163300000166e-01,4.790013061861822519e-01
4.577464163300000166e-01,4.682546881254397997e-01
4.282034933569999757e-01,4.575732034583593344e-01
4.282034933569999757e-01,4.430252821650518258e-01
4.282034933569999757e-01,4.281801323743824050e-01
3.827793300150000300e-01,4.281801323743824050e-01
3.827793300150000300e-01,4.061161943450822820e-01
4.118455946450000349e-01,3.829995846047436481e-01
4.118455946450000349e-01,3.975014539335102737e-01
4.118455946450000349e-01,4.119077104291400393e-01
4.138678014280000594e-01,4.119077104291400393e-01
4.138678014280000594e-01,4.129070817108869140e-01
4.066219925880000252e-01,4.139192215433120658e-01
4.066219925880000252e-01,4.103498175019470451e-01
4.066219925880000252e-01,4.067119143051923791e-01
3.638260066510000112e-01,4.067119143051923791e-01
3.638260066510000112e-01,3.859754933028680668e-01
4.041681885719999867e-01,3.641540601154200640e-01
4.041681885719999867e-01,3.843883621320291488e-01
4.041681885719999867e-01,4.042712623201671351e-01
3.823980093000000080e-01,4.042712623201671351e-01
3.823980093000000080e-01,3.936201384416978533e-01
3.605332970620000466e-01,3.826203953967641236e-01
3.605332970620000466e-01,3.719451652495772143e-01
3.605332970620000466e-01,3.608804686006382156e-01
3.477089107040000071e-01,3.608804686006382156e-01
3.477089107040000071e-01,3.545996589844412350e-01
4.127672016619999829e-01,3.481316629161155807e-01
4.127672016619999829e-01,3.811118396299385536e-01
4.127672016619999829e-01,4.128244382652492273e-01
4.481799900530000214e-01,4.128244382652492273e-01
4.481799900530000214e-01,4.304846947307494620e-01
4.527682065960000335e-01,4.480549538410132371e-01
4.527682065960000335e-01,4.503294823115625567e-01
4.527682065960000335e-01,4.526200660596581549e-01
4.175952076910000033e-01,4.526200660596581549e-01
4.175952076910000033e-01,4.353621539749278901e-01
3.896762132639999821e-01,4.176270113743651979e-01
3.896762132639999821e-01,4.039826689583166930e-01
3.896762132639999821e-01,3.898581754219646589e-01
3.843109905720000219e-01,3.898581754219646589e-01
3.843109905720000219e-01,3.872171057873510791e-01
4.349834918980000076e-01,3.845226987092840720e-01
4.349834918980000076e-01,4.099706576424486659e-01
4.349834918980000076e-01,4.349253447593837141e-01
4.057039916519999956e-01,4.349253447593837141e-01
4.057039916519999956e-01,4.205846929755435726e-01
4.158543944359999744e-01,4.057988269054901842e-01
4.158543944359999744e-01,4.108281384451046847e-01
4.158543944359999744e-01,4.158953439036578437e-01
3.795419931409999559e-01,4.158953439036578437e-01
3.795419931409999559e-01,3.982203447866966006e-01
3.944078087810000688e-01,3.797803920095769725e-01
3.944078087810000688e-01,3.871586687264852444e-01
3.944078087810000688e-01,3.945637824024107454e-01
3.218328058720000273e-01,3.945637824024107454e-01
3.218328058720000273e-01,3.600518867414875812e-01
3.286980092529999675e-01,3.224135682251408341e-01
3.286980092529999675e-01,3.258084085156885967e-01
3.286980092529999675e-01,3.292361245344631593e-01
3.787471055980000112e-01,3.292361245344631593e-01
3.787471055980000112e-01,3.545152195986093213e-01
3.708164989949999657e-01,3.789899763210811123e-01
3.708164989949999657e-01,3.750927168784769505e-01
3.708164989949999657e-01,3.711043499656878630e-01
3.780674934390000907e-01,3.711043499656878630e-01
3.780674934390000907e-01,3.746915870247399805e-01
3.349470496180000367e-01,3.783141927583389963e-01
3.349470496180000367e-01,3.575081885226681910e-01
3.349470496180000367e-01,3.354468026232743094e-01
4.012593925000000339e-01,3.354468026232743094e-01
4.012593925000000339e-01,3.691372858986032846e-01
3.714086115360000218e-01,4.013781328820945626e-01
3.714086115360000218e-01,3.868327151534674546e-01
3.714086115360000218e-01,3.716930812077010593e-01
3.699907958509999761e-01,3.716930812077010593e-01
3.699907958509999761e-01,3.709944187286620676e-01
4.570833146569999728e-01,3.702833682821099481e-01
4.570833146569999728e-01,4.145262940107629079e-01
4.570833146569999728e-01,4.569134449891334993e-01
6.082751750949999536e-01,4.569134449891334993e-01
6.082751750949999536e-01,5.280122246764220595e-01
6.197350025179999555e-01,5.925512721200925093e-01
6.197350025179999555e-01,5.975834106023912851e-01
6.197350025179999555e-01,6.026856119458097183e-01
5.989001989359999945e-01,6.026856119458097183e-01
5.989001989359999945e-01,5.936267110313857565e-01
7.321739196780000514e-01,5.842615647329333362e-01
7.321739196780000514e-01,6.449125905555030958e-01
7.321739196780000514e-01,7.021846702045129174e-01
7.556480169300001659e-01,7.021846702045129174e-01
7.556480169300001659e-01,7.125194693163562354e-01
7.773395776750000596e-01,7.229719586666014663e-01
7.773395776750000596e-01,7.325161605008807530e-01
7.773395776750000596e-01,7.421851283584781633e-01
7.394071221349999279e-01,7.421851283584781633e-01
7.394071221349999279e-01,7.257824574376051663e-01
5.239706039429999906e-01,7.085894414034246136e-01
5.239706039429999906e-01,6.206891816492912106e-01
5.239706039429999906e-01,5.180461792937575138e-01
4.239485859870000262e-01,5.180461792937575138e-01
4.239485859870000262e-01,4.739581188286871583e-01
3.971244990829999599e-01,4.239472372372500852e-01
3.971244990829999599e-01,4.108200276636551074e-01
3.971244990829999599e-01,3.972656534423589791e-01
3.797512054439999840e-01,3.972656534423589791e-01
3.797512054439999840e-01,3.887545569608667484e-01
3.567200005049999678e-01,3.799884284325946160e-01
3.567200005049999678e-01,3.687528359748696860e-01
3.567200005049999678e-01,3.570894590234159338e-01
3.649494051930000094e-01,3.570894590234159338e-01
3.649494051930000094e-01,3.611621785951160124e-01
4.316858053209999824e-01,3.652709626845427326e-01
4.316858053209999824e-01,3.990333468562810570e-01
4.316858053209999824e-01,4.316445353539429819e-01
6.699802875520000089e-01,4.316445353539429819e-01
6.699802875520000089e-01,5.484182741729850541e-01
6.687517166140000135e-01,6.471339479828313035e-01
6.687517166140000135e-01,6.465968486884248190e-01
6.687517166140000135e-01,6.460468383967898909e-01
7.402344942089998936e-01,6.460468383967898909e-01
7.402344942089998936e-01,6.779737040679273408e-01
5.747825503350000309e-01,7.093220832909549189e-01
5.747825503350000309e-01,6.406445073211417540e-01
5.747825503350000309e-01,5.629396530000894128e-01
4.467082023619999287e-01,5.629396530000894128e-01
4.467082023619999287e-01,5.085622767733651850e-01
4.443944096570000002e-01,4.465905869507215131e-01
4.443944096570000002e-01,4.454452213330774013e-01
4.443944096570000002e-01,4.442884756193991591e-01
5.013267993929999555e-01,4.442884756193991591e-01
5.013267993929999555e-01,4.723189106112967162e-01
5.844069719309999966e-01,5.006690393427053465e-01
5.844069719309999966e-01,5.354061453215471778e-01
5.844069719309999966e-01,5.714477424415700391e-01
5.646660923960000744e-01,5.714477424415700391e-01
5.646660923960000744e-01,5.628550648151300351e-01
5.478358268740000092e-01,5.539975607701427274e-01
5.478358268740000092e-01,5.466627783427590037e-01
5.478358268740000092e-01,5.391234236305828542e-01
4.830544888970000339e-01,5.391234236305828542e-01
4.830544888970000339e-01,5.114527468234510987e-01
5.186424851420000648e-01,4.827453278562728878e-01
5.186424851420000648e-01,4.990797903459400220e-01
5.186424851420000648e-01,5.133589089150758511e-01
5.478839874270000632e-01,5.133589089150758511e-01
5.478839874270000632e-01,5.263565636855387364e-01
5.357598066330000464e-01,5.391659815785996290e-01
5.357598066330000464e-01,5.338769028818897144e-01
5.357598066330000464e-01,5.284537382517390247e-01
4.844766557219999936e-01,5.284537382517390247e-01
4.844766557219999936e-01,5.066988326359372907e-01
5.610790252689999980e-01,4.841582622509910672e-01
5.610790252689999980e-01,5.177082650231696892e-01
5.610790252689999980e-01,5.508271418527097563e-01
5.046309828760000560e-01,5.508271418527097563e-01
5.046309828760000560e-01,5.265934859853049765e-01
5.541200041770000251e-01,5.033866815516530036e-01
5.541200041770000251e-01,5.231810616639704925e-01
5.541200041770000251e-01,5.446768223613638327e-01
4.803995788100000608e-01,5.446768223613638327e-01
4.803995788100000608e-01,5.131639692187031088e-01
5.492213964459999875e-01,4.801066609163605059e-01
5.492213964459999875e-01,5.107091388503833818e-01
5.492213964459999875e-01,5.403478211045328328e-01
5.313435792920000456e-01,5.403478211045328328e-01
5.313435792920000456e-01,5.325686960571768269e-01
5.101341605189999573e-01,5.245531468100137484e-01
5.101341605189999573e-01,5.155381340400291279e-01
5.101341605189999573e-01,5.065406416311718507e-01
4.446362555030000108e-01,5.065406416311718507e-01
4.446362555030000108e-01,4.767868298596825150e-01
4.370690882209999906e-01,4.445290994990983569e-01
4.370690882209999906e-01,4.407891526981559949e-01
4.370690882209999906e-01,4.370003057041555450e-01
4.468570947649999625e-01,4.370003057041555450e-01
4.468570947649999625e-01,4.418530834607278801e-01
4.303170144560000132e-01,4.467387283268974274e-01
4.303170144560000132e-01,4.385818021090945873e-01
4.303170144560000132e-01,4.302827729623645570e-01
3.734301030639999852e-01,4.302827729623645570e-01
3.734301030639999852e-01,4.027912379727369707e-01
3.596813082699999997e-01,3.737030569182234196e-01
3.596813082699999997e-01,3.669675995480117248e-01
3.596813082699999997e-01,3.600334456501497193e-01
3.806587159630000494e-01,3.600334456501497193e-01
3.806587159630000494e-01,3.704753912430303608e-01
4.697122871880000106e-01,3.808908435805119508e-01
4.697122871880000106e-01,4.260158980829666930e-01
4.697122871880000106e-01,4.694779959395096736e-01
4.325636923309999493e-01,4.694779959395096736e-01
4.325636923309999493e-01,4.511523573311410074e-01
4.024122059349999891e-01,4.325179218707955742e-01
4.024122059349999891e-01,4.177618801882458932e-01
4.024122059349999891e-01,4.025247274071336312e-01
5.509567260740000361e-01,4.025247274071336312e-01
5.509567260740000361e-01,4.770085695056561770e-01
6.088038086889999700e-01,5.418813321729748500e-01
6.088038086889999700e-01,5.676609450177072524e-01
6.088038086889999700e-01,5.930187346178831254e-01
5.954055786130000305e-01,5.930187346178831254e-01
5.954055786130000305e-01,5.871790295302653506e-01
6.987553238869999017e-01,5.811717022485493045e-01
6.987553238869999017e-01,6.278053157510637972e-01
6.987553238869999017e-01,6.725997545049012816e-01
7.264609932899999123e-01,6.725997545049012816e-01
7.264609932899999123e-01,6.848147568877028801e-01
7.308521270749999132e-01,6.971263906590295933e-01
7.308521270749999132e-01,6.990489480894072072e-01
7.308521270749999132e-01,7.010143160559798581e-01
7.669703960420000133e-01,7.010143160559798581e-01
7.669703960420000133e-01,7.169739561522809890e-01
7.431621551510000367e-01,7.330001650426722914e-01
7.431621551510000367e-01,7.226623455325257295e-01
7.431621551510000367e-01,7.119145905601788060e-01
6.741573810580000492e-01,7.119145905601788060e-01
6.741573810580000492e-01,6.823638205993048933e-01
4.815258085729999804e-01,6.508301837175779481e-01
4.815258085729999804e-01,5.715735133676511648e-01
4.815258085729999804e-01,4.812261343828745930e-01
4.757649898530000310e-01,4.812261343828745930e-01
4.757649898530000310e-01,4.783371982516883003e-01
4.599390029910000455e-01,4.754984104393005229e-01
4.599390029910000455e-01,4.676097345964229657e-01
4.599390029910000455e-01,4.597547203497121537e-01
5.446116924289999828e-01,4.597547203497121537e-01
5.446116924289999828e-01,4.996219748217871626e-01
5.680819749830000598e-01,5.362744437051473190e-01
5.680819749830000598e-01,5.466414261310115208e-01
5.680819749830000598e-01,5.570167994815545809e-01
5.459834933280000024e-01,5.570167994815545809e-01
5.459834933280000024e-01,5.474028276594002929e-01
4.959425032140000744e-01,5.374866030456921795e-01
4.959425032140000744e-01,5.161076814964413728e-01
4.959425032140000744e-01,4.955060148941713427e-01
5.004079937929999389e-01,4.955060148941713427e-01
5.004079937929999389e-01,4.978104784802108163e-01
4.848302602769999914e-01,4.998178172557919408e-01
4.848302602769999914e-01,4.918220487371109950e-01
4.848302602769999914e-01,4.845094984589107812e-01
4.330404996869999246e-01,4.845094984589107812e-01
4.330404996869999246e-01,4.589158829043300525e-01
4.208042025570000177e-01,4.329922872092630826e-01
4.208042025570000177e-01,4.269633503729480806e-01
4.208042025570000177e-01,4.208192176986122468e-01
4.632369875909999046e-01,4.208192176986122468e-01
4.632369875909999046e-01,4.419763066065735546e-01
4.817841947079999909e-01,4.630359863911133189e-01
4.817841947079999909e-01,4.722272860671289374e-01
4.817841947079999909e-01,4.814829444199045794e-01
4.266889989379999415e-01,4.814829444199045794e-01
4.266889989379999415e-01,4.543524226371647989e-01
4.344327151780000285e-01,4.266734561836632578e-01
4.344327151780000285e-01,4.305094377379024007e-01
4.344327151780000285e-01,4.343773815413125572e-01
3.503369092939999652e-01,4.343773815413125572e-01
3.503369092939999652e-01,3.942787116191963648e-01
4.110293090339999789e-01,3.507440273905922390e-01
4.110293090339999789e-01,3.814531333458472950e-01
4.110293090339999789e-01,4.110957530232710599e-01
4.161401987080000642e-01,4.110957530232710599e-01
4.161401987080000642e-01,4.136241229553199172e-01
4.334180951120000236e-01,4.161796447579610425e-01
4.334180951120000236e-01,4.247589014073476776e-01
4.334180951120000236e-01,4.333679498928728613e-01
3.945558965209999824e-01,4.333679498928728613e-01
3.945558965209999824e-01,4.144157382015820068e-01
4.122183024880000102e-01,3.947110604257609290e-01
4.122183024880000102e-01,4.034850203262106971e-01
4.122183024880000102e-01,4.122784441267064448e-01
4.734078943729999600e-01,4.122784441267064448e-01
4.734078943729999600e-01,4.428946891425578625e-01
4.905501902100000700e-01,4.731540903734036685e-01
4.905501902100000700e-01,4.816385472967892878e-01
4.905501902100000700e-01,4.901845442095936756e-01
4.650357961649999594e-01,4.901845442095936756e-01
4.650357961649999594e-01,4.773373525419846164e-01
4.153358638289999516e-01,4.648256243721022862e-01
4.153358638289999516e-01,4.404863900357687823e-01
4.153358638289999516e-01,4.153795428185055316e-01
5.204820036889999946e-01,4.153795428185055316e-01
5.204820036889999946e-01,4.677587791866345546e-01
4.723480045800000360e-01,5.149739822461699701e-01
4.723480045800000360e-01,4.945838110150068689e-01
4.723480045800000360e-01,4.720998519465818832e-01
4.809153974059999226e-01,4.720998519465818832e-01
4.809153974059999226e-01,4.763621079143895987e-01
4.282904863359999759e-01,4.806194069998196983e-01
4.282904863359999759e-01,4.546862372912671701e-01
4.282904863359999759e-01,4.282666768244955402e-01
3.784159123900000532e-01,4.282666768244955402e-01
3.784159123900000532e-01,4.040916527477687037e-01
4.384463131430000327e-01,3.786606482850645716e-01
4.384463131430000327e-01,4.089091397764137437e-01
4.384463131430000327e-01,4.383705227982305774e-01
4.064694046970000474e-01,4.383705227982305774e-01
4.064694046970000474e-01,4.227151245870549578e-01
4.128547012810000472e-01,4.065601425678710412e-01
4.128547012810000472e-01,4.097199098021365726e-01
4.128547012810000472e-01,4.129114750531848177e-01
4.984906911850000011e-01,4.129114750531848177e-01
4.984906911850000011e-01,4.557372407506514733e-01
5.603145956989999954e-01,4.979891151815117878e-01
5.603145956989999954e-01,5.233345096981019129e-01
5.603145956989999954e-01,5.501515201934100707e-01
5.879179835320000880e-01,5.501515201934100707e-01
5.879179835320000880e-01,5.623451451415903968e-01
5.369278192519999493e-01,5.745517326239126810e-01
5.369278192519999493e-01,5.525705782881429329e-01
5.369278192519999493e-01,5.294855469749440990e-01
4.338716268539999366e-01,5.294855469749440990e-01
4.338716268539999366e-01,4.847298372368816222e-01
4.513429999350000443e-01,4.338191615413198310e-01
4.513429999350000443e-01,4.424923025843112701e-01
4.513429999350000443e-01,4.512020332341912798e-01
3.841015100479999722e-01,4.512020332341912798e-01
3.841015100479999722e-01,4.186957525281123638e-01
3.687435686590000428e-01,3.843143856199588426e-01
3.687435686590000428e-01,3.767911850304133670e-01
3.687435686590000428e-01,3.690432866408975277e-01
3.743062019349999714e-01,3.690432866408975277e-01
3.743062019349999714e-01,3.717930931293345620e-01
3.685111999510000125e-01,3.745741783728391838e-01
3.685111999510000125e-01,3.717241236283340688e-01
3.685111999510000125e-01,3.688122510412679689e-01
3.486010134220000611e-01,3.688122510412679689e-01
3.486010134220000611e-01,3.590923537903957241e-01
4.060110151770000009e-01,3.490184499895754300e-01
4.060110151770000009e-01,3.780387465599550079e-01
4.060110151770000009e-01,4.061042062043828671e-01
4.517791867260000371e-01,4.061042062043828671e-01
4.517791867260000371e-01,4.289933730268977174e-01
4.442490041260000466e-01,4.516360243389974105e-01
4.442490041260000466e-01,4.479095099839729976e-01
4.442490041260000466e-01,4.441438048937010330e-01
3.922618031499999769e-01,4.441438048937010330e-01
3.922618031499999769e-01,4.188772371711834697e-01
4.676558971410000876e-01,3.924295356295984250e-01
4.676558971410000876e-01,4.304277165951746476e-01
4.676558971410000876e-01,4.674322719533486326e-01
4.742052853109999244e-01,4.674322719533486326e-01
4.742052853109999244e-01,4.706887057510578121e-01
4.459910988809999699e-01,4.739471941351015571e-01
4.459910988809999699e-01,4.599497519742863916e-01
4.459910988809999699e-01,4.458771016703216294e-01
3.811169266699999669e-01,4.458771016703216294e-01
3.811169266699999669e-01,4.145272530418256385e-01
5.092470049859999515e-01,3.813464848562558296e-01
5.092470049859999515e-01,4.465186316398485622e-01
5.092470049859999515e-01,5.060472160938576103e-01
5.258709788319999578e-01,5.060472160938576103e-01
5.258709788319999578e-01,5.126054549977702157e-01
4.841000437740000106e-01,5.197222452235830126e-01
4.841000437740000106e-01,5.022596827824391541e-01
4.841000437740000106e-01,4.837841389745093368e-01
4.696680903429999998e-01,4.837841389745093368e-01
4.696680903429999998e-01,4.765379265234925832e-01
5.259196758269999439e-01,4.694340295449103140e-01
5.259196758269999439e-01,4.958290899751214287e-01
5.259196758269999439e-01,5.197652084742571121e-01
4.915471076970000519e-01,5.197652084742571121e-01
4.915471076970000519e-01,5.055330298714312276e-01
5.341891050339999669e-01,4.911715910891905623e-01
5.341891050339999669e-01,5.090607892451496364e-01
5.341891050339999669e-01,5.270662968962176453e-01
5.368229746820000203e-01,5.270662968962176453e-01
5.368229746820000203e-01,5.282224219932658560e-01
4.699867963789999825e-01,5.293929262449151851e-01
4.699867963789999825e-01,5.008033170008975299e-01
4.699867963789999825e-01,4.697510724726566278e-01
3.772451877590000113e-01,4.697510724726566278e-01
3.772451877590000113e-01,4.252271594870827842e-01
4.297279119489999522e-01,3.774965260243876575e-01
4.297279119489999522e-01,4.038909240075396201e-01
4.297279119489999522e-01,4.296966997259266119e-01
3.994599878790000558e-01,4.296966997259266119e-01
3.994599878790000558e-01,4.148917166832518100e-01
4.641459882260000058e-01,3.995884614223807474e-01
4.641459882260000058e-01,4.320793515257236317e-01
4.641459882260000058e-01,4.639403584229251365e-01
4.700480103490000117e-01,4.639403584229251365e-01
4.700480103490000117e-01,4.668729857373689618e-01
4.221009910109999597e-01,4.698119666536617056e-01
4.221009910109999597e-01,4.462635804093276759e-01
4.221009910109999597e-01,4.221092472266845808e-01
4.847947061059999507e-01,4.221092472266845808e-01
4.847947061059999507e-01,4.533654294168236176e-01
4.966078102589999710e-01,4.844741838650030719e-01
4.966078102589999710e-01,4.903493257932537430e-01
4.966078102589999710e-01,4.961577026849476879e-01
4.644638001919999537e-01,4.961577026849476879e-01
4.644638001919999537e-01,4.799326495315914820e-01
3.808960020539999825e-01,4.642565494693946526e-01
3.808960020539999825e-01,4.240200693677506072e-01
3.808960020539999825e-01,3.811267988084107161e-01
4.532988965509999746e-01,3.811267988084107161e-01
4.532988965509999746e-01,4.177000058330940235e-01
7.496960163120000020e-01,4.531480848841242803e-01
7.496960163120000020e-01,5.973686628483758643e-01
7.496960163120000020e-01,7.177007450348136253e-01
7.197430133819999742e-01,7.177007450348136253e-01
7.197430133819999742e-01,7.047193775717678355e-01
6.950960159299999219e-01,6.911786071613948979e-01
6.950960159299999219e-01,6.804805665091812061e-01
6.950960159299999219e-01,6.693608539724732465e-01
5.451954007150000558e-01,6.693608539724732465e-01
5.451954007150000558e-01,6.068331194988145771e-01
4.395636916160000074e-01,5.367902196309284335e-01
4.395636916160000074e-01,4.912340777845257689e-01
4.395636916160000074e-01,4.394822240666538815e-01
5.966482162480000184e-01,4.394822240666538815e-01
5.966482162480000184e-01,5.151636221956235051e-01
5.888460278509999313e-01,5.822704004845661307e-01
5.888460278509999313e-01,5.788631972314068896e-01
5.888460278509999313e-01,5.753722109612768865e-01
6.181870698929999852e-01,5.753722109612768865e-01
6.181870698929999852e-01,5.883289761782997118e-01
6.436855793000000325e-01,6.013166466503476748e-01
6.436855793000000325e-01,6.125587351339047970e-01
6.436855793000000325e-01,6.238699771235213243e-01
6.103287935260000019e-01,6.238699771235213243e-01
6.103287935260000019e-01,6.094264143951034773e-01
5.709810853000000241e-01,5.943672698851202307e-01
5.709810853000000241e-01,5.773514049511577761e-01
5.709810853000000241e-01,5.595793625665447246e-01
3.738162517550000508e-01,5.595793625665447246e-01
3.738162517550000508e-01,4.766641914341432917e-01
3.393245637420000405e-01,3.740870107658063048e-01
3.393245637420000405e-01,3.573724314522915280e-01
3.393245637420000405e-01,3.397977017817464529e-01
3.906252980230000005e-01,3.397977017817464529e-01
3.906252980230000005e-01,3.656951698639382964e-01
3.812240064140000051e-01,3.908020290159887611e-01
3.812240064140000051e-01,3.861821192756519916e-01
3.812240064140000051e-01,3.814529644631523553e-01
4.200342893599999239e-01,3.814529644631523553e-01
4.200342893599999239e-01,4.008815788574822125e-01
4.313850700859999665e-01,4.200533242152699742e-01
4.313850700859999665e-01,4.256805690214978122e-01
4.313850700859999665e-01,4.313453431391993664e-01
4.137068092819999321e-01,4.313453431391993664e-01
4.169688224790000231e-01,4.226535865796474667e-01
4.028880894179999728e-01,4.153719709962224726e-01
4.028880894179999728e-01,4.100836534505993280e-01
4.028880894179999728e-01,4.029980475151729302e-01
3.921949863429999850e-01,4.029980475151729302e-01
3.921949863429999850e-01,3.977419466061674624e-01
4.094932079320000029e-01,3.923630856890495955e-01
8.189864158630000279e-01,4.009553327983798598e-01
8.189864158630000279e-01,6.193953995164540594e-01
4.646931886669999900e-01,7.790852014637021927e-01
4.646931886669999900e-01,6.414257312844062753e-01
4.922423064710000906e-01,4.644847670972030995e-01
4.922423064710000906e-01,4.780611891771783251e-01
4.922423064710000906e-01,4.918593097136181314e-01
4.768891036509999570e-01,4.918593097136181314e-01
4.768891036509999570e-01,4.840661477132578994e-01
4.546279907230000306e-01,4.766163082298909281e-01
4.546279907230000306e-01,4.655318382443173753e-01
4.546279907230000306e-01,4.544704886286429213e-01
4.603506028650000692e-01,4.544704886286429213e-01
4.603506028650000692e-01,4.573098005735569682e-01
5.313299894330000273e-01,4.601642388615577728e-01
5.313299894330000273e-01,4.938604275432383339e-01
5.313299894330000273e-01,5.245411457901667518e-01
5.329527258869999340e-01,5.245411457901667518e-01
5.329527258869999340e-01,5.252527462904775790e-01
5.121163129810000214e-01,5.259742664895414865e-01
5.121163129810000214e-01,5.170712794774456889e-01
5.121163129810000214e-01,5.078331089811021215e-01
5.052093267439999869e-01,5.078331089811021215e-01
5.052093267439999869e-01,5.057000951674486267e-01
5.267900824550000305e-01,5.037763090456057746e-01
5.267900824550000305e-01,5.114394299671606303e-01
5.267900824550000305e-01,5.205332261315845921e-01
4.828203916550000696e-01,5.205332261315845921e-01
4.828203916550000696e-01,5.020850168226667076e-01
4.331152141089999463e-01,4.825127101496050064e-01
4.331152141089999463e-01,4.579545272215849727e-01
4.331152141089999463e-01,4.330666191212361182e-01
4.463706910610000245e-01,4.330666191212361182e-01
4.463706910610000245e-01,4.396421805082569301e-01
4.449850022790000081e-01,4.462547783646887423e-01
4.449850022790000081e-01,4.455687361988644457e-01
4.449850022790000081e-01,4.448760846027018379e-01
4.294449985029999972e-01,4.448760846027018379e-01
4.294449985029999972e-01,4.372128431005034566e-01
4.382221102709999427e-01,4.294152420143696469e-01
4.382221102709999427e-01,4.337646870930147447e-01
4.382221102709999427e-01,4.381474599574933793e-01
4.061790108680000122e-01,4.381474599574933793e-01
4.061790108680000122e-01,4.224607890425098322e-01
4.102478027339999667e-01,4.062713026003161310e-01
4.102478027339999667e-01,4.082830900899857562e-01
4.102478027339999667e-01,4.103183963735164141e-01
4.621522128580000111e-01,4.103183963735164141e-01
4.621522128580000111e-01,4.362804898248437979e-01
4.876608848569999877e-01,4.619567222985090371e-01
4.876608848569999877e-01,4.745614574087770321e-01
4.876608848569999877e-01,4.873197862015723469e-01
4.069924056529999890e-01,4.873197862015723469e-01
4.069924056529999890e-01,4.480174988472798714e-01
3.945336043830000028e-01,4.070803470561498716e-01
3.945336043830000028e-01,4.009588359141723624e-01
3.945336043830000028e-01,3.946888901629443391e-01
4.096539914610000110e-01,3.946888901629443391e-01
4.096539914610000110e-01,4.021933830852360003e-01
4.334811866279999482e-01,4.097277419728312386e-01
4.334811866279999482e-01,4.215816380067723412e-01
4.334811866279999482e-01,4.334307185702862553e-01
3.768970966340000617e-01,4.334307185702862553e-01
3.768970966340000617e-01,4.060619061249262640e-01
4.206430017949999711e-01,3.771504007586787277e-01
4.206430017949999711e-01,3.990929889962505639e-01
4.206430017949999711e-01,4.206588581382267877e-01
4.407816529269999450e-01,4.206588581382267877e-01
4.407816529269999450e-01,4.306646107084541319e-01
4.341942965980000180e-01,4.406940052900553684e-01
4.341942965980000180e-01,4.374393308951598502e-01
4.341942965980000180e-01,4.341401815075383586e-01
4.347676634790000327e-01,4.341401815075383586e-01
4.347676634790000327e-01,4.344238066842526780e-01
4.114781618119999762e-01,4.347106185977753223e-01
4.114781618119999762e-01,4.232776582500208939e-01
4.114781618119999762e-01,4.115422250700381257e-01
4.377084970470000447e-01,4.115422250700381257e-01
4.377084970470000447e-01,4.245984537386875979e-01
4.182440936569999934e-01,4.376364595211504338e-01
4.182440936569999934e-01,4.280631232799757546e-01
4.182440936569999934e-01,4.182724952141274044e-01
4.226872920989999671e-01,4.182724952141274044e-01
4.226872920989999671e-01,4.204706822264629995e-01
4.212309122089999969e-01,4.226924972182188878e-01
4.212309122089999969e-01,4.219731445372952305e-01
4.212309122089999969e-01,4.212437017182832366e-01
4.229609966280000188e-01,4.212437017182832366e-01
4.229609966280000188e-01,4.220990294185178460e-01
4.183981120589999603e-01,4.229647783967457331e-01
4.183981120589999603e-01,4.207132670439862054e-01
4.183981120589999603e-01,4.184257066440769668e-01
3.859507143500000015e-01,4.184257066440769668e-01
3.859507143500000015e-01,4.025980784133602608e-01
3.791919946670000430e-01,3.861533000080045186e-01
3.791919946670000430e-01,3.828289356926907749e-01
3.791919946670000430e-01,3.794323617306124552e-01
4.145630002019999871e-01,3.794323617306124552e-01
4.145630002019999871e-01,3.971218746410760114e-01
3.834752440449999966e-01,4.146107520584437212e-01
3.834752440449999966e-01,3.994454570811285521e-01
3.834752440449999966e-01,3.836916125115478748e-01
4.147832989689999583e-01,3.836916125115478748e-01
4.147832989689999583e-01,3.993233814492466727e-01
4.186916947359999863e-01,4.148298893302586055e-01
4.186916947359999863e-01,4.167628824519419850e-01
4.186916947359999863e-01,4.187177516917506837e-01
4.209992289540000487e-01,4.187177516917506837e-01
4.209992289540000487e-01,4.198586140599812611e-01
4.386417865749999700e-01,4.210132266813362834e-01
4.386417865749999700e-01,4.297736986154981342e-01
4.386417865749999700e-01,4.385650025303892141e-01
4.519479870800000576e-01,4.385650025303892141e-01
4.519479870800000576e-01,4.451662050286287475e-01
4.262860119340000087e-01,4.518039750202483829e-01
4.262860119340000087e-01,4.391712178429965641e-01
4.262860119340000087e-01,4.262725526029779166e-01
3.857827186580000123e-01,4.262725526029779166e-01
3.857827186580000123e-01,4.065612732327473777e-01
7.649778723720002116e-01,3.859862376688882324e-01
7.649778723720002116e-01,5.822353844758774155e-01
7.649778723720002116e-01,7.312353082020358608e-01
7.661162018780000027e-01,7.312353082020358608e-01
7.661162018780000027e-01,7.317332043335113001e-01
7.348887920379999494e-01,7.322435672320241062e-01
7.348887920379999494e-01,7.187141064992605966e-01
7.348887920379999494e-01,7.045885479558109399e-01
5.662231445309999778e-01,7.045885479558109399e-01
5.662231445309999778e-01,6.346583779931196378e-01
4.144382774829999949e-01,5.553737974324206572e-01
4.144382774829999949e-01,4.908073400751584714e-01
4.144382774829999949e-01,4.144866871199877623e-01
4.542379677300000251e-01,4.144866871199877623e-01
4.542379677300000251e-01,4.343456361034195301e-01
4.465749859809999833e-01,4.540824291108310762e-01
4.465749859809999833e-01,4.502883159232830557e-01
4.465749859809999833e-01,4.464580425881896075e-01
4.381617903710000039e-01,4.464580425881896075e-01
4.381617903710000039e-01,4.422995329004445475e-01
4.221815466880000089e-01,4.380874468254127851e-01
4.221815466880000089e-01,4.302177393620779111e-01
4.221815466880000089e-01,4.221893835201219192e-01
4.099304974080000274e-01,4.221893835201219192e-01
4.099304974080000274e-01,4.161609448855344007e-01
3.585551083090000035e-01,4.100027775201230407e-01
3.585551083090000035e-01,3.852047945085766423e-01
3.585551083090000035e-01,3.589138218174093842e-01
3.300010859970000099e-01,3.589138218174093842e-01
3.300010859970000099e-01,3.450518144943667265e-01
3.363102078440000087e-01,3.305311659423463277e-01
3.363102078440000087e-01,3.336501311737716247e-01
3.363102078440000087e-01,3.368016501928205453e-01
4.000695943830000489e-01,3.368016501928205453e-01
4.000695943830000489e-01,3.691578075644160739e-01
4.361119866370000153e-01,4.001947669173138711e-01
4.361119866370000153e-01,4.181942314429886731e-01
4.361119866370000153e-01,4.360480812598243050e-01
4.299152195449999492e-01,4.360480812598243050e-01
4.299152195449999492e-01,4.329878994153832372e-01
3.694364428520000021e-01,4.298830438659606012e-01
3.694364428520000021e-01,4.007110327562841690e-01
3.694364428520000021e-01,3.697321892070179472e-01
3.397802114490000025e-01,3.697321892070179472e-01
3.397802114490000025e-01,3.553290364823761260e-01
3.138284981250000216e-01,3.402505913659464309e-01
3.138284981250000216e-01,3.276535034097368126e-01
3.138284981250000216e-01,3.144596514897782247e-01
3.070526123050000278e-01,3.144596514897782247e-01
3.070526123050000278e-01,3.111365210018225413e-01
2.810271978380000091e-01,3.077269881676353847e-01
2.810271978380000091e-01,2.951306235690363544e-01
2.810271978380000091e-01,2.818724491741753657e-01
2.499703019860000097e-01,2.818724491741753657e-01
2.499703019860000097e-01,2.669378255235995701e-01
2.867952883240000306e-01,2.510297024543907685e-01
2.867952883240000306e-01,2.696360507956278574e-01
2.867952883240000306e-01,2.876019983841429095e-01
3.861840069290000121e-01,2.876019983841429095e-01
3.861840069290000121e-01,3.391816174995705979e-01
3.993610143659999667e-01,3.863852969400972115e-01
3.993610143659999667e-01,3.929207902141637621e-01
3.993610143659999667e-01,3.994900241968771804e-01
3.737475574019999969e-01,3.994900241968771804e-01
3.737475574019999969e-01,3.869869296761168642e-01
4.062356054779999726e-01,3.740187067515049479e-01
4.062356054779999726e-01,3.902555771929600015e-01
4.062356054779999726e-01,4.063275943158493053e-01
4.575501084329999801e-01,4.063275943158493053e-01
4.575501084329999801e-01,4.320134838244841236e-01
4.590677022929999795e-01,4.573778854826489049e-01
4.590677022929999795e-01,4.581309224149426318e-01
4.590677022929999795e-01,4.588878218553147925e-01
4.378040134910000103e-01,4.588878218553147925e-01
4.378040134910000103e-01,4.483834735302372199e-01
4.264749586580000029e-01,4.377314899431642981e-01
4.264749586580000029e-01,4.321442242661550082e-01
4.264749586580000029e-01,4.264605223180982230e-01
3.971880972390000597e-01,4.264605223180982230e-01
3.971880972390000597e-01,4.121372393595607031e-01
4.814718961720000356e-01,3.973289055639905865e-01
4.814718961720000356e-01,4.397804100683420092e-01
4.814718961720000356e-01,4.811725495425530630e-01
5.960016250609999622e-01,4.811725495425530630e-01
5.960016250609999622e-01,5.323747973630194030e-01
5.935804247860000382e-01,5.816987045689977487e-01
5.935804247860000382e-01,5.806396608049299024e-01
5.935804247860000382e-01,5.795579893357359902e-01
5.344555974010000154e-01,5.795579893357359902e-01
5.344555974010000154e-01,5.541345165825096730e-01
6.386911869050000412e-01,5.273016876430685063e-01
6.386911869050000412e-01,5.743785510803725014e-01
6.386911869050000412e-01,6.194519740029318378e-01
6.117054224010000096e-01,6.194519740029318378e-01
6.117054224010000096e-01,6.077436621209394429e-01
5.418704748149999473e-01,5.955846337107011390e-01
5.418704748149999473e-01,5.656632262151505275e-01
5.418704748149999473e-01,5.338523396368495266e-01
4.762136936190000114e-01,5.338523396368495266e-01
4.762136936190000114e-01,5.058139618064965148e-01
4.675452113149999867e-01,4.759446438038571481e-01
4.675452113149999867e-01,4.716167444325041758e-01
4.675452113149999867e-01,4.673221572577743732e-01
4.370338916779999416e-01,4.673221572577743732e-01
4.370338916779999416e-01,4.522474594308260043e-01
4.089739620689999966e-01,4.369652884093945255e-01
4.089739620689999966e-01,4.232100580838822901e-01
4.089739620689999966e-01,4.090513319106017787e-01
4.132393896580000558e-01,4.090513319106017787e-01
4.132393896580000558e-01,4.111606923541049619e-01
4.689426124100000148e-01,4.132941294543841515e-01
4.689426124100000148e-01,4.411469858456098514e-01
4.689426124100000148e-01,4.687123263548614305e-01
4.867537915710000718e-01,4.687123263548614305e-01
4.867537915710000718e-01,4.775331539627045707e-01
4.692515134809999711e-01,4.864195156242612783e-01
4.692515134809999711e-01,4.776141155249973291e-01
4.692515134809999711e-01,4.690196219925842347e-01
4.444226622579999786e-01,4.690196219925842347e-01
4.444226622579999786e-01,4.567190736838767084e-01
4.443410933020000009e-01,4.443165854566773487e-01
4.443410933020000009e-01,4.442762004096664219e-01
4.443410933020000009e-01,4.442354286875062619e-01
5.530676245690000492e-01,4.442354286875062619e-01
5.530676245690000492e-01,4.965224298374028566e-01
5.201817154879999627e-01,5.437467869726495540e-01
5.201817154879999627e-01,5.295292635094309697e-01
5.201817154879999627e-01,5.147100052787741964e-01
4.888408482070000227e-01,5.147100052787741964e-01
4.888408482070000227e-01,5.019783930161247909e-01
4.534012973309999861e-01,4.884903182470866634e-01
4.534012973309999861e-01,4.707722631828600846e-01
4.534012973309999861e-01,4.532499702406599940e-01
4.934889972209999809e-01,4.532499702406599940e-01
4.934889972209999809e-01,4.730042961437216364e-01
4.592308402060000239e-01,4.930910123805381517e-01
4.592308402060000239e-01,4.758747941029261574e-01
4.592308402060000239e-01,4.590501358824125022e-01
4.276114106180000651e-01,4.590501358824125022e-01
4.276114106180000651e-01,4.434838359137056041e-01
4.875603914259999394e-01,4.275911039529911584e-01
4.875603914259999394e-01,4.574111016810272767e-01
4.875603914259999394e-01,4.872200654082750049e-01
4.919849932190000774e-01,4.872200654082750049e-01
4.919849932190000774e-01,4.894483499211661481e-01
4.535106122489999669e-01,4.916048291787276092e-01
4.535106122489999669e-01,4.723471224870325891e-01
4.535106122489999669e-01,4.533587349287238055e-01
4.152489900590000116e-01,4.533587349287238055e-01
4.152489900590000116e-01,4.346043438292963024e-01
3.946819901470000058e-01,4.152931265873457956e-01
3.946819901470000058e-01,4.052133069022794132e-01
3.946819901470000058e-01,3.948364647692722551e-01
3.616715073589999996e-01,3.948364647692722551e-01
3.616715073589999996e-01,3.787888483856824418e-01
4.018700122830000110e-01,3.620120570305604413e-01
4.018700122830000110e-01,3.821765903838867939e-01
4.018700122830000110e-01,4.019854570195114940e-01
3.781877458099999756e-01,4.019854570195114940e-01
3.781877458099999756e-01,3.904116261192331905e-01
4.095878005029999769e-01,3.784337673343854958e-01
4.095878005029999769e-01,3.941167278208141944e-01
4.095878005029999769e-01,4.096619031114632214e-01
4.319719970229999872e-01,4.096619031114632214e-01
4.319719970229999872e-01,4.207936560861170183e-01
4.212018847469999328e-01,4.319292592744095050e-01
4.212018847469999328e-01,4.266208717878287038e-01
4.212018847469999328e-01,4.212148256078048214e-01
4.317714869979999981e-01,4.212148256078048214e-01
4.317714869979999981e-01,4.264537844430172364e-01
4.079217016699999143e-01,4.317297775352042510e-01
4.079217016699999143e-01,4.200300869774467594e-01
