1.201630949974060059e+00,1.313011899185528852e+00
8.802530169486999512e-01,1.313418961128590912e+00
8.531429767608642578e-01,1.289771253700254139e+00
7.591750025749206543e-01,1.313463974967963077e+00
1.005007982254028320e+00,1.288704031549951390e+00
7.687720060348510742e-01,1.306561697793316101e+00
1.740013241767883301e+00,1.300531783870305658e+00
2.913533687591552734e+00,1.313905642509110017e+00
4.963075160980224609e+00,1.225101746944729397e+00
1.471215128898620605e+00,1.090063911198842606e+00
1.000648975372314453e+00,7.885371415011294127e-01
8.220189809799194336e-01,8.458119601040873237e-01
9.362199902534482643e-01,8.160717212117667430e-01
5.486897230148315430e-01,1.024372693573977200e+00
1.111255049705505371e+00,1.267948368647307866e+00
7.148039937019348145e-01,1.321379766823074675e+00
1.052167057991027832e+00,1.289206615433503123e+00
8.955980539321898304e-01,1.323890707279937740e+00
7.769405245780944824e-01,1.288891228057907012e+00
5.699509978294372559e-01,1.303663725031736664e+00
8.244060277938842773e-01,1.294549376534430030e+00
5.800840258598327637e-01,1.313090164904813895e+00
9.488009810447691761e-01,1.306106354219544130e+00
7.918390035629272461e-01,1.333553894538837215e+00
6.937990188598632812e-01,1.307817820258871722e+00
6.834830045700073242e-01,1.317323299844794571e+00
9.433320164680479847e-01,1.308966884347577020e+00
1.032713770866394043e+00,1.319312860666794096e+00
2.556216001510620117e+00,1.316436660414496584e+00
2.464895963668823242e+00,1.295699947503654359e+00
2.728049993515014204e+00,1.163252052422059091e+00
3.558506965637206476e-01,1.091935882236065192e+00
3.262020051479339600e-01,9.396558399163638109e-01
3.781589865684509277e-01,1.049221677503758832e+00
6.306380033493041992e-01,1.124197689551628132e+00
8.854129910469055176e-01,1.274953043570057565e+00
9.743152856826782227e-01,1.347360305515851620e+00
7.307389974594116211e-01,1.334287682679833775e+00
9.521890282630921520e-01,1.311886468919336357e+00
1.011654973030090332e+00,1.314750897584386902e+00
7.643579840660095215e-01,1.302440578065662935e+00
3.306220054626464844e+00,1.302438732057288551e+00
7.543110251426696777e-01,1.281925998595912608e+00
1.409499049186706321e+00,1.087058393412236645e+00
6.401469707489013672e-01,1.193691852560498257e+00
8.640019893646240234e-01,1.062535511210788819e+00
8.469420075416564941e-01,1.175572505110328736e+00
7.976629734039306641e-01,1.275587087192390667e+00
9.555831551551821068e-01,1.299429313055727508e+00
9.546210169792175293e-01,1.314815157320841532e+00
5.251880288124084473e-01,1.308059887377757358e+00
1.275226235389709695e+00,1.295574559714365526e+00
8.355640172958374023e-01,1.319393323353393210e+00
7.640249729156494141e-01,1.278135104803760802e+00
4.752210080623626154e-01,1.309175488935572895e+00
7.414129972457885742e-01,1.280673294786035088e+00
1.069700956344604492e+00,1.310167898466167546e+00
7.892770171165466309e-01,1.321884562756337589e+00
6.914690136909484863e-01,1.313040947791352941e+00
7.093830108642578125e-01,1.311436579148775650e+00
1.115731000900268555e+00,1.302069153614428654e+00
1.002280950546264648e+00,1.317885725472917935e+00
1.143296003341674805e+00,1.306984198477821879e+00
6.746559739112854004e-01,1.309654438871409088e+00
6.694570183753967285e-01,1.274359064420697907e+00
7.814120054244995117e-01,1.292479254723244653e+00
8.469259738922119141e-01,1.296506100340328871e+00
6.482390165328979492e-01,1.313615540685443506e+00
7.183309793472290039e-01,1.313778595947988403e+00
9.541710019111631080e-01,1.318457748742779545e+00
6.694499850273132324e-01,1.318354583137952174e+00
6.464660167694091797e-01,1.308732304869228980e+00
9.235979914665222168e-01,1.317144608648826987e+00
1.067314028739929199e+00,1.315756243304665674e+00
6.827279925346374512e-01,1.316062251067740663e+00
6.464239954948425293e-01,1.303523708883302934e+00
7.273989915847778320e-01,1.305237024312351224e+00
8.693690299987792969e-01,1.302179309343995284e+00
4.518609941005707342e-01,1.318059112432803825e+00
4.952389895915985107e-01,1.307825888383279622e+00
7.243813276290893555e-01,1.321231232773698805e+00
7.400469779968261719e-01,1.321458358570033687e+00
8.204330205917358398e-01,1.328264811559344283e+00
1.108605027198791504e+00,1.331416312885901787e+00
1.039268016815185547e+00,1.323375903906338191e+00
7.877500057220458984e-01,1.306247906925982694e+00
9.367713332176208496e-01,1.297888359454910434e+00
6.470239758491516113e-01,1.298657320683632044e+00
1.187446951866149902e+00,1.285006652308128938e+00
7.528370022773742676e-01,1.319555258265728614e+00
2.307340055704116821e-01,1.286359598660152370e+00
8.772729635238647461e-01,1.293213159676041890e+00
2.742219865322113037e-01,1.315625348399872108e+00
9.923512339591979980e-01,1.289349328059628874e+00
7.200859785079956055e-01,1.357051683724313618e+00
7.269890308380126953e-01,1.304980278564463303e+00
6.872699856758117676e-01,1.329179566477455721e+00
8.352038264274597168e-01,1.307328938403108598e+00
1.023357987403869629e+00,1.318964616380190691e+00
9.300749897956847034e-01,1.320595070045856190e+00
5.104020237922668457e-01,1.311188963358455917e+00
4.551239907741546076e-01,1.295032205618495968e+00
7.012919783592224121e-01,1.300027899035000489e+00
1.123770236968993919e+00,1.313837828958059450e+00
4.689320027828217108e-01,1.332946390386091196e+00
1.145424962043762207e+00,1.305584415651925179e+00
1.557039022445678711e+00,1.332644648529019316e+00
1.062240004539489524e+00,1.283930444707080731e+00
2.247971057891845703e+00,1.268242370054915469e+00
8.389729857444763184e-01,1.256013619981693585e+00
6.386680006980895996e-01,1.133955154607345417e+00
1.085826039314270020e+00,1.205627646936310082e+00
6.923220157623291016e-01,1.205512020018298935e+00
1.279224038124084473e+00,1.229255001301536643e+00
4.283109903335570734e-01,1.325146017415346877e+00
8.846225738525390625e-01,1.263381411988308667e+00
9.259700179100035511e-01,1.316673817271629687e+00
9.073020219802856445e-01,1.286303296163542997e+00
8.741459846496582031e-01,1.310057895946495021e+00
7.683960199356079102e-01,1.306351655512643761e+00
7.523270249366759144e-01,1.302725576025377308e+00
1.977947235107421431e+00,1.306551543773978974e+00
6.822599768638610840e-01,1.308130913866541123e+00
2.116506099700928178e+00,1.227799069616535954e+00
1.727593064308166504e+00,1.279120142590004283e+00
1.114274978637695090e+00,1.136306127119455223e+00
1.102354049682617188e+00,1.157489593148580465e+00
6.531813144683837891e-01,1.169074672688984018e+00
1.023204803466796875e+00,1.161469870276439442e+00
1.108754038810729980e+00,1.264284723351055462e+00
1.829927563667297363e+00,1.285963953839119878e+00
1.265669584274291992e+00,1.291675788341213549e+00
1.030689358711242898e+00,1.229576250081513500e+00
1.099169254302978294e+00,1.228973115852578069e+00
7.758393883705139160e-01,1.209948589466540492e+00
8.666771054267883301e-01,1.221218204534961771e+00
7.614132165908813477e-01,1.289397762551490079e+00
1.078659296035766602e+00,1.290684302360248115e+00
6.600005030632019043e-01,1.315078667699285164e+00
6.280704736709594727e-01,1.293601527556507591e+00
9.000409841537475586e-01,1.310432670863756810e+00
1.011121273040771706e+00,1.308663184440091554e+00
7.521411776542663574e-01,1.313781351210927539e+00
6.799052953720092773e-01,1.309518373850300677e+00
6.504104733467102051e-01,1.306020257686517638e+00
9.056316018104552112e-01,1.302094877370177262e+00
7.056654095649719238e-01,1.320111074157168218e+00
6.592794060707092285e-01,1.312284993730876481e+00
7.808002829551696777e-01,1.319297369484385030e+00
9.280405640602111816e-01,1.315113473417675927e+00
3.888399899005889893e-01,1.319765521137299169e+00
2.337300032377243320e-01,1.301661270386887059e+00
3.949534893035888672e-01,1.312277563502221911e+00
7.839220166206359863e-01,1.319664902148624863e+00
9.723259806632995605e-01,1.344967695298525001e+00
1.345324039459228294e+00,1.345858069095085430e+00
6.804850101470947266e-01,1.332630464696710426e+00
8.075709939002990723e-01,1.280635252004705960e+00
9.960750937461850807e-01,1.297898555457472236e+00
4.713059961795806330e-01,1.281596648558671836e+00
1.126214265823364480e+00,1.283887903040512368e+00
7.747610211372375488e-01,1.328374246495578559e+00
8.005080223083496094e-01,1.286471906927780573e+00
1.195780038833618164e+00,1.317650282981038146e+00
4.899359941482543390e-01,1.303571926661651004e+00
7.445690035820007324e-01,1.276832877184250314e+00
8.565919995307922363e-01,1.315977956545452576e+00
7.605929970741271973e-01,1.295601909815246922e+00
7.421634793281555176e-01,1.312805514520675398e+00
8.745691180229187012e-01,1.317184137645422304e+00
1.477671980857849121e+00,1.315669900812403981e+00
5.030400156974792480e-01,1.316127483612737015e+00
2.968195915222167969e+00,1.266557412733297916e+00
4.084815025329589844e+00,1.291706677573622786e+00
4.121052026748656671e-01,1.083418278505646315e+00
6.408920288085937500e-01,9.286635673005533276e-01
1.060830354690551758e+00,1.017223187823024011e+00
1.886373996734619141e+00,9.611309895336018760e-01
3.931840062141417902e-01,1.148080846404545330e+00
1.045531988143920898e+00,1.238554534606672197e+00
8.046740293502807617e-01,1.284241028798705386e+00
8.532550334930419922e-01,1.219036392131673141e+00
7.301589846611022949e-01,1.283469380681336647e+00
2.700940072536468506e-01,1.298596319462218540e+00
5.079169869422912598e-01,1.292671136277236954e+00
1.267657995223999023e+00,1.321511171542967489e+00
3.999615430831908736e+00,1.334625011302404518e+00
2.102678060531615767e+00,1.295656052223215893e+00
1.291347503662109375e+00,1.067639068141324810e+00
2.390191078186035156e+00,1.035871416523936217e+00
1.599208950996399148e+00,9.376831071386021454e-01
1.298205018043518066e+00,9.061674002945665496e-01
1.360355019569396973e+00,1.106433607824056642e+00
4.276689887046813965e-01,1.116481858716233067e+00
3.897170126438140314e-01,1.126051460197357246e+00
1.546036005020141602e+00,1.246799676538403734e+00
8.653150200843811035e-01,1.289953060605766977e+00
8.454149961471557617e-01,1.270587580684742424e+00
1.435889005661010742e+00,1.311585134544815512e+00
6.206179141998291016e+00,1.270747378721586163e+00
9.077759981155394398e-01,1.188087558357727502e+00
5.264570116996765137e-01,8.017764105514988415e-01
9.704009890556335449e-01,9.598830751203288880e-01
6.997730135917663574e-01,8.240507979220199619e-01
6.361600160598754883e-01,9.896094782735967987e-01
6.393389701843261719e-01,1.319356669668902526e+00
5.699130296707153320e-01,1.309955519829253179e+00
4.694110155105590820e-01,1.315047506759893237e+00
8.482750058174133301e-01,1.321529249811426165e+00
6.324055790901184082e-01,1.336128241437062547e+00
3.047409951686859131e-01,1.318995727635462023e+00
2.148479968309402466e-01,1.320398901863552021e+00
4.153338372707366943e-01,1.318046929847870308e+00
9.913370013236998401e-01,1.333842364170646499e+00
7.429170012474058948e-01,1.356869397011153611e+00
8.799139857292175293e-01,1.333266895986803258e+00
1.240342974662780762e+00,1.333476343671810227e+00
3.054729998111724854e-01,1.308438676212230201e+00
1.285866022109985352e+00,1.270895544308723091e+00
1.090137004852295144e+00,1.324003074968168603e+00
3.773260116577148438e-01,1.263450994498245494e+00
2.288666009902954102e+00,1.282583495875839530e+00
8.070570230484008789e-01,1.302074021579823215e+00
8.929409980773925781e-01,1.173847967709683582e+00
1.832507014274596724e+00,1.265367863088199041e+00
7.223749756813049316e-01,1.205627650927407757e+00
7.407349944114685059e-01,1.168166589557643187e+00
1.236768960952758789e+00,1.274728105660704713e+00
7.108730077743530273e-01,1.246236102566787407e+00
6.473349928855895996e-01,1.249585496612071855e+00
1.024247765541076882e+00,1.307852008988476200e+00
7.440620064735412598e-01,1.299991254526977613e+00
5.768560171127319336e-01,1.295030848330947393e+00
1.137029051780700906e+00,1.313260126295270114e+00
4.941360056400298517e-01,1.317487423719648110e+00
1.271524906158447266e+00,1.286048444559964254e+00
8.988280296325682484e-01,1.334713563302057482e+00
8.299319744110107422e-01,1.274219879879945116e+00
5.502920150756835938e-01,1.303970503374320966e+00
8.491920232772827148e-01,1.279337406480728134e+00
7.995309829711914062e-01,1.306646545920806979e+00
8.413559794425964355e-01,1.308698435791163739e+00
7.240070104598999023e-01,1.322984209190356975e+00
6.538060307502746582e-01,1.308991470862111539e+00
6.538396477699279785e-01,1.311211825725637103e+00
8.085789680480957031e-01,1.313318673685511362e+00
2.556999921798706055e-01,1.322262655172195434e+00
1.151844024658203125e+00,1.303840829846981242e+00
1.088750958442687988e+00,1.345610917442614296e+00
8.547700047492980957e-01,1.301401681011711498e+00
1.052428960800170898e+00,1.312267546254284323e+00
1.797067999839782715e+00,1.292563186686223720e+00
8.751260042190551758e-01,1.273365355305442481e+00
7.571684122085571289e-01,1.230700974416880200e+00
9.052469730377196155e-01,1.259117940032314031e+00
6.141330003738403320e-01,1.239035298081326175e+00
6.452289819717407227e-01,1.261553596593467441e+00
8.408679962158203125e-01,1.315482182062332805e+00
6.755350232124328613e-01,1.316281898492464686e+00
1.084153056144714355e+00,1.314634065283304842e+00
1.359479665756225586e+00,1.330793769369153390e+00
5.357339978218078613e-01,1.305135119119671616e+00
7.839810252189636230e-01,1.273752901637597912e+00
1.015287995338439941e+00,1.296328469767438651e+00
1.319244027137756348e+00,1.278625598278066544e+00
1.176299691200256348e+00,1.302803044878620531e+00
1.307337045669555664e+00,1.289116404015484996e+00
2.298435926437377930e+00,1.276313905394455883e+00
8.794149756431579590e-01,1.226451266185373035e+00
1.578516006469726562e+00,1.143048084442048307e+00
9.928810000419616699e-01,1.206262886459399608e+00
1.017398953437805176e+00,1.126802864010905125e+00
4.884769916534423273e-01,1.205600240577318738e+00
1.209630966186523438e+00,1.237209406623763330e+00
1.519726991653442383e+00,1.290091871379194899e+00
1.571495056152343750e+00,1.280392068309199605e+00
1.192077994346618874e+00,1.271090729106464368e+00
1.402015686035156250e+00,1.226213841626025536e+00
1.162554860115051270e+00,1.210916915799070681e+00
1.253835797309875710e+00,1.192565412530844693e+00
1.734062552452087402e+00,1.230780626599399463e+00
2.394351005554199219e+00,1.229473548934486571e+00
1.886527061462402122e+00,1.186639054623319867e+00
9.099829792976379395e-01,1.118536443867217178e+00
1.049708962440490723e+00,1.086458014859197574e+00
1.277305960655212402e+00,1.109080131290811400e+00
4.846229851245879572e-01,1.146367797210699813e+00
8.322510123252868652e-01,1.221269845992863479e+00
3.410890102386474609e-01,1.300482112592863171e+00
8.153510093688964844e-01,1.266932532611111606e+00
6.998159885406494141e-01,1.330430523712806012e+00
6.866139769554138184e-01,1.312549036351542853e+00
7.018824815750122070e-01,1.330235278954500000e+00
7.204269766807556152e-01,1.318099495398118437e+00
6.408870220184326172e-01,1.319509671242529159e+00
1.001817584037780762e+00,1.318379160878228484e+00
1.450595021247863770e+00,1.329051138005210797e+00
1.099555015563964844e+00,1.314672300009447348e+00
1.254430413246154785e+00,1.284121651517117435e+00
7.186369895935058594e-01,1.277165373850105645e+00
9.891759753227234997e-01,1.234867457356308096e+00
4.281075000762940341e+00,1.274000476489944855e+00
7.096589803695678711e-01,1.231585618124806158e+00
8.907449841499328613e-01,9.945696411848833351e-01
1.608888030052185059e+00,1.129295757319989546e+00
1.184751033782958984e+00,1.003514454260205913e+00
6.946156024932861328e-01,1.066527530067488350e+00
7.754629850387573242e-01,1.261981346043626662e+00
9.269009828567504883e-01,1.253477684377926282e+00
9.248849749565125622e-01,1.267215745803599969e+00
8.752880096435546875e-01,1.306781077268634794e+00
8.627579808235168457e-01,1.310885926019201397e+00
8.495249748229979359e-01,1.305991127315841993e+00
6.132180094718933105e-01,1.305358587432268180e+00
8.710420131683349609e-01,1.300190438684513117e+00
9.089673757553100586e-01,1.317545702597051838e+00
9.856920242309571423e-01,1.310128077713370587e+00
1.309872984886169434e+00,1.318755074918279036e+00
5.933508276939392090e-01,1.307453080453556016e+00
1.131836414337158203e+00,1.270577247817203714e+00
2.261745929718017578e+00,1.304184239463455963e+00
2.399192094802856445e+00,1.254203850967495759e+00
2.269547939300537109e+00,1.186643046735303741e+00
1.452262043952941895e+00,1.119191607898649465e+00
1.311915040016174316e+00,1.015359043950127660e+00
1.275267004966735840e+00,1.024519860735892518e+00
8.153480291366577148e-01,1.075768066191183259e+00
6.043019890785217285e-01,1.157240832761238014e+00
1.101529002189636230e+00,1.244777886409671241e+00
4.356400072574616034e-01,1.283539070746893884e+00
8.039849996566772461e-01,1.274815633139102955e+00
5.734559893608093262e-01,1.329035831104920184e+00
4.163750112056731623e-01,1.294537396586174394e+00
7.749050259590148926e-01,1.318944216987336659e+00
3.839260041713714044e-01,1.331113591384160744e+00
1.054715037345886230e+00,1.312997088191964590e+00
5.931029915809631348e-01,1.351056991576328636e+00
8.359869718551635742e-01,1.301724770404820486e+00
9.755985140800477184e-01,1.333807370597831721e+00
1.098647952079772949e+00,1.305433872640293869e+00
8.061249852180480957e-01,1.313653774610098912e+00
7.896029949188232422e-01,1.296891270900621729e+00
5.455229878425598145e-01,1.300837834773451052e+00
7.707700133323669434e-01,1.287376943706966204e+00
8.110550045967102051e-01,1.315410681075674493e+00
1.002521038055420144e+00,1.315550222190594365e+00
9.160850048065185547e-01,1.326884852512453028e+00
9.283249974250793457e-01,1.309299421902148541e+00
9.950090050697327770e-01,1.309952001489997464e+00
1.038689017295837402e+00,1.302641979768408342e+00
5.214130282402038574e-01,1.303301567665614114e+00
1.159701943397521973e+00,1.283197268019597992e+00
1.195862650871276855e+00,1.313349556765502246e+00
8.844429850578308105e-01,1.284123414315081479e+00
7.702100276947021484e-01,1.294309788049875509e+00
8.937159776687622070e-01,1.283570845721720532e+00
5.142210125923156738e-01,1.286914674294679761e+00
6.410769820213317871e-01,1.287402672355480560e+00
1.203750014305114746e+00,1.318006912023543364e+00
1.136301159858703613e+00,1.322042530268433325e+00
8.814030289649963379e-01,1.307743498683758610e+00
8.651199936866759144e-01,1.299053057606381012e+00
7.377740144729614258e-01,1.284827521141224338e+00
9.422479867935180664e-01,1.281612934658676428e+00
7.158420085906982422e-01,1.308512425035533111e+00
2.920779883861541748e-01,1.301353622061345527e+00
1.124665260314941406e+00,1.299746195406539018e+00
1.247418999671936035e+00,1.330155104551433487e+00
3.693974971771239790e+00,1.303381083536229168e+00
8.573070168495178223e-01,1.283775279257586721e+00
8.385969996452331543e-01,1.049994001973362234e+00
9.632229804992675781e-01,1.123295790418479712e+00
7.316169738769531250e-01,1.047769145354413345e+00
7.014784216880798340e-01,1.140597907300166414e+00
1.365643024444580078e+00,1.309336470775582573e+00
6.786789894104003906e-01,1.314637340602977877e+00
8.193774819374084473e-01,1.278664900901260504e+00
1.044147372245788574e+00,1.310875138071627921e+00
8.748620152473449707e-01,1.284470358766984788e+00
7.164059877395629883e-01,1.292314234543144869e+00
9.379299879074096680e-01,1.305134500205098469e+00
5.393440127372741699e-01,1.306926563720926859e+00
8.087720274925231934e-01,1.291529620134463041e+00
6.020820140838623047e-01,1.323583820103785946e+00
9.824249744415283203e-01,1.302442755229902049e+00
7.866399884223937988e-01,1.331981885751660544e+00
6.810299754142761230e-01,1.306893662719183835e+00
6.642330288887023926e-01,1.316097008575045413e+00
6.040380001068115234e-01,1.307090495357297044e+00
8.265414834022521973e-01,1.310963191726010724e+00
5.594509840011596680e-01,1.326939196923277775e+00
1.633069962263107300e-01,1.313147799760168599e+00
5.747918486595153809e-01,1.312569615326149020e+00
8.527640104293823242e-01,1.332714033349350347e+00
2.149522066116333008e+00,1.334054354938018827e+00
1.239639997482299805e+00,1.347272466114443068e+00
2.139239072799682617e+00,1.242001638728212898e+00
6.937779784202575684e-01,1.235378860398061107e+00
7.631160020828247070e-01,1.095190208268397081e+00
1.109338045120239258e+00,1.179689157576041092e+00
9.241870045661927380e-01,1.205763172188397458e+00
1.305567026138305664e+00,1.243611520486877398e+00
8.699640035629272461e-01,1.311391324717608109e+00
8.599532246589660645e-01,1.270156788980941975e+00
1.108017444610595703e+00,1.290905172182873928e+00
8.591579794883728027e-01,1.283980715376953796e+00
9.039019942283630371e-01,1.283555372037056497e+00
1.023422956466674805e+00,1.307282210104897091e+00
8.504790067672729492e-01,1.297463147109864101e+00
1.527956604957580566e+00,1.297336162011698768e+00
9.952359795570373535e-01,1.305639422926090365e+00
1.141056060791015625e+00,1.257573038264496956e+00
1.980204939842223899e+00,1.281965209725460797e+00
1.851865053176879883e+00,1.237877288810371512e+00
1.589177966117858887e+00,1.182435787013471185e+00
2.123934030532836914e+00,1.171232318771742165e+00
1.204741954803466797e+00,1.123399244051032975e+00
1.227027416229248047e+00,1.063723249531197457e+00
1.131343960762024148e+00,1.142286943130210952e+00
1.116891980171203613e+00,1.149062295916239318e+00
1.040153026580810325e+00,1.201577043685981616e+00
7.681059837341308594e-01,1.265378796151902074e+00
7.666722536087036133e-01,1.270289112265678089e+00
8.607699871063232422e-01,1.288061013294931056e+00
5.301510095596313477e-01,1.298335157844827892e+00
9.909179806709289551e-01,1.299538656241933321e+00
9.618239998817442737e-01,1.327806402336214830e+00
8.381230235099792480e-01,1.305627304254175280e+00
8.131660223007202148e-01,1.314048132296139704e+00
8.752340078353881836e-01,1.302333216137448124e+00
8.812961578369140625e-01,1.304865026191746047e+00
9.057049751281737171e-01,1.308998933029519307e+00
1.355970025062561035e+00,1.311773914997056867e+00
2.043754577636718750e+00,1.309961992963469157e+00
2.364957094192504883e+00,1.268283588967542563e+00
2.233561992645264116e+00,1.194280373736469114e+00
8.372840285301208496e-01,1.106685432880340159e+00
9.040349721908569336e-01,1.026525946987227877e+00
7.228699922561645508e-01,1.083053177010340873e+00
1.032919287681579590e+00,1.125938251656226408e+00
9.367759823799132191e-01,1.250766507484740719e+00
7.624319791793823242e-01,1.301250341199372329e+00
7.721610069274902344e-01,1.306174546802297831e+00
1.243505001068115234e+00,1.302133794235053266e+00
7.468199729919433594e-01,1.309848089178512254e+00
1.419505119323730469e+00,1.288401453892707327e+00
7.347676753997802734e-01,1.313440452118524338e+00
1.074026942253112793e+00,1.249900634875964922e+00
9.692379832267760120e-01,1.296182045812598105e+00
8.089560270309448242e-01,1.265225348162924091e+00
8.223479986190795898e-01,1.286129435983735192e+00
5.762249827384948730e-01,1.298912249134464014e+00
6.765879988670349121e-01,1.292183624479483539e+00
9.015229940414428711e-01,1.314578116232360205e+00
8.627583980560302734e-01,1.319685195124175703e+00
1.055613875389099121e+00,1.319275687193217195e+00
9.391199946403503418e-01,1.321028263459661289e+00
7.824029922485351562e-01,1.300711432889967378e+00
8.782749772071838379e-01,1.301385520711469068e+00
1.109990954399108887e+00,1.302043974608296795e+00
1.164981961250305176e+00,1.305287803158902360e+00
1.475479006767273171e+00,1.303003941774157681e+00
7.344660162925720215e-01,1.289477038158025834e+00
1.143465042114257812e+00,1.245256939289321574e+00
2.958764553070068359e+00,1.275384359800493916e+00
2.038712024688720703e+00,1.221445146968733075e+00
9.367650747299193226e-01,1.109633930525079526e+00
1.001402020454406738e+00,1.103550307833243371e+00
7.492939829826354980e-01,1.071081020506329917e+00
9.457820057868958630e-01,1.097291798864286960e+00
1.164842009544372559e+00,1.252685192263730540e+00
9.045109748840332031e-01,1.301486719665167380e+00
5.778343677520751953e-01,1.296544953141435697e+00
7.607790231704711914e-01,1.289575457745811171e+00
8.009672760963441052e-01,1.297227942546137047e+00
6.709719896316528320e-01,1.302428559827926602e+00
3.086133003234863725e+00,1.317021024514851701e+00
1.018260955810546875e+00,1.311449447534033474e+00
1.114386796951293945e+00,1.133476605541965609e+00
1.229098439216613770e+00,1.200967986227583051e+00
1.245597958564758301e+00,1.103408885021482488e+00
5.376980304718017578e-01,1.146616721296543018e+00
7.949647903442382812e-01,1.251079116481457865e+00
1.209460973739624023e+00,1.282348197367343179e+00
9.914460182189940296e-01,1.282824373664288808e+00
7.495359778404235840e-01,1.294159900378529571e+00
8.522210121154785156e-01,1.297547386252015267e+00
9.499999880790708229e-01,1.292108035829579116e+00
6.329939961433410645e-01,1.296461927852087692e+00
8.296039700508117676e-01,1.300599785995872448e+00
1.060515046119689941e+00,1.316816588987313352e+00
6.726049780845642090e-01,1.309477578370117135e+00
7.929700016975402832e-01,1.301513274448376833e+00
9.556260704994201660e-01,1.314449882668259573e+00
7.782499790191650391e-01,1.303836454802173472e+00
6.364319920539855957e-01,1.306522883092886778e+00
6.556333899497985840e-01,1.309288811520237905e+00
8.762890100479125977e-01,1.308167642200135816e+00
6.824830174446105957e-01,1.319452107716946987e+00
7.950311899185180664e-01,1.314333621218911619e+00
1.017485976219177246e+00,1.324295047788627944e+00
1.230221033096313699e+00,1.316000855802098135e+00
9.125559926033020020e-01,1.312983796434228800e+00
1.030437946319579856e+00,1.292177708835917427e+00
6.127780079841613770e-01,1.295879465146659415e+00
3.667230010032653253e-01,1.267772055892939287e+00
5.604230165481567383e-01,1.287233572991593800e+00
8.102909922599792480e-01,1.309858054367452729e+00
7.236457467079162598e-01,1.327169372102305012e+00
6.627830266952514648e-01,1.330636175157312584e+00
8.224419951438903809e-01,1.325401138325446704e+00
6.781139969825744629e-01,1.320938348862752409e+00
3.209959864616393488e-01,1.312669558616863741e+00
7.439860105514526367e-01,1.309513527774179842e+00
7.004669904708862305e-01,1.329784381353696920e+00
1.274258971214294434e+00,1.318403463573802004e+00
6.211659908294677734e-01,1.343910006692658587e+00
1.067494988441467285e+00,1.290091843327300980e+00
1.265694975852966309e+00,1.320117457533495742e+00
9.348030090332032360e-01,1.279479259705951888e+00
1.085708975791931152e+00,1.281611475797608257e+00
5.883709788322448730e-01,1.290324181015194194e+00
4.636880159378052313e-01,1.259130450359318809e+00
8.750243186950683594e-01,1.287992844191834907e+00
4.834130108356476385e-01,1.310592266389386529e+00
4.560469985008240301e-01,1.304902184076370153e+00
7.238804101943969727e-01,1.330353422614374947e+00
4.748429954051970880e-01,1.325473270401922088e+00
9.588437080383299671e-01,1.320104136436659914e+00
1.794360995292663574e+00,1.345952191219381477e+00
1.210453987121582031e+00,1.319770021997560105e+00
4.008429944515228271e-01,1.264124318269061575e+00
5.836449861526489258e-01,1.242324000455294453e+00
8.660610318183898926e-01,1.243668884430211952e+00
7.764859795570373535e-01,1.266198569753768544e+00
5.888479948043823242e-01,1.316164646222567569e+00
4.327859878540038507e-01,1.319414297911282397e+00
5.545350313186645508e-01,1.309696665881114441e+00
1.149551987648010476e+00,1.320913248395071848e+00
9.776459932327271618e-01,1.338926850925382439e+00
2.302707910537720171e+00,1.316966554565672354e+00
7.962800264358520508e-01,1.309726029036736072e+00
6.104800105094909668e-01,1.178929754462386015e+00
6.522138714790344238e-01,1.226166843486205860e+00
1.032202124595642090e+00,1.200793983394801812e+00
8.200139999389648438e-01,1.258714146425961244e+00
1.039114952087402344e+00,1.311088884144422151e+00
9.508559703826903187e-01,1.321421347489578180e+00
7.736063003540039062e-01,1.294991158373837825e+00
1.383889913558959961e+00,1.300297736146747152e+00
6.069999933242797852e-01,1.305377077503740102e+00
9.455270171165466309e-01,1.261926785588485478e+00
3.923240005970001221e-01,1.308529676676464693e+00
9.679385423660278320e-01,1.261013276171480735e+00
9.072690010070799671e-01,1.320761969350535026e+00
2.479866981506348100e+00,1.302734486946305559e+00
1.045583963394165039e+00,1.312244905095973913e+00
1.536522984504699707e+00,1.182913500222958714e+00
4.812009930610657293e-01,1.218654984630779925e+00
8.617479801177978516e-01,1.116037572837624170e+00
1.127727031707763672e+00,1.213787296459097442e+00
9.895502924919128418e-01,1.262936946437906327e+00
9.099559783935547985e-01,1.286791167434211181e+00
1.239764332771301270e+00,1.300267670438495449e+00
1.379981994628906250e+00,1.294764150112938106e+00
7.663900256156921387e-01,1.276329170944422886e+00
8.156750202178955078e-01,1.261902705298704408e+00
1.299479961395263672e+00,1.274428835152015882e+00
7.149469852447509766e-01,1.270469726943428634e+00
8.305460214614868164e-01,1.267389378722219240e+00
9.092410206794740990e-01,1.306999337844862552e+00
7.411040067672729492e-01,1.285624738220172869e+00
5.047770142555236816e-01,1.297582755143926514e+00
9.697520136833192028e-01,1.304925826664146138e+00
1.049844980239868164e+00,1.321753775429553635e+00
5.644329786300659180e-01,1.311030402923024862e+00
9.593539834022521973e-01,1.304377102895539320e+00
9.383450150489808239e-01,1.315148697692096968e+00
7.079470157623291016e-01,1.293722455956009876e+00
4.484339952468871515e-01,1.307321863308785526e+00
5.337110161781311035e-01,1.298879887628511254e+00
5.215386152267456055e-01,1.309432905714099649e+00
6.405649781227111816e-01,1.318691153034811103e+00
1.660409450531006081e+00,1.336064740857497268e+00
1.622156023979186790e+00,1.345067623335747475e+00
3.623536109924316406e+00,1.282070571462328390e+00
9.065989851951601342e-01,1.227123271508715696e+00
7.756379842758178711e-01,9.898070598113354324e-01
6.443409919738770641e-01,1.075464149724808305e+00
5.499600172042846680e-01,1.040197064588029185e+00
1.367677569389343262e+00,1.163283730159371476e+00
8.148130178451538086e-01,1.329034580025197254e+00
8.623980283737182617e-01,1.289704033932826288e+00
8.134710192680358887e-01,1.312792252173701435e+00
9.060310125350952148e-01,1.278679549509361468e+00
1.311033964157104492e+00,1.298347351635248392e+00
1.474902033805847168e+00,1.311472358759250945e+00
1.186140060424804910e+00,1.285554850612449673e+00
2.092472076416016069e+00,1.259569151487188954e+00
1.301861047744750977e+00,1.232062618986987212e+00
1.221997022628784180e+00,1.148273290641521394e+00
1.078873991966247559e+00,1.187037506200802506e+00
7.863690257072448730e-01,1.166549281105821789e+00
7.093420028686523438e-01,1.196729941098558792e+00
5.645610094070434570e-01,1.270020623010920113e+00
1.092841982841491699e+00,1.285441444699614966e+00
3.955059945583344061e-01,1.322367952011244352e+00
1.195796012878417969e+00,1.291776372389540128e+00
2.998351097106933594e+00,1.339589786896209223e+00
2.585943937301636186e+00,1.269261974058308429e+00
1.655773043632507102e+00,1.138738171252265952e+00
8.921740055084229626e-01,1.065743149074508178e+00
8.955079913139343262e-01,9.834100713299148699e-01
1.585399031639099121e+00,1.032276291331980067e+00
1.210371017456054910e+00,1.164114319501919015e+00
9.857040047645567737e-01,1.227655330414914925e+00
6.761519908905029297e-01,1.264513989754781242e+00
9.457439780235291638e-01,1.237719516430873856e+00
5.141820311546325684e-01,1.267307819523077361e+00
7.144280076026916504e-01,1.279418998573715438e+00
7.917379736900329590e-01,1.321332452935144230e+00
6.024960279464721680e-01,1.311429087717942199e+00
1.012339949607849121e+00,1.317144231070874527e+00
6.310235261917114258e-01,1.330747143895200102e+00
5.426099896430969238e-01,1.300675201503807221e+00
7.744219899177551270e-01,1.317469960995772960e+00
8.376209735870361328e-01,1.314494574653672254e+00
7.503905892372131348e-01,1.318794991137249628e+00
1.614240050315856934e+00,1.322161677376756606e+00
7.141630053520202637e-01,1.323384183635822664e+00
6.486989855766296387e-01,1.258469695990525716e+00
3.861860036849975586e-01,1.290829113757647306e+00
3.990480005741119385e-01,1.258151844525774887e+00
1.103790521621704102e+00,1.299234642450447286e+00
8.070139884948729359e-01,1.342793108926193968e+00
1.107607960700988770e+00,1.318028329784616703e+00
7.170349955558776855e-01,1.331587636545262798e+00
1.687772989273071289e+00,1.281589368113177807e+00
8.082039952278137207e-01,1.305624541766760016e+00
1.564818024635314941e+00,1.238038059868620477e+00
1.256489992141723633e+00,1.284321167368859706e+00
7.375509738922119141e-01,1.207586001303638357e+00
8.364729881286621094e-01,1.227506556470391086e+00
1.015761017799377441e+00,1.255955591152236872e+00
6.945540308952331543e-01,1.262469490742996747e+00
9.518219828605651855e-01,1.291673345702094577e+00
5.585229992866516113e-01,1.317208521488526962e+00
1.855298042297363503e+00,1.288425154802661510e+00
8.210539817810058594e-01,1.322117791136254938e+00
8.359720110893249512e-01,1.237470799371740648e+00
6.805480122566223145e-01,1.283527325701380395e+00
1.030328035354614480e+00,1.237916095925821525e+00
8.423720002174377441e-01,1.278458009866676015e+00
5.589337944984436035e-01,1.302474930665753483e+00
7.334340214729309082e-01,1.305657389966122350e+00
8.426809906959533691e-01,1.309590334403750722e+00
8.706315755844116211e-01,1.311191636015821338e+00
8.863990306854248047e-01,1.322168589512424441e+00
8.493610024452209473e-01,1.316314334008536591e+00
1.331516027450561523e+00,1.309599152479525408e+00
1.645591020584106445e+00,1.312521793067586762e+00
1.411272048950195090e+00,1.278176125557600740e+00
1.046331048011779785e+00,1.244016367451945326e+00
8.349300026893615723e-01,1.217441017141743576e+00
1.090394020080566406e+00,1.209021633266712525e+00
6.141669750213623047e-01,1.241033161559444542e+00
8.252440094947814941e-01,1.261750681309352862e+00
1.047114968299865501e+00,1.310648962565100106e+00
4.695149958133698065e-01,1.301668202705769106e+00
7.520099878311157227e-01,1.292337274549915316e+00
6.718119978904724121e-01,1.320773874865081687e+00
6.571980118751525879e-01,1.299466264883463618e+00
7.795739769935607910e-01,1.322683395900867032e+00
6.211889982223510742e-01,1.323610187653014192e+00
9.608931541442872204e-01,1.315646177641960568e+00
7.402380108833312988e-01,1.330594819622959779e+00
6.151059865951538086e-01,1.307364353823220915e+00
5.818247795104979359e-01,1.315910973877992163e+00
6.529520153999328613e-01,1.308562812689898047e+00
7.834500074386596680e-01,1.318127294257245063e+00
8.276180028915405273e-01,1.327641729386338953e+00
2.505017042160034180e+00,1.325778779900090631e+00
1.417585968971252441e+00,1.316437846581007820e+00
1.226507544517517090e+00,1.189625429699081360e+00
9.694439768791200951e-01,1.201247376241622256e+00
8.129550218582153320e-01,1.132142314113293802e+00
5.289899706840515137e-01,1.168271880024676079e+00
4.789490103721618097e-01,1.259183522057371274e+00
9.671270251274107776e-01,1.295090668584170102e+00
4.701859951019286554e-01,1.325386442895558847e+00
2.416239976882934293e-01,1.308120068516500867e+00
1.994680017232894897e-01,1.323656281263958068e+00
4.732620120048523504e-01,1.316335793813023347e+00
9.621880054473875843e-01,1.341476772121453331e+00
9.829789996147154651e-01,1.358923255661674379e+00
1.026576042175292969e+00,1.340224605666587410e+00
9.651920199394226074e-01,1.322709327894928899e+00
1.983185052871704324e+00,1.297172752104487792e+00
1.286525964736938477e+00,1.283467095702730543e+00
1.736924052238464355e+00,1.210758980321118949e+00
7.533379793167114258e-01,1.225537351583685375e+00
1.062494039535522461e+00,1.141249519225311593e+00
8.256469964981079102e-01,1.206478832323315542e+00
1.418092012405395508e+00,1.219863703538775379e+00
1.250364065170288086e+00,1.278101151724306161e+00
1.089423060417175293e+00,1.268098129548958619e+00
8.687390089035034180e-01,1.271823411181989494e+00
1.307837963104248047e+00,1.251554549829630547e+00
7.601559758186340332e-01,1.264441552997496387e+00
8.579840064048767090e-01,1.256606763481838529e+00
1.067142963409423828e+00,1.297577215778682680e+00
6.799880266189575195e-01,1.285016389620890376e+00
8.352749943733215332e-01,1.285011139000755254e+00
1.010563969612121582e+00,1.313117892757398097e+00
7.260069847106933594e-01,1.302220143349404502e+00
5.901079773902893066e-01,1.301580277396942043e+00
7.406870126724243164e-01,1.306964981548687010e+00
7.620100975036621094e-01,1.308958440630704878e+00
5.811070203781127930e-01,1.314666393958763946e+00
8.903719782829283558e-01,1.318186735506596818e+00
7.301949858665466309e-01,1.327987029158283816e+00
1.265586972236633301e+00,1.310427381263612689e+00
9.180610179901124157e-01,1.330437746326993187e+00
8.252680301666259766e-01,1.288616139628314672e+00
9.114630222320554420e-01,1.302241888749041010e+00
9.657319784164427601e-01,1.287865245105248801e+00
7.146480083465576172e-01,1.295917907756598986e+00
8.502969741821289062e-01,1.300854249586211431e+00
8.405809998512268066e-01,1.311174598974951477e+00
1.191807866096496582e+00,1.303536047397831243e+00
7.976800203323364258e-01,1.318296007797620017e+00
8.885610103607177734e-01,1.291795896325857784e+00
9.655410051345824085e-01,1.307464764913193633e+00
5.838339924812316895e-01,1.291642282950884457e+00
8.865389823913574219e-01,1.289828148347422987e+00
8.750730156898498535e-01,1.317137587210138738e+00
6.929270029067993164e-01,1.302422982805806706e+00
5.519689917564392090e-01,1.312075485824818255e+00
5.465030074119567871e-01,1.307280381525674606e+00
7.512239813804626465e-01,1.310904390843686151e+00
7.843149900436401367e-01,1.325728809718141443e+00
6.109840273857116699e-01,1.326868742069588381e+00
7.992020249366759144e-01,1.321380213469419918e+00
5.405290126800537109e-01,1.324551973621539425e+00
9.266330003738403320e-01,1.307740055635873588e+00
5.896059870719909668e-01,1.333089564266031424e+00
5.182790160179138184e-01,1.304515112023215018e+00
6.216366887092590332e-01,1.321866313760951872e+00
7.315016984939575195e-01,1.316797002298702335e+00
8.715350031852722168e-01,1.325844006214585091e+00
2.576299905776976984e-01,1.331674173817448459e+00
3.547430038452147882e-01,1.304290513661721107e+00
1.424710035324096902e+00,1.324261744203305780e+00
1.588093161582946777e+00,1.337307918063866508e+00
1.510810017585754395e+00,1.306678463537811918e+00
6.637499928474426270e-01,1.279409845699907677e+00
9.182999730110168457e-01,1.206951627030564467e+00
9.455379843711853027e-01,1.227523402760962723e+00
8.895260095596313477e-01,1.236771124807509947e+00
7.889080047607421875e-01,1.289713204164850469e+00
8.079270124435424805e-01,1.303695358912192015e+00
6.742079854011535645e-01,1.305731026863673927e+00
7.401880025863647461e-01,1.303447470931928143e+00
7.983270287513732910e-01,1.315687619801690023e+00
7.760372757911682129e-01,1.315911555652419906e+00
7.851629853248596191e-01,1.318141907327434303e+00
1.024798870086670144e+00,1.317594120822441761e+00
8.841310143470764160e-01,1.319282812325504706e+00
1.171491026878356934e+00,1.306620565003179690e+00
7.665730118751525879e-01,1.314244972439843728e+00
1.054823040962219238e+00,1.282634725755415150e+00
1.034250974655151367e+00,1.307152534718998060e+00
7.633029818534851074e-01,1.285232290848550951e+00
6.365630030632019043e-01,1.292839174140711478e+00
5.399640202522277832e-01,1.294613056681284124e+00
8.178460001945495605e-01,1.295267300344473460e+00
8.135920166969299316e-01,1.321048197382695966e+00
9.839289784431458630e-01,1.320599739231001379e+00
8.986790180206298828e-01,1.327791268442065631e+00
6.926850080490112305e-01,1.307795602748106578e+00
6.764680147171020508e-01,1.303849793719268790e+00
6.547859907150268555e-01,1.304065221763833771e+00
8.509550094604492188e-01,1.306783696030302755e+00
6.557850241661071777e-01,1.323495358589848792e+00
8.856279850006103516e-01,1.314087658032628170e+00
9.303160309791563831e-01,1.327320993462494547e+00
7.123904824256896973e-01,1.311924589638522098e+00
6.544970273971557617e-01,1.309790885661523019e+00
9.782410264015198864e-01,1.308600294303171374e+00
8.733990192413330078e-01,1.315477124532650199e+00
6.319249868392944336e-01,1.309211433867115248e+00
8.613430261611938477e-01,1.310090514832694009e+00
6.160370111465454102e-01,1.312895824669318534e+00
6.686739921569824219e-01,1.299531846959373960e+00
1.007030010223388894e+00,1.321661057743285239e+00
9.358490109443665661e-01,1.321858838917728818e+00
1.113351941108703613e+00,1.313649940813827799e+00
9.273632764816285290e-01,1.316811638721383515e+00
9.193540215492249645e-01,1.290963725049597111e+00
6.497738957405090332e-01,1.300946766455602699e+00
8.034440279006958008e-01,1.284758808652575635e+00
7.462270259857177734e-01,1.305868887933069322e+00
7.597569823265075684e-01,1.304788693009280021e+00
1.126011013984680176e+00,1.318639915521656381e+00
1.423818945884704590e+00,1.321878619179465364e+00
5.316870212554931641e-01,1.304384229877709300e+00
1.097100019454955833e+00,1.265548152711678087e+00
9.711959958076475941e-01,1.295057333267095157e+00
5.659890174865722656e-01,1.254956238657584766e+00
1.088876962661743164e+00,1.285461235233808841e+00
1.923168003559112549e-01,1.310961850012666297e+00
3.752999901771545410e-01,1.264656817130156652e+00
4.178839921951293945e-01,1.324906265068917399e+00
4.822100102901458185e-01,1.311509920190073064e+00
8.997989892959594727e-01,1.341048741771739605e+00
6.762999892234802246e-01,1.353213313137341611e+00
1.075533032417297363e+00,1.326475299606612035e+00
7.601699829101562500e-01,1.337401672583708567e+00
1.045557022094726562e+00,1.296880416949117043e+00
1.085988998413085938e+00,1.319762233036612109e+00
