1.948629021644592285e-01,2.200147586528275467e-01
1.948629021644592285e-01,2.198974513501659733e-01
1.922753006219864169e-01,2.197771931150695746e-01
1.779100298881530762e-01,2.197194107542567720e-01
1.779100298881530762e-01,2.193424096870593420e-01
1.810636967420578003e-01,2.190137961133438449e-01
1.810636967420578003e-01,2.190840803756647359e-01
1.680064052343368530e-01,2.191554547050417745e-01
1.635809391736984530e-01,2.188671632382686028e-01
1.635809391736984530e-01,2.184721697191154832e-01
1.706920862197875977e-01,2.183721742335137661e-01
1.706920862197875977e-01,2.185302255100715074e-01
1.916799396276473999e-01,2.186901803722766657e-01
2.085516005754470825e-01,2.191622914661289501e-01
2.085516005754470825e-01,2.200154898022430028e-01
2.058236002922058105e-01,2.203970147785187517e-01
2.058236002922058105e-01,2.203358325290659947e-01
1.828240007162094116e-01,2.202732472944176900e-01
1.857409924268722534e-01,2.197653598533158004e-01
1.857409924268722534e-01,2.192997109041643355e-01
1.775099337100982666e-01,2.193658492359830958e-01
1.775099337100982666e-01,2.191832921043393168e-01
1.752161234617232999e-01,2.189958358143929973e-01
1.971126049757004062e-01,2.189449039235664418e-01
1.971126049757004062e-01,2.193867835965636615e-01
1.845117062330246249e-01,2.198788493469214234e-01
1.845117062330246249e-01,2.195992377246939187e-01
1.984785944223403931e-01,2.193105190310234986e-01
2.143009155988692960e-01,2.196249901776638758e-01
2.143009155988692960e-01,2.202997087936132137e-01
1.841159015893935880e-01,2.206582562340403120e-01
1.841159015893935880e-01,2.199938881959273007e-01
2.104043960571289062e-01,2.192927090671614454e-01
2.032361328601836881e-01,2.198902523368859163e-01
2.032361328601836881e-01,2.203208698389543807e-01
2.088565975427627841e-01,2.201559681173330119e-01
2.088565975427627841e-01,2.202826660757813970e-01
1.960448026657104492e-01,2.204108598473704383e-01
1.900728046894073209e-01,2.201257510003169771e-01
1.900728046894073209e-01,2.196975031443293980e-01
1.658952832221984863e-01,2.195610196466195874e-01
1.658952832221984863e-01,2.190294726550751636e-01
1.872539073228836337e-01,2.184755809337196319e-01
1.852532625198364535e-01,2.189551592582662520e-01
1.852532625198364535e-01,2.193893997722393685e-01
1.799222826957702359e-01,2.193438935674337231e-01
1.799222826957702359e-01,2.192254507367685790e-01
2.012764066457748136e-01,2.191041652985994403e-01
1.978618204593658725e-01,2.195866544771446494e-01
1.978618204593658725e-01,2.199908521977281262e-01
1.950792670249938965e-01,2.199127220828532570e-01
1.950792670249938965e-01,2.198505336281129374e-01
1.711323857307434082e-01,2.197869663076471858e-01
1.623787879943847379e-01,2.192597480402774524e-01
1.623787879943847379e-01,2.185167299700602750e-01
1.677809953689575195e-01,2.183184951654332240e-01
1.677809953689575195e-01,2.184383826597932066e-01
2.059821039438247958e-01,2.185598997444436475e-01
2.158481031656265259e-01,2.194287981197585169e-01
2.158481031656265259e-01,2.205039415702823302e-01
2.141157686710357111e-01,2.207286509884070214e-01
2.141157686710357111e-01,2.206896760906072452e-01
1.768843084573745450e-01,2.206498349530733871e-01
1.967563778162002563e-01,2.198339679555869342e-01
1.967563778162002563e-01,2.194156397599295871e-01
1.834106147289275845e-01,2.198627471902343256e-01
1.834106147289275845e-01,2.195667848867020877e-01
1.805770993232727051e-01,2.192609796701155966e-01
1.911945044994354526e-01,2.191979595002804537e-01
1.911945044994354526e-01,2.193716695555832097e-01
2.012096941471100131e-01,2.196116076579750775e-01
2.012096941471100131e-01,2.198370639553020867e-01
2.066745012998580933e-01,2.200641944018057183e-01
2.420079559087752741e-01,2.201872681219946559e-01
2.420079559087752741e-01,2.211355102840461828e-01
2.195876985788345059e-01,2.219248569903071178e-01
2.195876985788345059e-01,2.214293469451436569e-01
2.106474190950393399e-01,2.208989593955497377e-01
1.944769918918609619e-01,2.206989144931931490e-01
1.944769918918609619e-01,2.201330731477833813e-01
1.704634428024291992e-01,2.197597634541659517e-01
1.704634428024291992e-01,2.192311774028231075e-01
1.787724494934081754e-01,2.186799429060486688e-01
1.750701963901519775e-01,2.188652376057339810e-01
1.750701963901519775e-01,2.189703530251797814e-01
1.796004772186279297e-01,2.188863721038013799e-01
1.796004772186279297e-01,2.189873232577185802e-01
1.688816994428634366e-01,2.190897087889193684e-01
1.640222966670989990e-01,2.188528130140994510e-01
1.640222966670989990e-01,2.185017362064604896e-01
1.799237728118896762e-01,2.183918877838033068e-01
1.799237728118896762e-01,2.187473653332103196e-01
1.769366562366485596e-01,2.191042322431787093e-01
1.781685650348663330e-01,2.190378811444469720e-01
1.781685650348663330e-01,2.189975164904339744e-01
1.665234863758087158e-01,2.190254031206332053e-01
1.665234863758087158e-01,2.187682995171759404e-01
1.855484992265701294e-01,2.185036644106509995e-01
1.732649058103561401e-01,2.189302857941511360e-01
1.732649058103561401e-01,2.190854706207953084e-01
1.860052198171615878e-01,2.188054360060834869e-01
1.860052198171615878e-01,2.190907036853602941e-01
1.832000017166137695e-01,2.193777453176184167e-01
1.951216459274291992e-01,2.193152985532753896e-01
1.951216459274291992e-01,2.195193726905370624e-01
2.088083624839782715e-01,2.197888806503155990e-01
2.088083624839782715e-01,2.200984338985516875e-01
1.873752027750015536e-01,2.204086701579781593e-01
2.025922685861587524e-01,2.199346041676191743e-01
2.025922685861587524e-01,2.197828222255250319e-01
1.986005455255508423e-01,2.201268014114768357e-01
1.986005455255508423e-01,2.200375341059706558e-01
1.863885968923568726e-01,2.199461294934897948e-01
1.716178953647613803e-01,2.196749657338422090e-01
1.716178953647613803e-01,2.190687118546975620e-01
1.885485500097274780e-01,2.187316419197951889e-01
1.885485500097274780e-01,2.191115678204103856e-01
2.112170010805130005e-01,2.194923094029674338e-01
1.833238750696182251e-01,2.200072179994261024e-01
1.833238750696182251e-01,2.199034868434790180e-01
2.096922993659972867e-01,2.192570779888750043e-01
2.096922993659972867e-01,2.198562267520830504e-01
2.197588831186294278e-01,2.204488035986319205e-01
2.330529242753982544e-01,2.206772957459282591e-01
2.330529242753982544e-01,2.212112889172122843e-01
2.151579260826110840e-01,2.215140991029764805e-01
2.151579260826110840e-01,2.211163331461854231e-01
2.008593231439590454e-01,2.206972440947114478e-01
1.312076449394226074e-01,2.203789767195162286e-01
1.312076449394226074e-01,2.185515986689441081e-01
1.399971693754196167e-01,2.169347013029842564e-01
1.399971693754196167e-01,2.171279574563698689e-01
1.684847325086593628e-01,2.173233288988328515e-01
2.097207009792327881e-01,2.179590701111633333e-01
2.097207009792327881e-01,2.195318405095820768e-01
1.677834987640380859e-01,2.204500933309468391e-01
1.677834987640380859e-01,2.195341281317448601e-01
1.697814613580703458e-01,2.185600117207323889e-01
1.778024435043334961e-01,2.186043438497620728e-01
1.778024435043334961e-01,2.188282040923090199e-01
1.989280730485916415e-01,2.190089663111600971e-01
1.989280730485916415e-01,2.194857412097117322e-01
1.968562752008437833e-01,2.199609441377513019e-01
1.764101982116698941e-01,2.199145998024089332e-01
1.764101982116698941e-01,2.194159302745483653e-01
1.775619983673095426e-01,2.189464820690688041e-01
1.775619983673095426e-01,2.189721040312292144e-01
1.848997771739960272e-01,2.189981728479831746e-01
1.751745045185089111e-01,2.191621458774072884e-01
1.751745045185089111e-01,2.191125514717031930e-01
1.822087168693542480e-01,2.188910501295679156e-01
1.822087168693542480e-01,2.190480647204514075e-01
1.833387613296508789e-01,2.192069273408183971e-01
2.092746049165725430e-01,2.192321169375177070e-01
2.092746049165725430e-01,2.198468642740960821e-01
2.103900015354156772e-01,2.204298373976875669e-01
2.103900015354156772e-01,2.204549407689454232e-01
1.875178515911102572e-01,2.204804904476322103e-01
1.892182081937789917e-01,2.199749421088432744e-01
1.892182081937789917e-01,2.194838582742355271e-01
2.129119038581847589e-01,2.195224915595860304e-01
2.129119038581847589e-01,2.200613467244348365e-01
1.846891939640044888e-01,2.205950917016558932e-01
1.933595985174179077e-01,2.199732381312787810e-01
1.933595985174179077e-01,2.195129781342267106e-01
1.597519963979721069e-01,2.197093099819406870e-01
1.597519963979721069e-01,2.189739775257802945e-01
1.731968969106673917e-01,2.182012831208932357e-01
1.763989776372909268e-01,2.185008665175318943e-01
1.763989776372909268e-01,2.188736313392017074e-01
1.903230398893356601e-01,2.189459786147381071e-01
1.903230398893356601e-01,2.192584052232822989e-01
1.978137493133544922e-01,2.195723033374091526e-01
1.724811047315597534e-01,2.197405449519035936e-01
1.724811047315597534e-01,2.193529372170279490e-01
1.773964017629623413e-01,2.187703124442181568e-01
1.773964017629623413e-01,2.188797662176670822e-01
1.862247735261917392e-01,2.189907398418720896e-01
2.039294093847274780e-01,2.191882104541929832e-01
2.039294093847274780e-01,2.197877118277677400e-01
2.303259670734404962e-01,2.201873807414263529e-01
2.303259670734404962e-01,2.207947571999355207e-01
2.793866395950316828e-01,2.213892803260986974e-01
2.991397082805632990e-01,2.226226954107491940e-01
2.991397082805632990e-01,2.244616088118634445e-01
2.514718174934387207e-01,2.250476752453253459e-01
2.514718174934387207e-01,2.237316653055658744e-01
1.890812516212463379e-01,2.223604072995306324e-01
2.833725214004517157e-01,2.210189284405378041e-01
2.833725214004517157e-01,2.218353672120471631e-01
2.606627941131591797e-01,2.241005730920104244e-01
2.606627941131591797e-01,2.234669379442228154e-01
2.856159806251525879e-01,2.227849056585058107e-01
2.152941524982452115e-01,2.235237372235046593e-01
2.152941524982452115e-01,2.224995545557875432e-01
1.691618561744689941e-01,2.207034425345570650e-01
1.691618561744689941e-01,2.196976344447679752e-01
1.676646620035171509e-01,2.186216806597166828e-01
1.986771523952484408e-01,2.185885161756838946e-01
1.986771523952484408e-01,2.192563171899193086e-01
1.806469559669494629e-01,2.199495943998720504e-01
1.806469559669494629e-01,2.195507882115628195e-01
1.824937760829925260e-01,2.191367260267355344e-01
1.871567964553833285e-01,2.191778900109241368e-01
1.871567964553833285e-01,2.193239496984643599e-01
2.099210023880004883e-01,2.194296049821366501e-01
2.099210023880004883e-01,2.199463578784389417e-01
1.939254999160766602e-01,2.204591894991799472e-01
1.662387549877166748e-01,2.201039727467038465e-01
1.662387549877166748e-01,2.191268640455056316e-01
1.659430116415023804e-01,2.184909348633970461e-01
1.659430116415023804e-01,2.184843856635562687e-01
1.823978126049041470e-01,2.184777143835632818e-01
1.884365230798721313e-01,2.188459805969955319e-01
1.884365230798721313e-01,2.193505013475029741e-01
2.158337980508804599e-01,2.194872609493966342e-01
2.158337980508804599e-01,2.201120734311212412e-01
2.153968065977096835e-01,2.207279999468184373e-01
1.994820386171341220e-01,2.207181565090216846e-01
1.994820386171341220e-01,2.203542925503005345e-01
1.468160003423690796e-01,2.199860049526510541e-01
1.468160003423690796e-01,2.188444518273756079e-01
1.810178905725479126e-01,2.176256699575723208e-01
1.982497125864028931e-01,2.183937953169544088e-01
1.982497125864028931e-01,2.195417328678375968e-01
1.886273920536041260e-01,2.199302626441572706e-01
1.886273920536041260e-01,2.197162386639945342e-01
1.874347329139708918e-01,2.194958625136713415e-01
1.838997006416320801e-01,2.194692597250182398e-01
1.838997006416320801e-01,2.193634327282297236e-01
1.789868623018264771e-01,2.192829817769126888e-01
1.789868623018264771e-01,2.191738476408319480e-01
2.386641800403594971e-01,2.190621479284739215e-01
4.006521701812744141e-01,2.204552541767925422e-01
4.006521701812744141e-01,2.265703611572717768e-01
3.205133974552154541e-01,2.312848575343509627e-01
3.205133974552154541e-01,2.288724327568122940e-01
3.453539609909057617e-01,2.263407541653725263e-01
3.201048076152800959e-01,2.270995322818819551e-01
3.201048076152800959e-01,2.270988197406109410e-01
3.410750627517700195e-01,2.263159352477921438e-01
3.410750627517700195e-01,2.269552726424036160e-01
3.317869901657104492e-01,2.275947801325335362e-01
3.053638935089111328e-01,2.273139010975741003e-01
3.053638935089111328e-01,2.262405444896639084e-01
2.349332422018050870e-01,2.254231335737371666e-01
2.349332422018050870e-01,2.235285670947729231e-01
2.433501929044723511e-01,2.216002370144027345e-01
2.282197028398513516e-01,2.217936849728286142e-01
2.282197028398513516e-01,2.216499794527841960e-01
2.155468463897705078e-01,2.212929561296472503e-01
2.155468463897705078e-01,2.210099651494552842e-01
1.862514019012451172e-01,2.207149411689780238e-01
1.789111644029617587e-01,2.200696887752384145e-01
1.789111644029617587e-01,2.192259091262760695e-01
1.881189942359924594e-01,2.190587483366300270e-01
1.881189942359924594e-01,2.192648824043282318e-01
2.258600741624832153e-01,2.194729527326801655e-01
2.293289005756378729e-01,2.203416495915794804e-01
2.293289005756378729e-01,2.212638816846869694e-01
2.172957956790924072e-01,2.213436731026993676e-01
2.172957956790924072e-01,2.210747853897165882e-01
2.285813987255096436e-01,2.207945544513141289e-01
2.961176931858062744e-01,2.210520608867588832e-01
2.961176931858062744e-01,2.230692241478577365e-01
2.966041862964630127e-01,2.248657036635942630e-01
2.966041862964630127e-01,2.248802318002656175e-01
2.547382712364196777e-01,2.248949837149684383e-01
2.234010547399520874e-01,2.237331830612808714e-01
2.234010547399520874e-01,2.218294320225444316e-01
2.086469978094100952e-01,2.210728637960266418e-01
2.086469978094100952e-01,2.207441538824790328e-01
2.144542932510375699e-01,2.204013450883411385e-01
1.909040212631225863e-01,2.205325644137984265e-01
1.909040212631225863e-01,2.201446001997391100e-01
1.961078941822052280e-01,2.195985050705336894e-01
1.961078941822052280e-01,2.197152106543098227e-01
1.758218258619308472e-01,2.198334397818900998e-01
1.801499277353286743e-01,2.193856775507410373e-01
1.801499277353286743e-01,2.190165449236833595e-01
1.802266091108321866e-01,2.191143928385098916e-01
1.802266091108321866e-01,2.191160996800451399e-01
1.831340938806533813e-01,2.191178381356781446e-01
1.799343973398208618e-01,2.191826798083710837e-01
1.799343973398208618e-01,2.191774012976612229e-01
1.912952065467834473e-01,2.191047095590706317e-01
1.912952065467834473e-01,2.193595303804271035e-01
2.391949146986007690e-01,2.196161502621824801e-01
2.476447969675064087e-01,2.207329541493262826e-01
2.476447969675064087e-01,2.219906076040494003e-01
2.603625059127808172e-01,2.221840973140777886e-01
2.603625059127808172e-01,2.224862839431185624e-01
2.153915017843246460e-01,2.227710058192750586e-01
1.687171012163162231e-01,2.218052231439310018e-01
1.687171012163162231e-01,2.196905461202668941e-01
1.901023983955383578e-01,2.186017785822518267e-01
1.901023983955383578e-01,2.190825487254301207e-01
1.932636946439743042e-01,2.195623540430455267e-01
1.967433989048003595e-01,2.196331237621936550e-01
1.967433989048003595e-01,2.197829877325517545e-01
1.968259066343307495e-01,2.198621605573629068e-01
1.968259066343307495e-01,2.198640078003038234e-01
1.806160062551498136e-01,2.198658898649465676e-01
1.917202025651932040e-01,2.195070878396302161e-01
1.917202025651932040e-01,2.193844236621420585e-01
1.939498037099838534e-01,2.196353233734131827e-01
1.939498037099838534e-01,2.196852314940716533e-01
1.780927032232284546e-01,2.197359568848814004e-01
1.982128173112868985e-01,2.193851531279712719e-01
1.982128173112868985e-01,2.194758009614498073e-01
2.026619017124175748e-01,2.199285941267410949e-01
2.026619017124175748e-01,2.200285934570446189e-01
1.926424354314803800e-01,2.201299554282424853e-01
1.775846034288406372e-01,2.199068842406787516e-01
1.775846034288406372e-01,2.193437644144193011e-01
1.697379499673843384e-01,2.189991875382019948e-01
1.697379499673843384e-01,2.188255694073280022e-01
1.742126941680907926e-01,2.186474646791492504e-01
1.767573058605194092e-01,2.187469795329179123e-01
1.767573058605194092e-01,2.189045333256551262e-01
1.698893159627914429e-01,2.189620573969270345e-01
1.698893159627914429e-01,2.188100415447448710e-01
1.786662638187408170e-01,2.186542401989313711e-01
1.773128658533096869e-01,2.188499872658622170e-01
1.773128658533096869e-01,2.190176692440913286e-01
1.912915557622909268e-01,2.189869903986087218e-01
1.924645453691482822e-01,2.193007735370256228e-01
1.917339116334915161e-01,2.196422179530223839e-01
1.682408750057220459e-01,2.196525864759875379e-01
1.682408750057220459e-01,2.191190054028333556e-01
1.533582359552383423e-01,2.185804717489625848e-01
1.533582359552383423e-01,2.182535676412741821e-01
1.219834238290786743e-01,2.179164450088398319e-01
1.124273017048835754e-01,2.172371396829581025e-01
1.124273017048835754e-01,2.163209679830182253e-01
1.387385427951812744e-01,2.161084350055021974e-01
1.387385427951812744e-01,2.166889084365868356e-01
1.735682934522628784e-01,2.172676035118759064e-01
1.894755959510803223e-01,2.180474907624660730e-01
1.894755959510803223e-01,2.191760344894093104e-01
1.896263062953949252e-01,2.195340942178106436e-01
1.896263062953949252e-01,2.195374600361910677e-01
1.874510943889617920e-01,2.195408885160037571e-01
1.846003979444504062e-01,2.194923860745270072e-01
1.846003979444504062e-01,2.193793736188514309e-01
2.440665513277053278e-01,2.193145102273025282e-01
2.440665513277053278e-01,2.207095352270578292e-01
2.327407002449035922e-01,2.220194710074143707e-01
2.219963967800140381e-01,2.217665051395450171e-01
2.219963967800140381e-01,2.212593631595911881e-01
1.852974742650985718e-01,2.210087778954071824e-01
1.852974742650985718e-01,2.202038791854700750e-01
1.947617977857589444e-01,2.193458836460981387e-01
1.780637502670288086e-01,2.195583369587859324e-01
1.780637502670288086e-01,2.194033391059666827e-01
1.859644204378128052e-01,2.190206973022344461e-01
1.859644204378128052e-01,2.191973507333051796e-01
2.072025239467620850e-01,2.193759083684675704e-01
1.870556026697158813e-01,2.198571288160512116e-01
1.870556026697158813e-01,2.198899291276973089e-01
2.003259211778640747e-01,2.194250469973995921e-01
2.003259211778640747e-01,2.197240049969629572e-01
2.049419134855270108e-01,2.200241909232567850e-01
4.109843969345092218e-01,2.201280399763925755e-01
4.109843969345092218e-01,2.260445377823650237e-01
3.859764039516448975e-01,2.319334768327177276e-01
3.859764039516448975e-01,2.311590981126190603e-01
3.761990368366241455e-01,2.303679959151748724e-01
3.382981419563292902e-01,2.300667513349781146e-01
3.382981419563292902e-01,2.286111768137118749e-01
2.050670981407165250e-01,2.274248397605007355e-01
2.050670981407165250e-01,2.238511000210104962e-01
2.311079055070877075e-01,2.202389468691624830e-01
2.232432067394256592e-01,2.208383987638785073e-01
2.232432067394256592e-01,2.212485568167669447e-01
1.962449550628662387e-01,2.210656605426513377e-01
1.962449550628662387e-01,2.204697261077699921e-01
1.992976218461990634e-01,2.198396335064829732e-01
1.784480065107345303e-01,2.199081209336936349e-01
1.784480065107345303e-01,2.195172677291892804e-01
1.708953380584716797e-01,2.190379499387870299e-01
1.708953380584716797e-01,2.188707586070476885e-01
1.857410371303558905e-01,2.186992816429316755e-01
1.884250044822692871e-01,2.190318473760436702e-01
1.884250044822692871e-01,2.194258191197626662e-01
1.818749755620956698e-01,2.194867418794629876e-01
1.818749755620956698e-01,2.193411831346352148e-01
1.936471015214920322e-01,2.191919223166180486e-01
1.790819615125656405e-01,2.194562559397859325e-01
1.790819615125656405e-01,2.193998233310970880e-01
1.921849995851516724e-01,2.190664189643912185e-01
1.921849995851516724e-01,2.193605790930406862e-01
1.867637038230896274e-01,2.196562954137801227e-01
1.980000883340836126e-01,2.195355827123006975e-01
1.980000883340836126e-01,2.196646156688319973e-01
3.074838817119598389e-01,2.199189743031665645e-01
3.074838817119598389e-01,2.227128591740344943e-01
2.838982045650482178e-01,2.255512218632710064e-01
2.563236057758331299e-01,2.248604426188312300e-01
2.563236057758331299e-01,2.233747676107065705e-01
2.176708281040191928e-01,2.225842892905280923e-01
2.176708281040191928e-01,2.217481723055213516e-01
3.016590476036071777e-01,2.208116327063948947e-01
3.009566068649291992e-01,2.229838693842916553e-01
3.009566068649291992e-01,2.251785382982861572e-01
3.871228992938995361e-01,2.251571822137233281e-01
3.871228992938995361e-01,2.278380925716872174e-01
3.553330004215240479e-01,2.304394360968726740e-01
2.734268903732300360e-01,2.294679865063896929e-01
2.734268903732300360e-01,2.260927482491406904e-01
3.047637045383452814e-01,2.235061170831862953e-01
3.047637045383452814e-01,2.244668675568350369e-01
1.934034079313278476e-01,2.253868895158177288e-01
1.674667745828628540e-01,2.225816847725030634e-01
1.674667745828628540e-01,2.191411933180110183e-01
1.849085837602615634e-01,2.185458455219078944e-01
1.849085837602615634e-01,2.189367021903265709e-01
2.460200339555740634e-01,2.193283798211042301e-01
2.682054042816162109e-01,2.207649647707544405e-01
2.682054042816162109e-01,2.226570501439562033e-01
2.603135108947753906e-01,2.231949652757733438e-01
2.603135108947753906e-01,2.229858487476007456e-01
2.072546035051345548e-01,2.227687382612532629e-01
2.076155245304107666e-01,2.216318179419561885e-01
2.076155245304107666e-01,2.203462676983347635e-01
1.928880363702774048e-01,2.203545319366146393e-01
1.928880363702774048e-01,2.200273420158931348e-01
1.886100023984909058e-01,2.196880237117857515e-01
1.899161785840987882e-01,2.195926698654426246e-01
1.899161785840987882e-01,2.195242646010679977e-01
1.841135472059249878e-01,2.195539575266226284e-01
1.841135472059249878e-01,2.194248813905365636e-01
1.885657012462615967e-01,2.192926031349087534e-01
1.928238719701766968e-01,2.193921410224648205e-01
1.928238719701766968e-01,2.195884284790139418e-01
1.931996941566467563e-01,2.196851276164622224e-01
1.931996941566467563e-01,2.196935320866563179e-01
1.622868627309799194e-01,2.197020915091044135e-01
1.296745538711548129e-01,2.190246750232636985e-01
1.296745538711548129e-01,2.176066891177723672e-01
1.509044617414474487e-01,2.168670416149848790e-01
1.509044617414474487e-01,2.173369393188311072e-01
1.567745953798294067e-01,2.178073047696424680e-01
2.352031022310256958e-01,2.179370698490773195e-01
2.352031022310256958e-01,2.198972509634872508e-01
2.412368059158324640e-01,2.216126041848857087e-01
2.412368059158324640e-01,2.217507225665837078e-01
3.487674891948700506e-01,2.218894327480884776e-01
4.479171633720397949e-01,2.249964528318016965e-01
4.479171633720397949e-01,2.311858990257326940e-01
7.274934649467468262e-01,2.342732277036584376e-01
7.274934649467468262e-01,2.435833407116685390e-01
7.546014785766600452e-01,2.531119898241225297e-01
6.946486234664916992e-01,2.540718807268809720e-01
6.946486234664916992e-01,2.529314448876768262e-01
6.383669972419738770e-01,2.507914692637818743e-01
6.383669972419738770e-01,2.488488486952482037e-01
5.096258521080017090e-01,2.468832959603201038e-01
3.489852249622344971e-01,2.425996579253261731e-01
3.489852249622344971e-01,2.332720787978471988e-01
3.274166882038116455e-01,2.280798583196197438e-01
3.274166882038116455e-01,2.274295871525822132e-01
3.183498978614807129e-01,2.267606700758282023e-01
2.771280407905578613e-01,2.264881375426036070e-01
2.771280407905578613e-01,2.250136387512671199e-01
2.614668905735015869e-01,2.237270685290744243e-01
2.614668905735015869e-01,2.232915086408701344e-01
2.646197974681854248e-01,2.228221490202070554e-01
2.569813728332519531e-01,2.228996821755600266e-01
2.569813728332519531e-01,2.228073503353786011e-01
2.632848024368286133e-01,2.226146738709612882e-01
2.632848024368286133e-01,2.227656815117628752e-01
2.274889498949050903e-01,2.229070820407182407e-01
1.972997337579727173e-01,2.221395138256439805e-01
1.972997337579727173e-01,2.205946297048496096e-01
1.593737602233886719e-01,2.198873087580815733e-01
1.593737602233886719e-01,2.190588394431223496e-01
1.552143245935440063e-01,2.181844146852675026e-01
2.165970057249068659e-01,2.180927398128812700e-01
2.165970057249068659e-01,2.194096923300833946e-01
2.152127921581268588e-01,2.207627390638347842e-01
2.152127921581268588e-01,2.207315789404131201e-01
2.079710960388183871e-01,2.206997405200709084e-01
2.003736048936843872e-01,2.205376307277372161e-01
2.003736048936843872e-01,2.202009658179565066e-01
1.930765211582184115e-01,2.200263489741983713e-01
1.930765211582184115e-01,2.198636743362396284e-01
1.887691617012023926e-01,2.196965314631294797e-01
2.153376042842864990e-01,2.196005200796013745e-01
2.153376042842864990e-01,2.201078381330258404e-01
2.704129219055175781e-01,2.207054196988858519e-01
2.704129219055175781e-01,2.220481498413362509e-01
5.549836754798889160e-01,2.233264289117640189e-01
5.126557946205139160e-01,2.324254987081136314e-01
5.126557946205139160e-01,2.398629986856127827e-01
5.099799633026123047e-01,2.384558890976607448e-01
5.099799633026123047e-01,2.383690672822704471e-01
4.163484573364257812e-01,2.382809268144085724e-01
2.535916566848754883e-01,2.353136609383361944e-01
2.541934549808502197e-01,2.275368059548774358e-01
1.788074076175689420e-01,2.224719009396410596e-01
1.788074076175689420e-01,2.208746922780930322e-01
1.850019842386245172e-01,2.190540887710650253e-01
1.711802035570144376e-01,2.191924731654911196e-01
1.711802035570144376e-01,2.190271933199096077e-01
1.727939993143081387e-01,2.187120385550197221e-01
1.727939993143081387e-01,2.187478814011647177e-01
1.767069548368454257e-01,2.187843326347994610e-01
1.761609017848968228e-01,2.188714195925645645e-01
1.761609017848968228e-01,2.189476630306590454e-01
2.039509564638137540e-01,2.189352969032048180e-01
2.039509564638137540e-01,2.195651396299124758e-01
1.905422955751419345e-01,2.201883571736052980e-01
1.819348037242889127e-01,2.198904495004372628e-01
1.819348037242889127e-01,2.193910462313725385e-01
1.684180349111557007e-01,2.191946120607924375e-01
1.684180349111557007e-01,2.188961811582190720e-01
1.891849339008331299e-01,2.185883976322423039e-01
1.689333617687225342e-01,2.190550060861427561e-01
1.689333617687225342e-01,2.190747920224360712e-01
1.962249428033828735e-01,2.186114555001905657e-01
1.962249428033828735e-01,2.192276185364996077e-01
1.980420649051666537e-01,2.198387291416678824e-01
1.778897047042846680e-01,2.198794580349511807e-01
1.778897047042846680e-01,2.194758101394485017e-01
1.612316220998764038e-01,2.190128836543833446e-01
1.612316220998764038e-01,2.186462566780379979e-01
1.492553949356079102e-01,2.182672929819644281e-01
1.442013978958130160e-01,2.180043860378998721e-01
1.442013978958130160e-01,2.176230694750030392e-01
1.220441684126853804e-01,2.175096530794667915e-01
1.220441684126853804e-01,2.170289060621682642e-01
1.259213238954544067e-01,2.165308450625981207e-01
1.192706972360610962e-01,2.166155752695387016e-01
1.192706972360610962e-01,2.165569025574669570e-01
1.400409787893295288e-01,2.164088736091056009e-01
1.400409787893295288e-01,2.168667574309369184e-01
1.655126959085464478e-01,2.173252690043686042e-01
1.946723610162734985e-01,2.178926828290413398e-01
1.946723610162734985e-01,2.191166411744060738e-01
1.824015974998474121e-01,2.197685870095993643e-01
1.824015974998474121e-01,2.194964267812797298e-01
1.781254708766937533e-01,2.192156000851555320e-01
1.768455654382705411e-01,2.191206174893291780e-01
1.768455654382705411e-01,2.189950245303938503e-01
1.895092576742171964e-01,2.189660180691645752e-01
1.895092576742171964e-01,2.192499661664423782e-01
1.890345066785812655e-01,2.195356117179084188e-01
2.166133970022201261e-01,2.195250136409958586e-01
2.166133970022201261e-01,2.201434816691251739e-01
2.142671942710876742e-01,2.207634852546656867e-01
2.142671942710876742e-01,2.207107166233918394e-01
1.696722060441970825e-01,2.206567224007011663e-01
1.861636042594909390e-01,2.196836771078621298e-01
1.861636042594909390e-01,2.190141804621503763e-01
2.109026014804839810e-01,2.193848766664286964e-01
2.109026014804839810e-01,2.199470877614179420e-01
2.016181051731109619e-01,2.205037757727544290e-01
2.371999472379684448e-01,2.202965049878379267e-01
2.371999472379684448e-01,2.209084665038779094e-01
1.953185498714447021e-01,2.217041532879622523e-01
1.953185498714447021e-01,2.207896818714333853e-01
1.463003754615783414e-01,2.197977755921882992e-01
2.596421837806701660e-01,2.187340846596258215e-01
2.596421837806701660e-01,2.202993385508354440e-01
4.047906100749969482e-01,2.227376764692716171e-01
4.047906100749969482e-01,2.272558965834962086e-01
3.813273906707764782e-01,2.315443434705007630e-01
3.577617108821868896e-01,2.308193311718632623e-01
3.577617108821868896e-01,2.293579281694678729e-01
3.031907975673675537e-01,2.286197937531819491e-01
3.031907975673675537e-01,2.269991422838050776e-01
2.219824343919754028e-01,2.252919448938247859e-01
2.247738689184189120e-01,2.231650525729285961e-01
2.247738689184189120e-01,2.210713643369612291e-01
2.553716301918030340e-01,2.211355282591038474e-01
2.553716301918030340e-01,2.218603140316257605e-01
2.618205845355987549e-01,2.225403283497599249e-01
2.273367345333099365e-01,2.226931050445772331e-01
2.273367345333099365e-01,2.220974334505067260e-01
2.031441032886505127e-01,2.212525977917053632e-01
2.031441032886505127e-01,2.207174705762471323e-01
1.758806854486465454e-01,2.201517988125021308e-01
1.670619547367095947e-01,2.195517181491208336e-01
1.670619547367095947e-01,2.187278255010607353e-01
2.118712961673737127e-01,2.185277413985602935e-01
2.118712961673737127e-01,2.195517004988665755e-01
1.990658938884735107e-01,2.205477913766068221e-01
1.948491036891937256e-01,2.202626281088019833e-01
1.948491036891937256e-01,2.198729989005103747e-01
1.566408872604369840e-01,2.197765698643106558e-01
1.566408872604369840e-01,2.189425126868320137e-01
1.590297073125839233e-01,2.180626032473148290e-01
1.671897023916244507e-01,2.181154094793898990e-01
1.671897023916244507e-01,2.183502474542298732e-01
1.815824955701828003e-01,2.185334541717329770e-01
1.815824955701828003e-01,2.188552946094601548e-01
2.245292961597442627e-01,2.191787738859707346e-01
2.216224968433380127e-01,2.201675990975102692e-01
2.216224968433380127e-01,2.210588717388141944e-01
2.066582888364792148e-01,2.209917246152192927e-01
2.066582888364792148e-01,2.206584647346713779e-01
1.570345163345336914e-01,2.203111036114227261e-01
1.968932896852493286e-01,2.192323812084173151e-01
1.968932896852493286e-01,2.189828752063681383e-01
2.048864960670471191e-01,2.198689356269810935e-01
2.048864960670471191e-01,2.200490111094720591e-01
1.668177992105484009e-01,2.202307596068096840e-01
1.417246013879776001e-01,2.193980339772357568e-01
1.417246013879776001e-01,2.179691572788093612e-01
1.666631847620010376e-01,2.173998516154418137e-01
1.666631847620010376e-01,2.179555756285768142e-01
1.926406770944595614e-01,2.185099104135267423e-01
2.254680991172790527e-01,2.190952506028796265e-01
2.254680991172790527e-01,2.204312394185573842e-01
2.252101451158524392e-01,2.211672294127695337e-01
2.252101451158524392e-01,2.211613994999391264e-01
2.145293951034545898e-01,2.211554493385022024e-01
1.820016801357269287e-01,2.209165908772622589e-01
1.820016801357269287e-01,2.199537626649079036e-01
1.906076073646545133e-01,2.191976187475463689e-01
1.906076073646545133e-01,2.193904307885801430e-01
1.686857044696807861e-01,2.195851363871841322e-01
1.903967410326004306e-01,2.191024472658865130e-01
1.903967410326004306e-01,2.190885702303798088e-01
2.045876085758208673e-01,2.195756268883876094e-01
2.045876085758208673e-01,2.198960248047218680e-01
1.865548938512802124e-01,2.202172112639567136e-01
1.815108954906464178e-01,2.198177880423676511e-01
1.815108954906464178e-01,2.192903605556459357e-01
2.014583945274352750e-01,2.191755553172489712e-01
2.014583945274352750e-01,2.196261144558071254e-01
2.036586105823516846e-01,2.200754539802401155e-01
1.918114423751831055e-01,2.201248780408560368e-01
1.918114423751831055e-01,2.199116225308905270e-01
1.731049269437789639e-01,2.196394399148705878e-01
1.731049269437789639e-01,2.192265911820620305e-01
1.919497996568680087e-01,2.187982662548912105e-01
1.787570714950561523e-01,2.192219795250314185e-01
1.787570714950561523e-01,2.193534789071030222e-01
1.788225024938583374e-01,2.190518283121068444e-01
1.788225024938583374e-01,2.190532840085171462e-01
1.665375530719757080e-01,2.190547666490710310e-01
1.951155364513396662e-01,2.187835870752093959e-01
1.951155364513396662e-01,2.191493681638022883e-01
1.929849982261657437e-01,2.197886046708417140e-01
1.929849982261657437e-01,2.197410089893546692e-01
1.620820015668869019e-01,2.196924002652789476e-01
1.356869190931320190e-01,2.190152299988574469e-01
1.356869190931320190e-01,2.177304674307657117e-01
1.467041671276092529e-01,2.171325982882225392e-01
1.467041671276092529e-01,2.173755394321603418e-01
1.972582042217254639e-01,2.176207053855506446e-01
1.894697993993758878e-01,2.187682111050043843e-01
1.894697993993758878e-01,2.197120254905076397e-01
1.961945891380310059e-01,2.195338329060168847e-01
1.961945891380310059e-01,2.196847346715251059e-01
2.645494043827056885e-01,2.198373574555849419e-01
2.692976891994476318e-01,2.214809589490600583e-01
2.692976891994476318e-01,2.231214385776624787e-01
2.608369886875153143e-01,2.232599974472254944e-01
2.608369886875153143e-01,2.230317807350591930e-01
2.406771630048751831e-01,2.227929706529474807e-01
3.313829302787780762e-01,2.223565179256399849e-01
3.313829302787780762e-01,2.244384745058251862e-01
3.281686902046204168e-01,2.270024350094509147e-01
3.281686902046204168e-01,2.269053085630101663e-01
2.904906868934631348e-01,2.268064805220997571e-01
2.625965774059296209e-01,2.256983863728786177e-01
2.625965774059296209e-01,2.237408704227554224e-01
1.794345527887344638e-01,2.228746119465284670e-01
1.794345527887344638e-01,2.211089034043437485e-01
1.727855503559112826e-01,2.190822555986323139e-01
2.207822054624556940e-01,2.189349366410276720e-01
2.207822054624556940e-01,2.198874268205747440e-01
2.426082938909530362e-01,2.209534079848894383e-01
2.426082938909530362e-01,2.214597939503960000e-01
2.444625049829483032e-01,2.219524415121389982e-01
2.097309380769729614e-01,2.219947260467909356e-01
2.097309380769729614e-01,2.212778484266358925e-01
1.825350672006606778e-01,2.204505582062211977e-01
1.825350672006606778e-01,2.198512178995055966e-01
1.691226661205291470e-01,2.192216018108129605e-01
1.575669944286346436e-01,2.189254016999366281e-01
1.575669944286346436e-01,2.183655251409170328e-01
1.770704984664916992e-01,2.181038688943102988e-01
1.770704984664916992e-01,2.185397518437630637e-01
1.741859167814254483e-01,2.189761125684307752e-01
1.755136996507644376e-01,2.189120971130977533e-01
1.755136996507644376e-01,2.188762375500520885e-01
1.687776893377304077e-01,2.189062636158897734e-01
1.687776893377304077e-01,2.187572180127463628e-01
1.939594447612762729e-01,2.186044896168925500e-01
1.943469941616058627e-01,2.191721271392687853e-01
1.943469941616058627e-01,2.197450624671118125e-01
2.223779261112213135e-01,2.197538926445379293e-01
2.223779261112213135e-01,2.203957939945710709e-01
2.144328951835632602e-01,2.210261815181623346e-01
1.937792897224426547e-01,2.208481459214871878e-01
1.937792897224426547e-01,2.202067432999737784e-01
1.783622056245803833e-01,2.197282578450938384e-01
1.783622056245803833e-01,2.193871069073143609e-01
1.706998199224472046e-01,2.190340973766335686e-01
1.894924789667129517e-01,2.188644937401658941e-01
1.894924789667129517e-01,2.191126145221630461e-01
2.422726899385452271e-01,2.195348553167099648e-01
2.422726899385452271e-01,2.207699461864313373e-01
2.336400598287582120e-01,2.219370203343907777e-01
2.456458657979964932e-01,2.217434620945839541e-01
2.456458657979964932e-01,2.218184605303635815e-01
2.297928631305694580e-01,2.220921049814333081e-01
2.297928631305694580e-01,2.217400951465257342e-01
2.152034044265747070e-01,2.213648933594107304e-01
2.607180178165435791e-01,2.210396386848688666e-01
2.607180178165435791e-01,2.217894462774131215e-01
2.623189091682434082e-01,2.227874622924741199e-01
2.623189091682434082e-01,2.228243914091920519e-01
2.198584228754044134e-01,2.228616856527231294e-01
3.426670730113983154e-01,2.219516338170119674e-01
3.426670730113983154e-01,2.242768819838009686e-01
3.465315699577331543e-01,2.276922889789909643e-01
3.465315699577331543e-01,2.278100064349092846e-01
2.930460572242736816e-01,2.279292337752514275e-01
2.670845985412597656e-01,2.263531059104490206e-01
2.670845985412597656e-01,2.239401391938118380e-01
2.535850703716278076e-01,2.231282729507345353e-01
2.535850703716278076e-01,2.228025111232612987e-01
2.199364602565765381e-01,2.224578711502452899e-01
2.274277955293655396e-01,2.217259937480499099e-01
2.274277955293655396e-01,2.210852739356343188e-01
1.686184257268905362e-01,2.212567593738186400e-01
1.686184257268905362e-01,2.199828505523749866e-01
1.842167228460311890e-01,2.185973634428732826e-01
1.896838992834091187e-01,2.189466415171033853e-01
1.896838992834091187e-01,2.194195683354538962e-01
1.641370058059692383e-01,2.195434850107571556e-01
1.641370058059692383e-01,2.189823532550720098e-01
2.130100131034850797e-01,2.183970118628981438e-01
2.186074256896972934e-01,2.195154471829758869e-01
2.186074256896972934e-01,2.207262340838872239e-01
2.188677042722702026e-01,2.208542936503188059e-01
2.188677042722702026e-01,2.208601659513144966e-01
2.313981950283050537e-01,2.208661516004173930e-01
2.149903923273086825e-01,2.211527532725365564e-01
2.149903923273086825e-01,2.210731365045985886e-01
2.503419816493988037e-01,2.206896215567970276e-01
2.503419816493988037e-01,2.215216836289058966e-01
2.535111904144287109e-01,2.223083302461365540e-01
2.445873767137527466e-01,2.223811629918129862e-01
2.445873767137527466e-01,2.222557538630692275e-01
2.031902372837066650e-01,2.220434195914801345e-01
2.031902372837066650e-01,2.211414625097823661e-01
2.327843457460403442e-01,2.201538888482818812e-01
2.531769871711730957e-01,2.208368905615439304e-01
2.531769871711730957e-01,2.219809550183374502e-01
2.558321058750153143e-01,2.224390442409464042e-01
2.558321058750153143e-01,2.225000953217096400e-01
2.091450989246368408e-01,2.225615904301394277e-01
2.179704755544662198e-01,2.215545990881493121e-01
2.179704755544662198e-01,2.206239827528912179e-01
2.751700878143310547e-01,2.208252797354180730e-01
2.751700878143310547e-01,2.222343842133771286e-01
2.834362983703612726e-01,2.236101426402011538e-01
5.200669765472412109e-01,2.238584496356557929e-01
5.200669765472412109e-01,2.316428534031171882e-01
5.718095898628234863e-01,2.389414238031610793e-01
5.718095898628234863e-01,2.406435146774281997e-01
5.820317864418029785e-01,2.423703482705714118e-01
5.010549426078796387e-01,2.427105161920903031e-01
5.010549426078796387e-01,2.403990868132763747e-01
2.807539105415344238e-01,2.376986611012213979e-01
2.807539105415344238e-01,2.310465378553871740e-01
2.063424885272980291e-01,2.239438348476525398e-01
2.145204693078994751e-01,2.221694483447807511e-01
2.145204693078994751e-01,2.204817866777188662e-01
2.198818922042846402e-01,2.206682432126875204e-01
2.198818922042846402e-01,2.207896330430690612e-01
2.337387651205062589e-01,2.209123672934505123e-01
2.567627131938934326e-01,2.212300430274093954e-01
2.580747008323668878e-01,2.220909141953655019e-01
2.328460067510605136e-01,2.226346153263883132e-01
2.328460067510605136e-01,2.221171028087549626e-01
1.991674900054931918e-01,2.215046237250742622e-01
1.789865642786026001e-01,2.207648989911183968e-01
1.789865642786026001e-01,2.195259679088311100e-01
1.796395033597946445e-01,2.190621345440725287e-01
1.796395033597946445e-01,2.190766678077627760e-01
1.698227077722549438e-01,2.190914618761040933e-01
1.522479057312011441e-01,2.188743757382013155e-01
1.522479057312011441e-01,2.182656373140928474e-01
1.740261465311050693e-01,2.178670472298745164e-01
1.740261465311050693e-01,2.183534279472270356e-01
1.826220005750656128e-01,2.188395580873968849e-01
1.566141396760940552e-01,2.190315472357159954e-01
1.566141396760940552e-01,2.186554982253858248e-01
1.689846664667129517e-01,2.180614116280547576e-01
1.689846664667129517e-01,2.183365388754227587e-01
1.731435954570770819e-01,2.186137513200241689e-01
1.901344954967498779e-01,2.187061985882359783e-01
1.901344954967498779e-01,2.191815378324386554e-01
1.337733566761016846e-01,2.195638013350116879e-01
1.337733566761016846e-01,2.183470497231750906e-01
1.587713211774826050e-01,2.170480169655231995e-01
3.362798094749451239e-01,2.176033829854107648e-01
3.362798094749451239e-01,2.226881692267635160e-01
3.365317881107330322e-01,2.273014369448853600e-01
3.365317881107330322e-01,2.273090803862315989e-01
3.025190830230712891e-01,2.273168379290422536e-01
2.839955985546112061e-01,2.263069933250486665e-01
2.839955985546112061e-01,2.247080436530412284e-01
1.806526631116867343e-01,2.241378910152566073e-01
1.806526631116867343e-01,2.217170748345770048e-01
1.813106983900070468e-01,2.191369824915989639e-01
2.399948686361312589e-01,2.191516378809625909e-01
2.399948686361312589e-01,2.205379254329309091e-01
2.357428967952728549e-01,2.218324027923888053e-01
2.357428967952728549e-01,2.217364807868801024e-01
2.299271076917648871e-01,2.216373455606159004e-01
2.266699969768523892e-01,2.215064584321468355e-01
2.266699969768523892e-01,2.212975799309568614e-01
2.079305946826934814e-01,2.212221313604402773e-01
2.079305946826934814e-01,2.208058799581234799e-01
2.176461517810821256e-01,2.203688294683597559e-01
2.530807852745056152e-01,2.205890950745924284e-01
2.530807852745056152e-01,2.216477676887108617e-01
2.445257008075714389e-01,2.224346063884681257e-01
2.445257008075714389e-01,2.222438884012890026e-01
2.472106367349624634e-01,2.220405833746015301e-01
2.140260040760040561e-01,2.221019741256860247e-01
2.140260040760040561e-01,2.214384620511219703e-01
3.001447618007659912e-01,2.206457522744727784e-01
3.001447618007659912e-01,2.228570887557574098e-01
4.906117916107178289e-01,2.251082417415119497e-01
3.879201114177703857e-01,2.311516925677616630e-01
3.879201114177703857e-01,2.338038592911914626e-01
3.368788957595825195e-01,2.304891304206926339e-01
3.368788957595825195e-01,2.289421292893012438e-01
2.932540476322174072e-01,2.273380556628365468e-01
1.897923052310943881e-01,2.260523977166258303e-01
1.897923052310943881e-01,2.221713582540509047e-01
2.160292118787765225e-01,2.195483724788587498e-01
2.160292118787765225e-01,2.201465741864212788e-01
3.753999471664429266e-01,2.207368937366825656e-01
3.595648109912872314e-01,2.252009938114933607e-01
3.595648109912872314e-01,2.292258645414508300e-01
3.568296134471892755e-01,2.287309477968073324e-01
3.568296134471892755e-01,2.286473333150020326e-01
2.543200254440308172e-01,2.285623638540330294e-01
1.710169017314910889e-01,2.256354896122065024e-01
1.710169017314910889e-01,2.207159780067016186e-01
1.929912567138671875e-01,2.187047253751739084e-01
1.929912567138671875e-01,2.191994407930150102e-01
1.877582967281341553e-01,2.196926827590012232e-01
1.911910772323608398e-01,2.195761183487550949e-01
1.911910772323608398e-01,2.195334972000699825e-01
2.173696309328078946e-01,2.196114530590748404e-01
2.173696309328078946e-01,2.202087713369428879e-01
2.077021002769470492e-01,2.207979165840507352e-01
2.206149846315383911e-01,2.205818347530555112e-01
2.206149846315383911e-01,2.206520951923801876e-01
2.270559668540954590e-01,2.209457842315729337e-01
2.270559668540954590e-01,2.210921803370140826e-01
2.409625947475433072e-01,2.212397672782987490e-01
2.354097962379456122e-01,2.215603157174632354e-01
2.354097962379456122e-01,2.217517992268089322e-01
2.214455157518386841e-01,2.216220773929153953e-01
2.214455157518386841e-01,2.213105975706436690e-01
1.873570978641510287e-01,2.209836534499480254e-01
1.875694990158081055e-01,2.202348008825486259e-01
1.875694990158081055e-01,2.194433677171889752e-01
1.860239952802658081e-01,2.194481957097964286e-01
1.860239952802658081e-01,2.194137434871607228e-01
2.020407021045684814e-01,2.193785906721718026e-01
1.742038130760192871e-01,2.197400191217236121e-01
1.742038130760192871e-01,2.194894740597826688e-01
1.875655949115752619e-01,2.188475232119677649e-01
1.875655949115752619e-01,2.191469469899236522e-01
1.820583045482635498e-01,2.194480198313545072e-01
1.922361850738525113e-01,2.193255818500191301e-01
1.922361850738525113e-01,2.194284559158193593e-01
2.172528207302093228e-01,2.196586051616533641e-01
2.172528207302093228e-01,2.202291588868078576e-01
2.296049296855926514e-01,2.207925976023689951e-01
2.509359121322631836e-01,2.210747844818289620e-01
2.509359121322631836e-01,2.218560235715768547e-01
2.739968001842498779e-01,2.223357033326581189e-01
2.739968001842498779e-01,2.229310903802143584e-01
2.468370050191879550e-01,2.235401186680224250e-01
2.319672256708144864e-01,2.228531866850328724e-01
2.319672256708144864e-01,2.218165907347065258e-01
2.044411897659301480e-01,2.214643895787146710e-01
2.044411897659301480e-01,2.208571562632078156e-01
2.075911909341812134e-01,2.202105747432897831e-01
2.634023129940032959e-01,2.202814676098527602e-01
2.634023129940032959e-01,2.216953162205540784e-01
3.036424219608306885e-01,2.229128444663719955e-01
3.036424219608306885e-01,2.241577288871361429e-01
3.236212432384490967e-01,2.253192002007807226e-01
3.383783698081970215e-01,2.259257585801084656e-01
3.383783698081970215e-01,2.269786506657904546e-01
3.256455063819885254e-01,2.274297469504491520e-01
3.256455063819885254e-01,2.270459093617592516e-01
3.199611008167266846e-01,2.266528256018598975e-01
3.445942103862762451e-01,2.264817292342023447e-01
3.445942103862762451e-01,2.270594757338856573e-01
3.591096997261047363e-01,2.278104039464839414e-01
3.591096997261047363e-01,2.282549465137665989e-01
3.462464511394500732e-01,2.287028846927471881e-01
3.135047256946564276e-01,2.283115057193717268e-01
3.135047256946564276e-01,2.269326868504698835e-01
2.611905336380004883e-01,2.259155672713588914e-01
2.611905336380004883e-01,2.244321865560542917e-01
2.517339885234832764e-01,2.228093443217266656e-01
2.365340739488601407e-01,2.226033203141722094e-01
2.365340739488601407e-01,2.220362714619480426e-01
2.257324606180191040e-01,2.216736177326627533e-01
2.257324606180191040e-01,2.214319100370512883e-01
2.135377526283263883e-01,2.211793032386159263e-01
1.833177059888839999e-01,2.209069404158957306e-01
1.833177059888839999e-01,2.199584861505934075e-01
2.036423683166503629e-01,2.192568004989239316e-01
2.036423683166503629e-01,2.197164018819294795e-01
2.443349212408065518e-01,2.201743738486841573e-01
2.420464009046554288e-01,2.211265652904856049e-01
2.420464009046554288e-01,2.219800088922144476e-01
1.904003769159317017e-01,2.219266232934062055e-01
1.904003769159317017e-01,2.208064305457633769e-01
1.422279328107833862e-01,2.195757908507283973e-01
1.802364736795425137e-01,2.185311279494841497e-01
1.802364736795425137e-01,2.182761468009288552e-01
1.587783545255661011e-01,2.191182813580396516e-01
1.587783545255661011e-01,2.186470375859424775e-01
1.564234346151351929e-01,2.181578656564224505e-01
1.458736360073089600e-01,2.181059175115743209e-01
1.458736360073089600e-01,2.178215049809842374e-01
1.534039974212646484e-01,2.175838421627351305e-01
1.534039974212646484e-01,2.177501683823151180e-01
1.587697118520736694e-01,2.179184813264628540e-01
1.766731888055801669e-01,2.180371674779139624e-01
1.766731888055801669e-01,2.185573883828180186e-01
1.735716015100479404e-01,2.189582827386742925e-01
1.735716015100479404e-01,2.188894703346526138e-01
1.556300967931747437e-01,2.188191823006370162e-01
1.678923070430755615e-01,2.184251363660196510e-01
1.678923070430755615e-01,2.182901779915386309e-01
1.889611035585403442e-01,2.185648787876589005e-01
1.889611035585403442e-01,2.190382614471497458e-01
1.857852935791015903e-01,2.195109027382111389e-01
1.759144961833954135e-01,2.194401539382591915e-01
1.759144961833954135e-01,2.191491483111934202e-01
1.993034631013870239e-01,2.189242424265184506e-01
1.993034631013870239e-01,2.194525214987477491e-01
1.905056983232498447e-01,2.199779258391584558e-01
1.746108233928680142e-01,2.197820687618456947e-01
1.746108233928680142e-01,2.192292446934221151e-01
1.891844570636748990e-01,2.188657721691255609e-01
1.891844570636748990e-01,2.191926804534448936e-01
1.795153021812438965e-01,2.195209701885096343e-01
2.012605071067810059e-01,2.193064898345506719e-01
2.012605071067810059e-01,2.195772600049914203e-01
2.108775675296783170e-01,2.200664948088230655e-01
2.108775675296783170e-01,2.202838515416445653e-01
1.980962008237838745e-01,2.205026384824848584e-01
1.666497588157653809e-01,2.202180682121735456e-01
1.666497588157653809e-01,2.192336618838920670e-01
1.744651794433593750e-01,2.185093101173664620e-01
1.744651794433593750e-01,2.186832912155743103e-01
1.693953573703765869e-01,2.188592416828947507e-01
1.666028350591659546e-01,2.187469856781451838e-01
1.666028350591659546e-01,2.185703180138245105e-01
1.645158231258392612e-01,2.185072121017458679e-01
1.645158231258392612e-01,2.184610405381616216e-01
1.785626411437988281e-01,2.184139352079681184e-01
2.016437053680419922e-01,2.187276346593694520e-01
2.016437053680419922e-01,2.195649539361995417e-01
2.162254005670547485e-01,2.200838443379788956e-01
2.162254005670547485e-01,2.204149351533009893e-01
1.915986984968185425e-01,2.207458234231065297e-01
1.954402029514312744e-01,2.202016673192798701e-01
1.954402029514312744e-01,2.197159292812041476e-01
2.037038058042526800e-01,2.198032714657897346e-01
2.037038058042526800e-01,2.199893677547939408e-01
1.996463239192962369e-01,2.201771576953377718e-01
1.804761737585068027e-01,2.200863928415946469e-01
1.804761737585068027e-01,2.195696327061291420e-01
1.873520165681838989e-01,2.191290517437597118e-01
1.873520165681838989e-01,2.192828246840474171e-01
1.970120966434478760e-01,2.194383985834391371e-01
2.032908946275711060e-01,2.196554580844418403e-01
2.032908946275711060e-01,2.200155702252187262e-01
1.883477419614791870e-01,2.201584491083711792e-01
1.883477419614791870e-01,2.198268588465454032e-01
2.073840051889420111e-01,2.194832602047365466e-01
1.903086006641387939e-01,2.199143245974910510e-01
1.903086006641387939e-01,2.199653239310770669e-01
1.647335141897201538e-01,2.195716522112948488e-01
1.647335141897201538e-01,2.190098199861245931e-01
1.856785118579864502e-01,2.184236614172802571e-01
2.097074985504150668e-01,2.188935891350064500e-01
2.097074985504150668e-01,2.199086533008528244e-01
1.964578926563262939e-01,2.204494938000116366e-01
1.964578926563262939e-01,2.201546795132279244e-01
2.250059992074966431e-01,2.198492566752737742e-01
2.485178858041763583e-01,2.205042223683394975e-01
2.485178858041763583e-01,2.216957745304198590e-01
2.478968948125838678e-01,2.222242985647027436e-01
2.478968948125838678e-01,2.222101908280789684e-01
2.352291047573089877e-01,2.221957038075754454e-01
2.200151830911636630e-01,2.219137387710387321e-01
2.200151830911636630e-01,2.212748477788457624e-01
1.695966720581054688e-01,2.209184425047120426e-01
1.695966720581054688e-01,2.198214637687352646e-01
2.001868933439254483e-01,2.186411410604284233e-01
1.837853938341140747e-01,2.193336473637048367e-01
1.837853938341140747e-01,2.196545888950442171e-01
1.719795018434524536e-01,2.192778392032126433e-01
1.719795018434524536e-01,2.190167544671756950e-01
1.722060889005661011e-01,2.187478399013441377e-01
2.091183662414551059e-01,2.187528694579740085e-01
2.091183662414551059e-01,2.195987518052331389e-01
1.962699592113494873e-01,2.204227438212661150e-01
1.962699592113494873e-01,2.201368104666485970e-01
2.345576137304306030e-01,2.198407634666236232e-01
2.212668955326080600e-01,2.207279946907006185e-01
2.212668955326080600e-01,2.212863592131252000e-01
2.321032136678695679e-01,2.209755080553861550e-01
2.321032136678695679e-01,2.212231965792393340e-01
2.424474954605102262e-01,2.214706148230046190e-01
2.362180352210998258e-01,2.217086405945351557e-01
2.362180352210998258e-01,2.218049216187263917e-01
2.033241987228393277e-01,2.216591274308331860e-01
2.033241987228393277e-01,2.209366707821200648e-01
1.746149510145187655e-01,2.201599579799325135e-01
1.879347711801528931e-01,2.195285996952078822e-01
1.879347711801528931e-01,2.191644819893097951e-01
1.927646994590759555e-01,2.194646521791228655e-01
1.927646994590759555e-01,2.195728198355769434e-01
1.995158940553664884e-01,2.196824568921287857e-01
1.902115345001220981e-01,2.198341502958981175e-01
1.902115345001220981e-01,2.197804634106158839e-01
1.989603042602539062e-01,2.195672751727921757e-01
2.005373090505599976e-01,2.197639513775275222e-01
1.870438009500503540e-01,2.199977773250724744e-01
1.557538956403732577e-01,2.197342456310405201e-01
1.557538956403732577e-01,2.187400369923939991e-01
1.348650753498077393e-01,2.180230934098459639e-01
1.348650753498077393e-01,2.175677324272969060e-01
1.567980051040649414e-01,2.170962648634212622e-01
1.943633109331130981e-01,2.175828581510743376e-01
1.943633109331130981e-01,2.189189529701940640e-01
2.161478996276855746e-01,2.197546295089199686e-01
2.161478996276855746e-01,2.202506187122837411e-01
2.312179952859878540e-01,2.207422958298166094e-01
1.992108970880508423e-01,2.210874603496447710e-01
1.992108970880508423e-01,2.207261663366303084e-01
3.674222230911255438e-01,2.199737381722067231e-01
3.674222230911255438e-01,2.245462768981633939e-01
4.058226048946381170e-01,2.292162283326182048e-01
4.052526056766510010e-01,2.304108899810077826e-01
4.052526056766510010e-01,2.315913593883977550e-01
3.688966929912567139e-01,2.315733369328428770e-01
3.688966929912567139e-01,2.304550351257136642e-01
2.675450444221497137e-01,2.293074566053325269e-01
2.104666233062744141e-01,2.263708524833902280e-01
2.104666233062744141e-01,2.218926260029234210e-01
2.505743205547332764e-01,2.204839707886215583e-01
2.505743205547332764e-01,2.214292584656404883e-01
2.567990124225616455e-01,2.223190375761908422e-01
2.333147972822189053e-01,2.224638502788614525e-01
2.333147972822189053e-01,2.220943403154255202e-01
1.871584951877593994e-01,2.215260920739109407e-01
1.871584951877593994e-01,2.205200319607683035e-01
1.702336072921752930e-01,2.194296814980976063e-01
1.787967979907989502e-01,2.190562188522207077e-01
1.787967979907989502e-01,2.188606310672488175e-01
2.178041040897369107e-01,2.190536123180478190e-01
2.178041040897369107e-01,2.199470165516903553e-01
2.256611436605453214e-01,2.208177023948293405e-01
2.151906937360763827e-01,2.209963292395043799e-01
2.151906937360763827e-01,2.209418305630965473e-01
2.004701942205429077e-01,2.206987350283038107e-01
2.004701942205429077e-01,2.203711806659053585e-01
1.993511021137237549e-01,2.200307204897994362e-01
2.054219990968704224e-01,2.200056562732393139e-01
2.054219990968704224e-01,2.201167720032961017e-01
2.202302068471908569e-01,2.202550372034054738e-01
2.202302068471908569e-01,2.205919995790981969e-01
2.543391883373260498e-01,2.209282436011015538e-01
2.307367920875549039e-01,2.217355052505654567e-01
2.307367920875549039e-01,2.219763507058409580e-01
2.086869627237319946e-01,2.214080768176945047e-01
2.086869627237319946e-01,2.209195853097302431e-01
1.803357303142547607e-01,2.204031592361653247e-01
1.733369380235671997e-01,2.197789261394927085e-01
1.733369380235671997e-01,2.189676608244133238e-01
1.888285428285598755e-01,2.188086643988763069e-01
1.888285428285598755e-01,2.191562018757678698e-01
1.801446974277496338e-01,2.195049280703951500e-01
1.690454930067062378e-01,2.193121995984946282e-01
1.690454930067062378e-01,2.188688703493521515e-01
1.937783956527709961e-01,2.186164732850920389e-01
1.937783956527709961e-01,2.191738841703820828e-01
1.963465064764022827e-01,2.197282174773475261e-01
1.779485940933227817e-01,2.197857604031965839e-01
1.779485940933227817e-01,2.194376202995058367e-01
1.642222702503204623e-01,2.190155273954779991e-01
1.642222702503204623e-01,2.187128815116714808e-01
2.063633054494857511e-01,2.184008207789649436e-01
2.183381021022796631e-01,2.193603366815253808e-01
2.183381021022796631e-01,2.205695938597674877e-01
1.926020979881286621e-01,2.208420247937980807e-01
1.926020979881286621e-01,2.202736557149852503e-01
1.817457973957061768e-01,2.196751182420383919e-01
1.791574060916900912e-01,2.194342470847534532e-01
1.791574060916900912e-01,2.191285698085861933e-01
1.796555072069168091e-01,2.190698073879199792e-01
1.796555072069168091e-01,2.190808937705379378e-01
1.755983978509902954e-01,2.190921807895425122e-01
1.700639575719833374e-01,2.190021331936071181e-01
1.700639575719833374e-01,2.187875082642697366e-01
1.699959039688110629e-01,2.186620580520843016e-01
1.699959039688110629e-01,2.186605487664921854e-01
1.770231574773788452e-01,2.186590115656985578e-01
1.734361052513122836e-01,2.188155642478526730e-01
1.734361052513122836e-01,2.188944201096368058e-01
1.864347159862518588e-01,2.188131090857354522e-01
1.864347159862518588e-01,2.191042315972927812e-01
1.702874004840850830e-01,2.193970845691702864e-01
1.785273402929306030e-01,2.190406810966225304e-01
1.785273402929306030e-01,2.188557951143367541e-01
1.290820986032485962e-01,2.190415122261849257e-01
1.290820986032485962e-01,2.179733051209221117e-01
1.158849000930786133e-01,2.168409048613492707e-01
1.127520129084587236e-01,2.165546249160110182e-01
1.127520129084587236e-01,2.161921008104840392e-01
1.570463031530380249e-01,2.161226737784343044e-01
1.570463031530380249e-01,2.171099885457307144e-01
1.757429093122482577e-01,2.180806661478379427e-01
1.788239777088165561e-01,2.184982136873342140e-01
1.788239777088165561e-01,2.189851540295429666e-01
2.061250060796737393e-01,2.190548328979583792e-01
2.061250060796737393e-01,2.196741903805286555e-01
2.961472272872924805e-01,2.202869158852363562e-01
2.668476104736328125e-01,2.225651329431766190e-01
2.668476104736328125e-01,2.240316666196675854e-01
2.756402194499968927e-01,2.231141770736833063e-01
2.756402194499968927e-01,2.233808967491056618e-01
2.648843526840210516e-01,2.236382100116680871e-01
3.272587060928344727e-01,2.233336707608057636e-01
3.272587060928344727e-01,2.249375185122418908e-01
2.934317588806152344e-01,2.267510478085109915e-01
2.934317588806152344e-01,2.257534658187488885e-01
2.612319886684417725e-01,2.247041467514055146e-01
2.073775231838226596e-01,2.237982132293789561e-01
2.073775231838226596e-01,2.216586562757790757e-01
1.807138323783874234e-01,2.203437327780237709e-01
1.807138323783874234e-01,2.197561562801506607e-01
1.843436211347579956e-01,2.191397313191288942e-01
2.054681032896041870e-01,2.192207355401035729e-01
2.054681032896041870e-01,2.197811784853923034e-01
1.878930032253265381e-01,2.202571276049176408e-01
1.878930032253265381e-01,2.198676417512664405e-01
2.013643831014632624e-01,2.194627703135169361e-01
1.992990970611572821e-01,2.197664152413519867e-01
1.992990970611572821e-01,2.200249614398334386e-01
2.207290083169937134e-01,2.199777283172783537e-01
2.207290083169937134e-01,2.204668422036977771e-01
2.184396982192992609e-01,2.209509826276258582e-01
2.160932719707489014e-01,2.208994273963487687e-01
2.160932719707489014e-01,2.207938500780142477e-01
1.800702065229415616e-01,2.207398094139677025e-01
1.800702065229415616e-01,2.199496902068187598e-01
1.806241124868392944e-01,2.191108110622368710e-01
1.736052930355072021e-01,2.191231439453545371e-01
1.736052930355072021e-01,2.189801627985866472e-01
1.964215040206908625e-01,2.188206924685875687e-01
1.964215040206908625e-01,2.193352690371282443e-01
2.613951861858367920e-01,2.198476121318318766e-01
2.367069572210311890e-01,2.214033600230947141e-01
2.367069572210311890e-01,2.222861646357433552e-01
1.817331761121749878e-01,2.216815450909921381e-01
1.817331761121749878e-01,2.204895885152402257e-01
1.872550845146179199e-01,2.191855475529438935e-01
1.708921939134597501e-01,2.193089840033269344e-01
1.708921939134597501e-01,2.190728337270161086e-01
1.886087059974670410e-01,2.186991408484089960e-01
1.886087059974670410e-01,2.190967953560522263e-01
1.907265037298202515e-01,2.194950203951482326e-01
1.932464987039565762e-01,2.195423686677558661e-01
1.932464987039565762e-01,2.196468985659631723e-01
1.732929944992065707e-01,2.197042043374673181e-01
1.732929944992065707e-01,2.192640129076564581e-01
2.095063477754592896e-01,2.188066948956715052e-01
4.538556933403015692e-01,2.196315774345168059e-01
4.538556933403015692e-01,2.275183681750466147e-01
4.529328942298889160e-01,2.346525648721911605e-01
4.529328942298889160e-01,2.346232835514409920e-01
4.376089870929718018e-01,2.345935618907240006e-01
4.101786911487578791e-01,2.341093501003606858e-01
4.115216732025146484e-01,2.327584923502450664e-01
2.999480962753295898e-01,2.319247351147954717e-01
2.999480962753295898e-01,2.286386634938496476e-01
2.755359113216400146e-01,2.250963884487963140e-01
2.636764347553253174e-01,2.243886863091100192e-01
2.636764347553253174e-01,2.232985131597935435e-01
3.030085861682891846e-01,2.229271173867736766e-01
3.030085861682891846e-01,2.241452643772972320e-01
2.883977890014648438e-01,2.252809498669409993e-01
2.769187986850738525e-01,2.248500495793073484e-01
2.769187986850738525e-01,2.240665974411623074e-01
2.645944654941558838e-01,2.237145686580928605e-01
2.645944654941558838e-01,2.233661153600712268e-01
3.595731556415557861e-01,2.229803919274520596e-01
3.489974141120910645e-01,2.259495425958268633e-01
3.489974141120910645e-01,2.284092798108965927e-01
3.149650990962982178e-01,2.280806069401825065e-01
3.149650990962982178e-01,2.270621280679805121e-01
2.530409693717956543e-01,2.260040675305149682e-01
2.099061757326126376e-01,2.242693446629582255e-01
2.099061757326126376e-01,2.214986918617364298e-01
2.237384021282196045e-01,2.204585161626190781e-01
2.237384021282196045e-01,2.207737199625870450e-01
2.169338017702102661e-01,2.210882597202738498e-01
2.123453021049499789e-01,2.209355741092808856e-01
2.123453021049499789e-01,2.206750723718759466e-01
2.144929021596908569e-01,2.205693348885846006e-01
2.144929021596908569e-01,2.206177678396594732e-01
2.123427987098693570e-01,2.206669892049378245e-01
2.086919993162154874e-01,2.206186539544308656e-01
2.086919993162154874e-01,2.204873108745155630e-01
2.024399936199187955e-01,2.204033878666422641e-01
2.024399936199187955e-01,2.202635642231769997e-01
1.932131946086883545e-01,2.201199044270447380e-01
1.812405437231064120e-01,2.199143759031472745e-01
1.812405437231064120e-01,2.194372109514295954e-01
1.841152161359786987e-01,2.191634032056258563e-01
1.841152161359786987e-01,2.192275353309016683e-01
2.009199708700180054e-01,2.192926782261165886e-01
1.946409046649933139e-01,2.196717933731532624e-01
1.946409046649933139e-01,2.199109719866829404e-01
1.966055035591125211e-01,2.197671662884009003e-01
1.966055035591125211e-01,2.198111804262865843e-01
1.737543940544128418e-01,2.198559280051161358e-01
1.790176033973693848e-01,2.193523040462810603e-01
1.790176033973693848e-01,2.189446588372803426e-01
2.000912129878997525e-01,2.190635285372143914e-01
2.000912129878997525e-01,2.195393779513802324e-01
1.695824414491653442e-01,2.200135691324687781e-01
1.927433013916015903e-01,2.193438137253219400e-01
1.927433013916015903e-01,2.191620342415523670e-01
2.038794755935668945e-01,2.196814911141204696e-01
2.038794755935668945e-01,2.199325681760215812e-01
2.095497995615005216e-01,2.201851179599089992e-01
2.050999999046325406e-01,2.203129782947612081e-01
2.050999999046325406e-01,2.203426455011479879e-01
1.882844567298888883e-01,2.202404384674299387e-01
1.882844567298888883e-01,2.198676217571558511e-01
2.005678713321685513e-01,2.194804084596642113e-01
1.948222815990447998e-01,2.197570700692312307e-01
1.948222815990447998e-01,2.199069014935512156e-01
1.851616054773330688e-01,2.197753583706226754e-01
1.851616054773330688e-01,2.195607015296208164e-01
1.811457574367523193e-01,2.193397679609946083e-01
1.909579336643218717e-01,2.192504692741066019e-01
1.909579336643218717e-01,2.193790937866971769e-01
2.015465050935744962e-01,2.196009367490504016e-01
2.015465050935744962e-01,2.198393833220825822e-01
1.874635964632034579e-01,2.200794433109082571e-01
2.141288071870804111e-01,2.197668930851729430e-01
2.141288071870804111e-01,2.200508242014644344e-01
2.041694968938827515e-01,2.206504279826224380e-01
2.041694968938827515e-01,2.204280385758635441e-01
2.533474564552307129e-01,2.201982610284255459e-01
2.678037881851196289e-01,2.213629613194871559e-01
2.678037881851196289e-01,2.228078471288717499e-01
3.017286956310272217e-01,2.231710627417393400e-01
3.017286956310272217e-01,2.242168909690494261e-01
3.658618927001953125e-01,2.252037402351623196e-01
3.397559225559234619e-01,2.271868631531152316e-01
3.397559225559234619e-01,2.283279817912913789e-01
2.932764291763305664e-01,2.275140295192883411e-01
2.932764291763305664e-01,2.261442606133347855e-01
2.594402134418487549e-01,2.246948088927042120e-01
1.747480928897857388e-01,2.237472546393667883e-01
1.747480928897857388e-01,2.209278478289847525e-01
1.857970058917999545e-01,2.188719274692709216e-01
1.857970058917999545e-01,2.191191845460495335e-01
2.116256058216094971e-01,2.193683709872697174e-01
2.045923024415969571e-01,2.199557628469862025e-01
2.045923024415969571e-01,2.203793006743525462e-01
2.080095559358596802e-01,2.202174240220427515e-01
2.080095559358596802e-01,2.202943533005711774e-01
2.008861005306243896e-01,2.203724128964103801e-01
2.219119668006896973e-01,2.202132392091988022e-01
2.219119668006896973e-01,2.205296959399319912e-01
2.171941995620727539e-01,2.210049269097553448e-01
2.171941995620727539e-01,2.208988994909431847e-01
2.135767042636871615e-01,2.207899283573325211e-01
2.023674994707107544e-01,2.207086478828914067e-01
2.023674994707107544e-01,2.203752995767467582e-01
1.955586671829223910e-01,2.201166210852335270e-01
1.955586671829223910e-01,2.199646872921133534e-01
1.969362944364548285e-01,2.198086235095847718e-01
1.962438523769378385e-01,2.198394839481957741e-01
1.962438523769378385e-01,2.198553845812837859e-01
2.066201269626617154e-01,2.198395836753404553e-01
2.080711275339126587e-01,2.200737373817744369e-01
2.266834974288940152e-01,2.203420076060867983e-01
2.307016998529434482e-01,2.208010401280838531e-01
2.307016998529434482e-01,2.213140637722307014e-01
2.064162045717239380e-01,2.214064711324839896e-01
2.064162045717239380e-01,2.208693806828180284e-01
2.136748582124710083e-01,2.203001229914618442e-01
2.115589976310729703e-01,2.204642003072193046e-01
2.115589976310729703e-01,2.205822279336205061e-01
2.210098206996917447e-01,2.205335994585756743e-01
2.210098206996917447e-01,2.207481752050383939e-01
2.002004534006119052e-01,2.209637859146155181e-01
2.026610970497131625e-01,2.205024816500394669e-01
2.026610970497131625e-01,2.200737729136298393e-01
1.840810924768447876e-01,2.201299189807743029e-01
1.840810924768447876e-01,2.197187064646349275e-01
1.918098330497741699e-01,2.192911428880732483e-01
1.945068985223769864e-01,2.194643349697228407e-01
1.945068985223769864e-01,2.196997619643688560e-01
1.860962957143784124e-01,2.197611141023091963e-01
1.860962957143784124e-01,2.195740910321420658e-01
3.239021003246307373e-01,2.193818460115210811e-01
2.998737990856171209e-01,2.229285031180602006e-01
2.998737990856171209e-01,2.258338354469297538e-01
2.647733092308044434e-01,2.250919106917124990e-01
2.647733092308044434e-01,2.240943154678378957e-01
2.435151785612106601e-01,2.229909756937121512e-01
1.468971520662307462e-01,2.225217709133101573e-01
1.468971520662307462e-01,2.199384566482182890e-01
1.675205081701278687e-01,2.176292726221698282e-01
1.675205081701278687e-01,2.180885600446882955e-01
1.691907048225402832e-01,2.185482487632500470e-01
1.851512044668197354e-01,2.185852971102467679e-01
1.851512044668197354e-01,2.189805308188212951e-01
1.919896006584167758e-01,2.193392998061646226e-01
1.919896006584167758e-01,2.194925063301390034e-01
1.983390152454376221e-01,2.196474784186254470e-01
2.193651050329208652e-01,2.197900570475351811e-01
2.193651050329208652e-01,2.204137490813235234e-01
2.147694528102874756e-01,2.208888156226772037e-01
2.147694528102874756e-01,2.207855884585277484e-01
2.910268306732177734e-01,2.206795698399971195e-01
2.744570672512054443e-01,2.226095781310960808e-01
2.744570672512054443e-01,2.240788711567862912e-01
2.695364058017731268e-01,2.235675844052830152e-01
2.695364058017731268e-01,2.234248019975237365e-01
2.071107774972916205e-01,2.232742144486407065e-01
1.958816945552826205e-01,2.218756347283332153e-01
1.958816945552826205e-01,2.200815565239123139e-01
1.965135931968688965e-01,2.198232185832238172e-01
1.965135931968688965e-01,2.198373675463544952e-01
1.876440942287445068e-01,2.198517740402996523e-01
2.025545984506607056e-01,2.196544910553148988e-01
2.025545984506607056e-01,2.197879778071873680e-01
1.871117651462554932e-01,2.201250951841751125e-01
1.871117651462554932e-01,2.197825968836941424e-01
1.973968744277954102e-01,2.194275766550536078e-01
2.005362063646316528e-01,2.196587656106476771e-01
2.005362063646316528e-01,2.199621669370990518e-01
2.371928393840789517e-01,2.200337082068031525e-01
2.371928393840789517e-01,2.208846860893582398e-01
2.252300232648849210e-01,2.217038272978327229e-01
2.096156179904937467e-01,2.214364797159343035e-01
2.096156179904937467e-01,2.208086626183594636e-01
1.828726381063461304e-01,2.204453215226866436e-01
1.828726381063461304e-01,2.198558007012460513e-01
2.188799381256103516e-01,2.192367826334023773e-01
2.092117965221405029e-01,2.200614204246410521e-01
2.092117965221405029e-01,2.206505448137347225e-01
2.991323173046112061e-01,2.204269857116351317e-01
2.991323173046112061e-01,2.227198126356263463e-01
3.725849986076354980e-01,2.250472299373321161e-01
3.703671991825104315e-01,2.273245297211479721e-01
7.407343983650208630e-01,2.294677252966828285e-01
3.411498963832855225e-01,2.416035488371059414e-01
3.411498963832855225e-01,2.409110162030552726e-01
2.537753880023956299e-01,2.275993622707139785e-01
2.660570144653320312e-01,2.251200950171332316e-01
2.660570144653320312e-01,2.227690629867995487e-01
2.583504617214202881e-01,2.230671724213488250e-01
2.583504617214202881e-01,2.228776220093840188e-01
2.349327653646469116e-01,2.226779440158131174e-01
1.964800357818603238e-01,2.221689016703639052e-01
1.964800357818603238e-01,2.207584794241184145e-01
2.010751813650131226e-01,2.198502574194708958e-01
2.010751813650131226e-01,2.199534831360607512e-01
2.233009040355682373e-01,2.200581049353629304e-01
2.107799947261810303e-01,2.205663159504628879e-01
2.107799947261810303e-01,2.207888132438572681e-01
2.084790617227554876e-01,2.204982058562587888e-01
2.084790617227554876e-01,2.204465468710680720e-01
2.135446965694427490e-01,2.203937221652723932e-01
2.063921540975570679e-01,2.205080978482072407e-01
2.063921540975570679e-01,2.204638057750302471e-01
1.915937960147857388e-01,2.202990321463074996e-01
1.915937960147857388e-01,2.199703773061392198e-01
1.907173544168472568e-01,2.196296204088635795e-01
2.065229862928390780e-01,2.196100466786562455e-01
2.065229862928390780e-01,2.199474582402179690e-01
2.108760029077530185e-01,2.203049663500368238e-01
2.108760029077530185e-01,2.204031133460796765e-01
1.930121034383773526e-01,2.205025674021840187e-01
1.988846510648727417e-01,2.201063119655011224e-01
1.988846510648727417e-01,2.198254988323521397e-01
2.141418009996414462e-01,2.199589799847193883e-01
2.141418009996414462e-01,2.203051431410447958e-01
2.070428282022475919e-01,2.206510189817018630e-01
3.285667896270751953e-01,2.204921283278550026e-01
3.285667896270751953e-01,2.235433248669426998e-01
4.495427012443543036e-01,2.268307373023008278e-01
4.495427012443543036e-01,2.306391920627793857e-01
4.017376005649567206e-01,2.343769762284577396e-01
3.919491171836853027e-01,2.328828031859438152e-01
3.933891355991364081e-01,2.310493582853489769e-01
3.275258541107177734e-01,2.307851612410442288e-01
3.275258541107177734e-01,2.288423615439149628e-01
2.748836874961853027e-01,2.267673194205654108e-01
2.869270443916320801e-01,2.252435584894992016e-01
2.869270443916320801e-01,2.239566453922975375e-01
2.935220301151276190e-01,2.243135842574890959e-01
2.935220301151276190e-01,2.245112306043347827e-01
3.149933218955993652e-01,2.247095737871607490e-01
3.063029944896697998e-01,2.253612100797423023e-01
3.063029944896697998e-01,2.257460663831725167e-01
2.829472124576569159e-01,2.254798605518497645e-01
2.829472124576569159e-01,2.247964437048831365e-01
2.236190885305404663e-01,2.240751052384017394e-01
2.047974467277526855e-01,2.226032380417763690e-01
2.047974467277526855e-01,2.206648440625452734e-01
1.970064640045166016e-01,2.202267229152483352e-01
1.970064640045166016e-01,2.200528786388896985e-01
2.168944925069808682e-01,2.198740513534960805e-01
2.222929000854491910e-01,2.203267344611328227e-01
2.222929000854491910e-01,2.208986378326602829e-01
2.163385450839996615e-01,2.210223028123321776e-01
2.163385450839996615e-01,2.208886298607159737e-01
2.129120975732803622e-01,2.207509735743938550e-01
2.239284068346024115e-01,2.206739913050340118e-01
2.239284068346024115e-01,2.208457946094313507e-01
2.111652940511703491e-01,2.210969320164045959e-01
2.111652940511703491e-01,2.208120806411620618e-01
2.037166059017181119e-01,2.205157104931861900e-01
1.949672847986221313e-01,2.203491695621614677e-01
1.949672847986221313e-01,2.199827076296817785e-01
2.212041467428207397e-01,2.197819079795772790e-01
2.212041467428207397e-01,2.203819329846500863e-01
2.242754995822906772e-01,2.209726467253732840e-01
2.110134959220886508e-01,2.210422100492209774e-01
2.110134959220886508e-01,2.208169040215550993e-01
1.880159825086593350e-01,2.205088138213390503e-01
1.880159825086593350e-01,2.200004831112571113e-01
1.926469951868057251e-01,2.194683112568103500e-01
1.927028000354766846e-01,2.195720124056767808e-01
1.927028000354766846e-01,2.196783921232489389e-01
2.360453009605407992e-01,2.196796631507831332e-01
2.360453009605407992e-01,2.206865002021409783e-01
2.494726628065108975e-01,2.216512083051216109e-01
2.352280020713806430e-01,2.219632782507686142e-01
2.352280020713806430e-01,2.219521724047658628e-01
1.843072175979614535e-01,2.216137453578727878e-01
1.843072175979614535e-01,2.205070521353211244e-01
1.996876001358031949e-01,2.193013173686549633e-01
1.958325058221817294e-01,2.196479525064372329e-01
1.958325058221817294e-01,2.199091641196736779e-01
1.888218969106674472e-01,2.198209960204714208e-01
1.888218969106674472e-01,2.196648895735863471e-01
1.885980367660522461e-01,2.195046285385803264e-01
1.783643960952758512e-01,2.194996315238380014e-01
1.783643960952758512e-01,2.192676624759021253e-01
1.893583983182907104e-01,2.190341957299003772e-01
1.893583983182907104e-01,2.192805694795303961e-01
1.769174039363861084e-01,2.195288109889838579e-01
1.822073012590408603e-01,2.192533304880381617e-01
1.822073012590408603e-01,2.190872603166213461e-01
1.726381331682205200e-01,2.192068636911058133e-01
1.726381331682205200e-01,2.189950478081922891e-01
1.796488463878631314e-01,2.187773483820405207e-01
1.893453001976012628e-01,2.189336861169773329e-01
1.893453001976012628e-01,2.193090914838216332e-01
2.041255980730056763e-01,2.195282205440840240e-01
2.041255980730056763e-01,2.198619249330533154e-01
2.021193057298660556e-01,2.201962715510793756e-01
1.950753927230834961e-01,2.201513132122492056e-01
1.950753927230834961e-01,2.199482401283082422e-01
1.913484036922454834e-01,2.197867912988758776e-01
1.913484036922454834e-01,2.197036282426067799e-01
1.940153539180755893e-01,2.196185500175334704e-01
2.548274099826812744e-01,2.196782589223856552e-01
2.548274099826812744e-01,2.211825605498603520e-01
2.428829520940780917e-01,2.225152043438166638e-01
2.428829520940780917e-01,2.222509712667981030e-01
2.269057929515838345e-01,2.219650635969838970e-01
2.461629658937454501e-01,2.216099272603434533e-01
2.461629658937454501e-01,2.216807118940007371e-01
2.363652586936950961e-01,2.221158959027613178e-01
2.363652586936950961e-01,2.218967981448100590e-01
2.234285175800323764e-01,2.216658773866430343e-01
2.153740972280502597e-01,2.213770393344794973e-01
2.153740972280502597e-01,2.208936109879875986e-01
2.169086933135986606e-01,2.207070802425255274e-01
2.169086933135986606e-01,2.207417069433965373e-01
1.956495195627212524e-01,2.207769289774011989e-01
1.911730021238327304e-01,2.203060321260287557e-01
1.911730021238327304e-01,2.197128754818365726e-01
1.911281347274780273e-01,2.196106377210768068e-01
1.911281347274780273e-01,2.196096352404325325e-01
1.682610064744949341e-01,2.196086138506116447e-01
1.873182952404022494e-01,2.191053356680189579e-01
1.873182952404022494e-01,2.190090389296269757e-01
1.789516657590866089e-01,2.194368795773590508e-01
1.789516657590866089e-01,2.192512399417632651e-01
1.870546638965606689e-01,2.190605672405803173e-01
2.044772058725357056e-01,2.192418318946861289e-01
2.044772058725357056e-01,2.198187753023906621e-01
1.983377933502197266e-01,2.202122071625084443e-01
1.983377933502197266e-01,2.200750568292035858e-01
2.032073587179183960e-01,2.199342460159541546e-01
2.265556752681731900e-01,2.200437381533201509e-01
2.265556752681731900e-01,2.206898792768794415e-01
2.234009951353073398e-01,2.212169081906446289e-01
2.234009951353073398e-01,2.211458141076687034e-01
2.426621168851852417e-01,2.210728610759441493e-01
2.588768005371093750e-01,2.215191150524500885e-01
2.588768005371093750e-01,2.223394965623093633e-01
2.521358132362365723e-01,2.227022783954503427e-01
2.521358132362365723e-01,2.225532533239411304e-01
2.280115038156509122e-01,2.223910227217087421e-01
1.778044104576111117e-01,2.218621438783750788e-01
1.778044104576111117e-01,2.201909724880507235e-01
1.634968966245651245e-01,2.190090546105732394e-01
1.634968966245651245e-01,2.186937203243662087e-01
1.860933601856231967e-01,2.183684207674890798e-01
1.859123855829238892e-01,2.188756963869228078e-01
1.859123855829238892e-01,2.193776778414887330e-01
1.739067137241363525e-01,2.193735655930207085e-01
1.739067137241363525e-01,2.191079240642602732e-01
1.785075962543487549e-01,2.188342039769714531e-01
1.885641068220138550e-01,2.189366892018024258e-01
1.885641068220138550e-01,2.192658559510874405e-01
2.542034089565277100e-01,2.194930104812677918e-01
5.084068179130554199e-01,2.210500829941250134e-01
2.529518902301788330e-01,2.304544831533119897e-01
2.264477610588073453e-01,2.305362825675818794e-01
2.264477610588073453e-01,2.218491557631386280e-01
2.110380530357360562e-01,2.212119779666648633e-01
2.110380530357360562e-01,2.208687479523524233e-01
2.390624135732651034e-01,2.205099295035269358e-01
2.233908027410507202e-01,2.211597551338852774e-01
2.233908027410507202e-01,2.214407904456107690e-01
2.384739071130753119e-01,2.210723959426979801e-01
2.384739071130753119e-01,2.214196462869598703e-01
2.096938937902450562e-01,2.217625949194886315e-01
2.205873429775238037e-01,2.211290023926671955e-01
2.205873429775238037e-01,2.206963399750182520e-01
1.979559957981109619e-01,2.209445240671412680e-01
1.979559957981109619e-01,2.204435193015750194e-01
2.239636480808257779e-01,2.199169804855277688e-01
1.824693381786346436e-01,2.205127431750359968e-01
1.824693381786346436e-01,2.201910771540681044e-01
1.944653987884521484e-01,2.192186461409623421e-01
1.944653987884521484e-01,2.194881177872793354e-01
1.623506993055343628e-01,2.197592398884468112e-01
1.634901016950607300e-01,2.190557762992934865e-01
1.634901016950607300e-01,2.183424606372188215e-01
1.519308984279632568e-01,2.183681173007294696e-01
1.519308984279632568e-01,2.181141112547980987e-01
1.773174256086349487e-01,2.178529474283111833e-01
2.009179741144180575e-01,2.184211315131513731e-01
2.009179741144180575e-01,2.195206901604508654e-01
1.831925064325332642e-01,2.200509884522106885e-01
1.831925064325332642e-01,2.196586272718648869e-01
1.519723981618881226e-01,2.192511690607449049e-01
1.608350872993469238e-01,2.185688882811829825e-01
1.608350872993469238e-01,2.180511404593123981e-01
1.576898992061614990e-01,2.182495991089677401e-01
1.576898992061614990e-01,2.181802012181126571e-01
1.789468824863433838e-01,2.181093463409314870e-01
1.863833963871002197e-01,2.185849761354072274e-01
1.863833963871002197e-01,2.192266311890334607e-01
1.762941032648086548e-01,2.193947736050296804e-01
1.762941032648086548e-01,2.191712274623934253e-01
1.410365849733352661e-01,2.189412731200360285e-01
1.918971985578536987e-01,2.181740186825993910e-01
1.918971985578536987e-01,2.185209088180749826e-01
2.020718008279800415e-01,2.196433091703893503e-01
2.020718008279800415e-01,2.198724499482972439e-01
2.467120736837387085e-01,2.201032294487812180e-01
2.503778040409088135e-01,2.211513291904721179e-01
2.503778040409088135e-01,2.222252971337352612e-01
2.420776039361953735e-01,2.223099810600941695e-01
2.420776039361953735e-01,2.221243951773758385e-01
2.059547007083892822e-01,2.219280568923871488e-01
1.608465462923049927e-01,2.211376967957767725e-01
1.608465462923049927e-01,2.192962795342932592e-01
1.329861283302307129e-01,2.182501103879660176e-01
1.329861283302307129e-01,2.176441732838990395e-01
1.673102676868438721e-01,2.170132375995918184e-01
1.795337647199630737e-01,2.177797927455344118e-01
1.795337647199630737e-01,2.188118019634252565e-01
1.848126053810119906e-01,2.190867120642610300e-01
1.848126053810119906e-01,2.192045979674050460e-01
2.060592025518417636e-01,2.193240602452325716e-01
1.993591934442519864e-01,2.198052042631539471e-01
1.993591934442519864e-01,2.201342532328706414e-01
2.019896209239959994e-01,2.199804471355150115e-01
2.019896209239959994e-01,2.200395099484438732e-01
1.895201951265335083e-01,2.200995079286651723e-01
2.597720026969909668e-01,2.198224243432609082e-01
2.597720026969909668e-01,2.212137852933545312e-01
2.444770485162734985e-01,2.227436819963122816e-01
2.444770485162734985e-01,2.224104380667108749e-01
2.407727241516113281e-01,2.220383461041006701e-01
2.282528877258301336e-01,2.219547031376500890e-01
2.282528877258301336e-01,2.215886322900726402e-01
1.719890981912612915e-01,2.212944731811046228e-01
1.719890981912612915e-01,2.200741590658504554e-01
2.107089906930923462e-01,2.187482697936775078e-01
2.091155946254730780e-01,2.196313463738860383e-01
2.091155946254730780e-01,2.204591856156178364e-01
1.978048980236053467e-01,2.204226179874663183e-01
1.978048980236053467e-01,2.201706168064268276e-01
2.423519939184189120e-01,2.199101482449894174e-01
2.733131051063537598e-01,2.209512523933069295e-01
2.733131051063537598e-01,2.227180676838467765e-01
2.591018974781036377e-01,2.234993294205852854e-01
2.591018974781036377e-01,2.231138270332338192e-01
2.398502230644226352e-01,2.227126873277359143e-01
2.027270048856735229e-01,2.222937393973455633e-01
2.027270048856735229e-01,2.210134130100020189e-01
1.646265089511871338e-01,2.201329043334192825e-01
1.646265089511871338e-01,2.192998159774073308e-01
1.514579057693481445e-01,2.184188804397663997e-01
1.715828478336334229e-01,2.181296746169073819e-01
1.715828478336334229e-01,2.182807648093789965e-01
2.222049087285995206e-01,2.187300720952546629e-01
2.222049087285995206e-01,2.198955595420225562e-01
2.350890487432479858e-01,2.210182889597305245e-01
2.281305044889450073e-01,2.213137479707845690e-01
2.281305044889450073e-01,2.214509940358003193e-01
2.251530140638351440e-01,2.212888785053138685e-01
2.251530140638351440e-01,2.212217380708402514e-01
2.360830008983612061e-01,2.211528404634219014e-01
2.331852018833160400e-01,2.214033093794650631e-01
2.331852018833160400e-01,2.215874732185405260e-01
1.995675563812256414e-01,2.215201568650365105e-01
1.995675563812256414e-01,2.207817735299681672e-01
2.020958065986633301e-01,2.199898741314805783e-01
1.845946013927459994e-01,2.200466424525678866e-01
1.845946013927459994e-01,2.197167516141960153e-01
1.881015300750732422e-01,2.193142493740542764e-01
1.881015300750732422e-01,2.193926168376117980e-01
2.119678109884262085e-01,2.194721658248906804e-01
2.234034091234207153e-01,2.200147028407635763e-01
2.234034091234207153e-01,2.208124010697466999e-01
2.446219176054001132e-01,2.210729712393320612e-01
2.446219176054001132e-01,2.215661239820126416e-01
2.418016940355300903e-01,2.220450080103220092e-01
2.144879996776580811e-01,2.219812307335524704e-01
2.144879996776580811e-01,2.213140455193595146e-01
2.017266303300857544e-01,2.206667661962167792e-01
2.017266303300857544e-01,2.203824155329638934e-01
1.734066754579544067e-01,2.200875991303689883e-01
1.667926013469696045e-01,2.194648520163006433e-01
1.667926013469696045e-01,2.186655338896143219e-01
1.653245985507965088e-01,2.185156969908887969e-01
1.653245985507965088e-01,2.184832054273045110e-01
1.766120344400405884e-01,2.184500742937142692e-01
2.292105853557586670e-01,2.187017801505360681e-01
2.292105853557586670e-01,2.201729089405482231e-01
2.151339054107666016e-01,2.213382622880412653e-01
2.151339054107666016e-01,2.210243025716692178e-01
2.032367140054703036e-01,2.206961511614069782e-01
2.899451851844788153e-01,2.204308409284677639e-01
2.899451851844788153e-01,2.223249886084616711e-01
3.044671118259429932e-01,2.244946808562286733e-01
3.044671118259429932e-01,2.249331915345761379e-01
2.927406132221221924e-01,2.253689820393548759e-01
2.604539990425110418e-01,2.250216404516048319e-01
2.604539990425110418e-01,2.237563613381184924e-01
2.598164081573486328e-01,2.227752404946713172e-01
2.598164081573486328e-01,2.227609112934261781e-01
2.464921027421951572e-01,2.227457363416448510e-01
2.179778963327408114e-01,2.224549530791599117e-01
2.179778963327408114e-01,2.215052357976468878e-01
2.073534131050110141e-01,2.208256177232287287e-01
2.073534131050110141e-01,2.205883059782232369e-01
2.050486057996749878e-01,2.203426388503395283e-01
2.097736448049545011e-01,2.202909494957619174e-01
2.097736448049545011e-01,2.203446163573171690e-01
2.061820030212402621e-01,2.204524975734032388e-01
2.061820030212402621e-01,2.203719730075556493e-01
1.972219944000243863e-01,2.202895008329683602e-01
1.988296955823898593e-01,2.200896704296304573e-01
1.988296955823898593e-01,2.199198365044773840e-01
2.057753950357436856e-01,2.199564941686727171e-01
2.057753950357436856e-01,2.201129611580109335e-01
2.033157944679260809e-01,2.202710613496570435e-01
1.759992837905883789e-01,2.202159353636870820e-01
1.759992837905883789e-01,2.195583272291004029e-01
2.031327337026596069e-01,2.189280461361173269e-01
2.031327337026596069e-01,2.195426502614285236e-01
2.274394929409027100e-01,2.201512837347334439e-01
2.340615987777710238e-01,2.207090040261705244e-01
2.340615987777710238e-01,2.214083511938398918e-01
2.466137260198592862e-01,2.215602994979067875e-01
2.466137260198592862e-01,2.218508293412821963e-01
2.308412343263626099e-01,2.221366382835871789e-01
2.145392149686813354e-01,2.217865668846313310e-01
2.145392149686813354e-01,2.210499679560478659e-01
1.903560012578963956e-01,2.206690959450794409e-01
1.903560012578963956e-01,2.201346955223650037e-01
2.080181986093521118e-01,2.195737897184862897e-01
2.246207594871520996e-01,2.199736777249920450e-01
2.246207594871520996e-01,2.207518323460892218e-01
2.103735655546188354e-01,2.211285377775120409e-01
2.103735655546188354e-01,2.208109413717663227e-01
1.986407041549682617e-01,2.204797438992653069e-01
1.817755550146102905e-01,2.202183416191790810e-01
1.817755550146102905e-01,2.195746262919313629e-01
1.930263042449951172e-01,2.191874527130190098e-01
1.930263042449951172e-01,2.194399740467245508e-01
1.930966228246688565e-01,2.196942647356197043e-01
1.897509992122649869e-01,2.196958370245102876e-01
1.897509992122649869e-01,2.196228135662648961e-01
1.693823039531707764e-01,2.195465101798422802e-01
1.693823039531707764e-01,2.190976934347868277e-01
1.858561486005782803e-01,2.186315465287451965e-01
1.774827986955642423e-01,2.190007630166151409e-01
1.774827986955642423e-01,2.191853311211046929e-01
1.667204946279525757e-01,2.189946178185499248e-01
1.667204946279525757e-01,2.187569265239021343e-01
1.615741997957229614e-01,2.185124728646126724e-01
1.936000734567642489e-01,2.183988278691539053e-01
1.936000734567642489e-01,2.190055531049565074e-01
2.084788978099822998e-01,2.197201663903172453e-01
2.084788978099822998e-01,2.200567789806630037e-01
2.083924710750580112e-01,2.203937147252003070e-01
1.912561953067779541e-01,2.203917721385881545e-01
1.912561953067779541e-01,2.200096728355964149e-01
1.796658039093017578e-01,2.196143904708256767e-01
1.796658039093017578e-01,2.193574586777872759e-01
1.821167021989822388e-01,2.190926433328746481e-01
2.010916024446487427e-01,2.191472745041146142e-01
2.010916024446487427e-01,2.196311833493287680e-01
1.848223060369492132e-01,2.200588483107033810e-01
1.848223060369492132e-01,2.196983532845596110e-01
1.947717964649200439e-01,2.193244968234336623e-01
1.730353981256484985e-01,2.195478774632333707e-01
1.730353981256484985e-01,2.192939036517878304e-01
1.828583031892776767e-01,2.187951503200224745e-01
1.828583031892776767e-01,2.190146418812362605e-01
1.498861461877822876e-01,2.192361379436560398e-01
1.527018994092941284e-01,2.185163595929942026e-01
1.527018994092941284e-01,2.178241492072757468e-01
1.779081076383590698e-01,2.178872426912944749e-01
1.779081076383590698e-01,2.184515057654064785e-01
1.696159988641738892e-01,2.190137098174524954e-01
1.754582375288009644e-01,2.188302672482868028e-01
1.754582375288009644e-01,2.187720411518171981e-01
1.580465734004974365e-01,2.189037759170397446e-01
1.580465734004974365e-01,2.185210225893156610e-01
1.843986064195632935e-01,2.181252434647466543e-01
1.731242984533309937e-01,2.187169239204172777e-01
1.731242984533309937e-01,2.190559697020131036e-01
1.698645055294036865e-01,2.187991344032331753e-01
1.698645055294036865e-01,2.187269070000732452e-01
2.204860746860503873e-01,2.186531295967013289e-01
2.881226837635040283e-01,2.198172934665535982e-01
2.881226837635040283e-01,2.226532518339594813e-01
2.816658914089202881e-01,2.243853006791627358e-01
2.816658914089202881e-01,2.241950671912722182e-01
2.804358899593353271e-01,2.239984039279569183e-01
3.555045723915100098e-01,2.239620070156403686e-01
3.555045723915100098e-01,2.262548159520525459e-01
3.446882963180542547e-01,2.284807587403319129e-01
3.446882963180542547e-01,2.281518586288261707e-01
3.495651185512543280e-01,2.278161727515411183e-01
3.308182954788208008e-01,2.279649072729603709e-01
3.308182954788208008e-01,2.275492390496233475e-01
2.400473654270172119e-01,2.269679947926512564e-01
2.400473654270172119e-01,2.244466053079033629e-01
1.951503008604049405e-01,2.218348129342034292e-01
1.843069046735763550e-01,2.208569128004378435e-01
1.843069046735763550e-01,2.195494091784712387e-01
1.784625351428985596e-01,2.193013032880762880e-01
1.784625351428985596e-01,2.191715381022935616e-01
1.679867953062057495e-01,2.190386023034905649e-01
1.683609932661056519e-01,2.188071265320280789e-01
1.683609932661056519e-01,2.185774005960602617e-01
2.073428332805633267e-01,2.185858456146436146e-01
2.073428332805633267e-01,2.194733016641991774e-01
3.081569075584412176e-01,2.203421588232698514e-01
3.016481101512908936e-01,2.229415562455040745e-01
3.016481101512908936e-01,2.253977177041618374e-01
3.267253041267395020e-01,2.251988801729706557e-01
3.267253041267395020e-01,2.259621405348645473e-01
2.592641115188598633e-01,2.267185640434481453e-01
2.114182710647583008e-01,2.248022116874254239e-01
2.114182710647583008e-01,2.216922256726831797e-01
2.050412595272063931e-01,2.205272048824665210e-01
2.050412595272063931e-01,2.203844915340439081e-01
2.347255051136017123e-01,2.202377754905346929e-01
2.621370851993560791e-01,2.209239414925606715e-01
2.621370851993560791e-01,2.222493963645232606e-01
2.531891763210297186e-01,2.228532368042940581e-01
2.531891763210297186e-01,2.226592651724355887e-01
2.543610632419586182e-01,2.224396065453203009e-01
2.207816988229751587e-01,2.224663904474557807e-01
2.207816988229751587e-01,2.217638727515247321e-01
2.424586564302444458e-01,2.209533848860293914e-01
2.424586564302444458e-01,2.214561962348201851e-01
2.450377047061920166e-01,2.219455653605092449e-01
2.463154047727585394e-01,2.220044616136224724e-01
2.463154047727585394e-01,2.220932597954245469e-01
2.298433184623718539e-01,2.221229102180037884e-01
2.298433184623718539e-01,2.217575239483722815e-01
2.683678865432739258e-01,2.213672012494194985e-01
2.317014038562774658e-01,2.223078190332218040e-01
2.317014038562774658e-01,2.223665821086456829e-01
2.536134123802185059e-01,2.214522216986339886e-01
2.536134123802185059e-01,2.219679100811821071e-01
2.278259247541427890e-01,2.224591788154509919e-01
2.511056959629058838e-01,2.218954723546399943e-01
2.511056959629058838e-01,2.218210544674097118e-01
2.406570017337798795e-01,2.223435294359814574e-01
2.406570017337798795e-01,2.221108215997169566e-01
2.355776131153106967e-01,2.218628048565267907e-01
2.084955275058746338e-01,2.217483491305360377e-01
2.084955275058746338e-01,2.210324297687129846e-01
2.014831006526947021e-01,2.203944695565742962e-01
2.014831006526947021e-01,2.202377420475926662e-01
2.134985029697418490e-01,2.200765725722685362e-01
1.968656927347183228e-01,2.203487367807478725e-01
1.968656927347183228e-01,2.202523031780584395e-01
1.748276948928833008e-01,2.198676882161610946e-01
1.748276948928833008e-01,2.193817055441268649e-01
1.675257831811904907e-01,2.188754970412802314e-01
1.819289028644561490e-01,2.187140235336678673e-01
1.819289028644561490e-01,2.188706015596308674e-01
2.163158357143401822e-01,2.191943467683795110e-01
2.163158357143401822e-01,2.199803238181803067e-01
1.956270039081573209e-01,2.207499398645845490e-01
1.841740161180495938e-01,2.202915262691239051e-01
1.841740161180495938e-01,2.195574798802066019e-01
2.603065371513367254e-01,2.192953238790936177e-01
2.603065371513367254e-01,2.211137989683252814e-01
2.706716060638427734e-01,2.227684155139052768e-01
2.765875160694122314e-01,2.230530506445049244e-01
2.765875160694122314e-01,2.235192437212338568e-01
3.321622908115386963e-01,2.236947803159493875e-01
3.321622908115386963e-01,2.254119475069784329e-01
3.372164070606232245e-01,2.270499848354892436e-01
3.424106836318969727e-01,2.272034369979762936e-01
3.424106836318969727e-01,2.275166972320795955e-01
3.502804040908812366e-01,2.276765813802282268e-01
3.502804040908812366e-01,2.279167217256895250e-01
3.334882259368896484e-01,2.281594239335264229e-01
3.048415184020996094e-01,2.276515223659428266e-01
3.048415184020996094e-01,2.262786740341400371e-01
2.241699099540710449e-01,2.253915880475089728e-01
2.241699099540710449e-01,2.232644688116210696e-01
2.231916040182113370e-01,2.211079556889141429e-01
2.127934992313385010e-01,2.210858718003405332e-01
2.127934992313385010e-01,2.208307815003977270e-01
2.555466890335083008e-01,2.205897087809274848e-01
2.555466890335083008e-01,2.216048352360215912e-01
2.643494009971619207e-01,2.225484110942692328e-01
2.531680464744567871e-01,2.227620411439063530e-01
2.531680464744567871e-01,2.227177134458800112e-01
2.339650541543961126e-01,2.224386317943833347e-01
2.339650541543961126e-01,2.220163393416346997e-01
2.333215028047561368e-01,2.215558767283909436e-01
2.242033332586288452e-01,2.215413014126185742e-01
2.242033332586288452e-01,2.213219987286802470e-01
2.012783437967300415e-01,2.211094814076882409e-01
2.012783437967300415e-01,2.206019550978896016e-01
1.966407001018523892e-01,2.200673023223916058e-01
2.178835868835448664e-01,2.199636834837751520e-01
2.178835868835448664e-01,2.203415451175517459e-01
2.213913053274154663e-01,2.208213223591158625e-01
2.213913053274154663e-01,2.209007014547889614e-01
1.959984004497528076e-01,2.209811813042444617e-01
1.992403119802474976e-01,2.204201104524811938e-01
1.992403119802474976e-01,2.199012291321387758e-01
1.625297963619232178e-01,2.199750688805912346e-01
1.625297963619232178e-01,2.191722643767191336e-01
1.901159286499023160e-01,2.183252367925856696e-01
1.898488998413085660e-01,2.189463577667180583e-01
1.898488998413085660e-01,2.195570010004552208e-01
2.000212967395782748e-01,2.195509241153697222e-01
2.000212967395782748e-01,2.197798188501925987e-01
1.874057054519653043e-01,2.200104052250085040e-01
1.881960034370422363e-01,2.197302485670060423e-01
1.881960034370422363e-01,2.194584618887944760e-01
2.220781892538070956e-01,2.194764227059430861e-01
2.220781892538070956e-01,2.202535257289967019e-01
2.257640063762665072e-01,2.210125086921239657e-01
2.163868844509125033e-01,2.210960752246247107e-01
2.163868844509125033e-01,2.209707692679659385e-01
1.905837059020996371e-01,2.207531739665145043e-01
1.905837059020996371e-01,2.201834680405959921e-01
2.389943003654479980e-01,2.195840584598409417e-01
2.126784026622771939e-01,2.207126703884095265e-01
2.126784026622771939e-01,2.212061415360722649e-01
2.203326970338821411e-01,2.205844764717031781e-01
2.203326970338821411e-01,2.207580392080052967e-01
1.995152980089187900e-01,2.209329155208808459e-01
1.767843067646026611e-01,2.204714675008834779e-01
1.767843067646026611e-01,2.194861504403249619e-01
2.036905288696289062e-01,2.189632690563788620e-01
2.036905288696289062e-01,2.195728578065907766e-01
1.890024542808532715e-01,2.201765560875520167e-01
1.914628148078918457e-01,2.198505363610321894e-01
1.914628148078918457e-01,2.195677948943774715e-01
2.303853929042815885e-01,2.196237113278868280e-01
2.303853929042815885e-01,2.205228237110218870e-01
2.602671086788176935e-01,2.213919990657389758e-01
2.651697993278503418e-01,2.221067464610955444e-01
2.651697993278503418e-01,2.228883014356954073e-01
2.410915046930312833e-01,2.230144806987849060e-01
2.410915046930312833e-01,2.224805278303125244e-01
2.030028998851776123e-01,2.218827591679639610e-01
2.060085982084274570e-01,2.210501182538372744e-01
2.060085982084274570e-01,2.202130026908051819e-01
1.778325885534286221e-01,2.202816366746568055e-01
1.778325885534286221e-01,2.196614830766223936e-01
1.719783544540405551e-01,2.190103195734271202e-01
1.757052987813949585e-01,2.188806131114069409e-01
1.757052987813949585e-01,2.188307009221218680e-01
1.694041937589645386e-01,2.189148579884770685e-01
1.694041937589645386e-01,2.187753885963051592e-01
1.635388135910034180e-01,2.186325262228009381e-01
1.943304240703582764e-01,2.185029404267313513e-01
1.943304240703582764e-01,2.190654426576952030e-01
2.042852044105529508e-01,2.197531443446863186e-01
2.042852044105529508e-01,2.199775257171732723e-01
2.030708640813827792e-01,2.202035049985649473e-01
1.812596023082733154e-01,2.201762746504787593e-01
1.812596023082733154e-01,2.196667380883689236e-01
2.182700932025909146e-01,2.191642598361383254e-01
2.182700932025909146e-01,2.200117661387472057e-01
2.186232060194015225e-01,2.208389268822093243e-01
2.044367194175720215e-01,2.208468934882623913e-01
2.044367194175720215e-01,2.205390177799949614e-01
1.787614673376083374e-01,2.202103721275711634e-01
1.787614673376083374e-01,2.196445350217967052e-01
2.417660057544708530e-01,2.190520257158593831e-01
2.367322593927383423e-01,2.205273515657424910e-01
2.367322593927383423e-01,2.218003073586749530e-01
2.201220840215682983e-01,2.216827053337757092e-01
2.201220840215682983e-01,2.213131979199070565e-01
2.190245538949966431e-01,2.209233151099798953e-01
2.470148950815201083e-01,2.208985741640222267e-01
2.470148950815201083e-01,2.215277423192338890e-01
2.227835953235626498e-01,2.221551015229445702e-01
2.227835953235626498e-01,2.216216931384168976e-01
2.453936934471130371e-01,2.210446889203671328e-01
2.456143051385879794e-01,2.215710279222573853e-01
2.456143051385879794e-01,2.220855233221014913e-01
2.149323076009750366e-01,2.220906530724861827e-01
2.149323076009750366e-01,2.214179827240012055e-01
1.782320737838745117e-01,2.206869788952444678e-01
1.983320713043212891e-01,2.198824274501941789e-01
1.983320713043212891e-01,2.194816265569352887e-01
1.837121993303298950e-01,2.199339872378334171e-01
1.837121993303298950e-01,2.196099095185183037e-01
2.150899022817612249e-01,2.192745463510448467e-01
2.187249064445495883e-01,2.199906524308076761e-01
2.187249064445495883e-01,2.207763283819173528e-01
1.953707039356231689e-01,2.208596457812214142e-01
1.953707039356231689e-01,2.203430012494954349e-01
2.260476946830749234e-01,2.198001317064367521e-01
2.273865938186644953e-01,2.205049141223241471e-01
2.273865938186644953e-01,2.212240230418992259e-01
2.131565511226654053e-01,2.212548763958923914e-01
2.131565511226654053e-01,2.209375761905970348e-01
1.765360683202743253e-01,2.206062146035527860e-01
2.150828540325164517e-01,2.198035257509574070e-01
2.150828540325164517e-01,2.198334425507748047e-01
3.349621891975402832e-01,2.206938283705836834e-01
3.349621891975402832e-01,2.239259595643098011e-01
3.160460889339447021e-01,2.272209280477404114e-01
3.057914972305297852e-01,2.266538308628689713e-01
3.057914972305297852e-01,2.257633614076492712e-01
2.454170137643814087e-01,2.254489607016620933e-01
4.908340275287628174e-01,2.237916703748112635e-01
2.043210864067077637e-01,2.296461791721378931e-01
2.795807123184204102e-01,2.286970620457289272e-01
2.795807123184204102e-01,2.220594909885069967e-01
2.639636099338531494e-01,2.238736639112567095e-01
2.639636099338531494e-01,2.234331179715370319e-01
2.800608277320861816e-01,2.229433543337373536e-01
2.840686142444610596e-01,2.234386065333989480e-01
2.840686142444610596e-01,2.240219535213570645e-01
2.698352336883544922e-01,2.241422647266405888e-01
2.698352336883544922e-01,2.237325436951876911e-01
2.565046846866608221e-01,2.232920135439826204e-01
1.737418919801712036e-01,2.229471509941059471e-01
1.737418919801712036e-01,2.208297197038475990e-01
1.598615348339080811e-01,2.188268154823210243e-01
1.598615348339080811e-01,2.185212066013055843e-01
1.806169450283050815e-01,2.182061687039666686e-01
1.780257374048233032e-01,2.186708391271235119e-01
1.780257374048233032e-01,2.190777919501704918e-01
1.924792230129241943e-01,2.190189907008705805e-01
1.924792230129241943e-01,2.193436375385084403e-01
1.990472823381423950e-01,2.196695728428195993e-01
1.957502663135528842e-01,2.198171140834775661e-01
1.969612538814544955e-01,2.198926498631105786e-01
1.883261650800704956e-01,2.198444061418775575e-01
1.883261650800704956e-01,2.196798819299940753e-01
1.797540038824081421e-01,2.194822879047861608e-01
1.916811913251877109e-01,2.192920537846702045e-01
3.833623826503754217e-01,2.193642180065974445e-01
2.141620814800262729e-01,2.248597662050991763e-01
2.141620814800262729e-01,2.254790123330031315e-01
2.216559946537017267e-01,2.206519414066712981e-01
2.209348082542419434e-01,2.208219547801369420e-01
2.209348082542419434e-01,2.209769809847419164e-01
2.184751033782958984e-01,2.209603656896373669e-01
2.184751033782958984e-01,2.209049791321043565e-01
2.180604040622711182e-01,2.208482656466528860e-01
2.504481077194213867e-01,2.208389159974748495e-01
2.504481077194213867e-01,2.215911617583223581e-01
2.412912994623183927e-01,2.223132209487090616e-01
2.412912994623183927e-01,2.221087721948788452e-01
2.391991466283798218e-01,2.218919356878582272e-01
2.296963632106781283e-01,2.218445770006342577e-01
2.296963632106781283e-01,2.215829555014534047e-01
2.403284162282944003e-01,2.213604794494533623e-01
2.403284162282944003e-01,2.216047884685409253e-01
2.240518331527710516e-01,2.218477168313433834e-01
2.023217231035232544e-01,2.214857592295172151e-01
2.023217231035232544e-01,2.206210675454481074e-01
2.082566022872924805e-01,2.201145478661093724e-01
2.082566022872924805e-01,2.202483200796887808e-01
2.085203975439071933e-01,2.203836250393502449e-01
1.949775964021682739e-01,2.203895555986013222e-01
1.949775964021682739e-01,2.200944073226738518e-01
1.989800930023193637e-01,2.197823737545475387e-01
1.989800930023193637e-01,2.198721937873679699e-01
1.869141757488250732e-01,2.199632972524287189e-01
1.943044960498809814e-01,2.196953213421574125e-01
1.943044960498809814e-01,2.195844286774939480e-01
2.154057025909424106e-01,2.197519734528052271e-01
2.154057025909424106e-01,2.202320944390278035e-01
2.246519029140472690e-01,2.207085184035361969e-01
1.886185854673385343e-01,2.209187988328658869e-01
1.886185854673385343e-01,2.203393038592197650e-01
1.838601976633071899e-01,2.194954656293546524e-01
1.838601976633071899e-01,2.193895875303985554e-01
1.893669962882995883e-01,2.192812045449281100e-01
1.995205432176589966e-01,2.194044007561488929e-01
1.995205432176589966e-01,2.197576201600108248e-01
1.813428401947021207e-01,2.199877470459405959e-01
1.813428401947021207e-01,2.195856331011770690e-01
1.920076012611389160e-01,2.191680012170592606e-01
2.081632465124130527e-01,2.194072276525455556e-01
2.081632465124130527e-01,2.200139029110713407e-01
1.980955004692077914e-01,2.203793879911680187e-01
1.980955004692077914e-01,2.201549226708409968e-01
2.022272646427154819e-01,2.199232888470271929e-01
1.925842463970184604e-01,2.200161284648677051e-01
1.925842463970184604e-01,2.198955473827580165e-01
2.055149674415588656e-01,2.196743125769923255e-01
2.055149674415588656e-01,2.199662495467923085e-01
1.921776980161666870e-01,2.202592524992071088e-01
1.974076032638549527e-01,2.199628009319667121e-01
1.974076032638549527e-01,2.197733147596135361e-01
1.978288739919662476e-01,2.198921854050595315e-01
1.978288739919662476e-01,2.199016217220989000e-01
1.947185993194580078e-01,2.199112323498418342e-01
1.929751932621002475e-01,2.198417370830390849e-01
1.929751932621002475e-01,2.197317223826300570e-01
1.787372082471847534e-01,2.196919576930613516e-01
1.787372082471847534e-01,2.193767262753162639e-01
1.773243993520736694e-01,2.190509363187080061e-01
1.954015046358108521e-01,2.190195350230711713e-01
1.954015046358108521e-01,2.193944831974788678e-01
1.786402463912963867e-01,2.198015231809927195e-01
1.786402463912963867e-01,2.194307899704671661e-01
1.929298043251037598e-01,2.190465821709639549e-01
1.924515962600708285e-01,2.193675921207163537e-01
1.924515962600708285e-01,2.196792210790678157e-01
1.982013732194900513e-01,2.196683260696715712e-01
1.982013732194900513e-01,2.197974040889644209e-01
2.029816657304764072e-01,2.199280765943447957e-01
2.076473981142044067e-01,2.200355481219438969e-01
2.076473981142044067e-01,2.202495207030429891e-01
1.996106952428817471e-01,2.203559782504185549e-01
1.996106952428817471e-01,2.201765428316284634e-01
1.837998628616333285e-01,2.199918259580049829e-01
3.492729067802429199e-01,2.196415120328705228e-01
3.492729067802429199e-01,2.236332741142725011e-01
3.385715782642364502e-01,2.280975277999828521e-01
3.385715782642364502e-01,2.277729834128137121e-01
3.246645033359528143e-01,2.274415652960039558e-01
2.590272426605225164e-01,2.270225798613964563e-01
2.590272426605225164e-01,2.247304881430438050e-01
2.013491839170455933e-01,2.227092350044159452e-01
2.013491839170455933e-01,2.214734497014556602e-01
2.125197052955627441e-01,2.200705094910290482e-01
2.082609981298446655e-01,2.203233302982296471e-01
2.082609981298446655e-01,2.204817575020891485e-01
2.026299685239791870e-01,2.203838245527167949e-01
2.026299685239791870e-01,2.202578422373338563e-01
1.967180371284484863e-01,2.201285090118383636e-01
1.891978979110717218e-01,2.199964903267226379e-01
1.891978979110717218e-01,2.196935768309537795e-01
1.683970987796783447e-01,2.195215760479754252e-01
1.683970987796783447e-01,2.190634289324360495e-01
1.529303938150405884e-01,2.185874609530285839e-01
1.571273952722549438e-01,2.182478276903946079e-01
1.571273952722549438e-01,2.179901623555628165e-01
1.925273537635803223e-01,2.180842794425846276e-01
1.925273537635803223e-01,2.188836121702797954e-01
2.034381031990051547e-01,2.196717449745529405e-01
1.979987621307373047e-01,2.199176727215962357e-01
1.979987621307373047e-01,2.200435804693740005e-01
1.713397651910782415e-01,2.199189143331978236e-01
1.713397651910782415e-01,2.193325636928905309e-01
1.605434864759445190e-01,2.187191846524377536e-01
1.448902040719985962e-01,2.184812202626233157e-01
1.448902040719985962e-01,2.178937782932056921e-01
1.455924957990646362e-01,2.175402066587156513e-01
1.455924957990646362e-01,2.175556509247733306e-01
1.324006021022796631e-01,2.175713662160490280e-01
1.147388964891433438e-01,2.172835178421947122e-01
1.147388964891433438e-01,2.166047872606935432e-01
1.390763670206069946e-01,2.162098359615775012e-01
1.390763670206069946e-01,2.167465951024653004e-01
1.773481070995331088e-01,2.172825581209656687e-01
1.872349977493286133e-01,2.181414521763133663e-01
1.872349977493286133e-01,2.192098761502751514e-01
1.716542840003967285e-01,2.194331274496495177e-01
1.716542840003967285e-01,2.190890280709253124e-01
1.901565045118331909e-01,2.187332718351137628e-01
2.085365056991576593e-01,2.191489219607259398e-01
2.085365056991576593e-01,2.199811394338350712e-01
2.105930447578430453e-01,2.203963295994387506e-01
2.105930447578430453e-01,2.204426403017004932e-01
2.011387944221496860e-01,2.204897133584258484e-01
1.981692165136337280e-01,2.202786972697043100e-01
1.981692165136337280e-01,2.199945547413582614e-01
1.862777769565582553e-01,2.199266223936464926e-01
1.862777769565582553e-01,2.196625488050941155e-01
2.313299924135208130e-01,2.193900176088641185e-01
2.665236890316008966e-01,2.204329431627345404e-01
2.665236890316008966e-01,2.222908332449180235e-01
2.672828137874603271e-01,2.230949144510090132e-01
2.672828137874603271e-01,2.231172266174444585e-01
2.530894875526428223e-01,2.231400643575801312e-01
2.939947843551635742e-01,2.227973122371866566e-01
2.939947843551635742e-01,2.235897576167434619e-01
2.766048014163970947e-01,2.247379984793966001e-01
2.766048014163970947e-01,2.242320014290951624e-01
2.432340085506438654e-01,2.236958127499847626e-01
2.223459333181380670e-01,2.228494964997008165e-01
2.223459333181380670e-01,2.215191532730849122e-01
2.186183035373688022e-01,2.210247220612569785e-01
2.186183035373688022e-01,2.209408568917573812e-01
2.029476463794708530e-01,2.208547892084655462e-01
1.907453685998916626e-01,2.205061435843447271e-01
1.907453685998916626e-01,2.198716326736361859e-01
1.951031982898712158e-01,2.195913494348942785e-01
1.951031982898712158e-01,2.196890139730373892e-01
2.226422727108001431e-01,2.197880473287815162e-01
2.252217978239059448e-01,2.204186891437323881e-01
2.252217978239059448e-01,2.210966661836203107e-01
2.214518934488296509e-01,2.211559814630817133e-01
2.214518934488296509e-01,2.210711061586365656e-01
2.066775113344192505e-01,2.209839442937983345e-01
2.097374200820922852e-01,2.206548687763701111e-01
2.097374200820922852e-01,2.203808934731792679e-01
2.612883150577545166e-01,2.204508525604481628e-01
2.612883150577545166e-01,2.216863886486501178e-01
2.342368513345718384e-01,2.228138742487383306e-01
2.237651944160461148e-01,2.222305630636230434e-01
2.237651944160461148e-01,2.213339152467216076e-01
2.170636057853698730e-01,2.210894825521466101e-01
2.170636057853698730e-01,2.209390927412994976e-01
2.301114946603775024e-01,2.207839821282658321e-01
2.086910158395767212e-01,2.210822768946529293e-01
2.086910158395767212e-01,2.209046716700207025e-01
2.047397941350936890e-01,2.204033432227887335e-01
2.047397941350936890e-01,2.203148121810990234e-01
2.222295254468917569e-01,2.202241095372933499e-01
2.279004752635956088e-01,2.206230002578890848e-01
2.279004752635956088e-01,2.211482876924266427e-01
2.129457294940948486e-01,2.212783635271265426e-01
2.129457294940948486e-01,2.209451036472230567e-01
1.926552951335906982e-01,2.205966295276667322e-01
1.835393011569976807e-01,2.201471516057342814e-01
1.835393011569976807e-01,2.194750210615140917e-01
1.722192019224166870e-01,2.192667684051369803e-01
1.722192019224166870e-01,2.190163689329980012e-01
1.875299960374831876e-01,2.187585783090374714e-01
1.739563494920730591e-01,2.191018579003047584e-01
1.739563494920730591e-01,2.191462358590882953e-01
1.938352584838867188e-01,2.188364290945893631e-01
1.938352584838867188e-01,2.192838857122088592e-01
1.973450034856796265e-01,2.197307848919032580e-01
1.942632943391799927e-01,2.198094839739117845e-01
1.942632943391799927e-01,2.198205077508627314e-01
2.034828513860702515e-01,2.197501128339011123e-01
2.034828513860702515e-01,2.199577942984579371e-01
1.873460412025451938e-01,2.201671461281896613e-01
2.008862048387527743e-01,2.198093461739384635e-01
2.008862048387527743e-01,2.197432681809772526e-01
1.905569285154342651e-01,2.200495503645003847e-01
1.905569285154342651e-01,2.198197450664398922e-01
1.927679926156997403e-01,2.195828508427891401e-01
1.832018047571182529e-01,2.196323224851359779e-01
1.832018047571182529e-01,2.194701643813279646e-01
2.027056962251663208e-01,2.192515872878421923e-01
2.027056962251663208e-01,2.196923238275648727e-01
1.902956068515777588e-01,2.201319391313846241e-01
1.815531253814697266e-01,2.198561108935505326e-01
1.815531253814697266e-01,2.193769561101747700e-01
1.891089975833892822e-01,2.191774536264083917e-01
1.891089975833892822e-01,2.193465849500053910e-01
1.840091049671173096e-01,2.195175688324108310e-01
1.819614022970199863e-01,2.194041001308870698e-01
1.819614022970199863e-01,2.192423279064527886e-01
1.854998767375946045e-01,2.191958078934405363e-01
1.854998767375946045e-01,2.192748055447098499e-01
2.226949036121368408e-01,2.193549946805592454e-01
2.071253955364227572e-01,2.202091705650960629e-01
2.071253955364227572e-01,2.206940260219604488e-01
2.009170949459075928e-01,2.203322936583655134e-01
2.009170949459075928e-01,2.201935047671081946e-01
1.885115951299667636e-01,2.200509486550027705e-01
1.943915784358978549e-01,2.197753514542489517e-01
1.943915784358978549e-01,2.196224575256175426e-01
1.774574071168899536e-01,2.197559060778346840e-01
1.774574071168899536e-01,2.193814908920106166e-01
1.960569024085998535e-01,2.189934780902213496e-01
1.895107030868530551e-01,2.194123974777953401e-01
1.895107030868530551e-01,2.196853125221037706e-01
2.074400931596755981e-01,2.195356768787938839e-01
2.074400931596755981e-01,2.199415384368572368e-01
2.042641043663024902e-01,2.203465717607956675e-01
2.000678032636642456e-01,2.202753931834539880e-01
2.000678032636642456e-01,2.201086722391334127e-01
1.733694821596145352e-01,2.200125097675329211e-01
1.733694821596145352e-01,2.194250387104880462e-01
1.849348992109298706e-01,2.188101230134013031e-01
1.688267737627029419e-01,2.190688879699870806e-01
1.688267737627029419e-01,2.189741725320289989e-01
1.914010494947433194e-01,2.186066859583611355e-01
1.914010494947433194e-01,2.191146289105462830e-01
1.822085529565811157e-01,2.196209249467557523e-01
2.055577039718627930e-01,2.194168154988596076e-01
2.055577039718627930e-01,2.197358816837261530e-01
2.419840693473815640e-01,2.202611902719424641e-01
2.419840693473815640e-01,2.211105814199528508e-01
2.256706357002258578e-01,2.219237595670948138e-01
2.096177935600280762e-01,2.215611643850205481e-01
2.096177935600280762e-01,2.208191396238821380e-01
1.874290108680725098e-01,2.204454203132540369e-01
1.874290108680725098e-01,2.199548179540779247e-01
1.834661066532135010e-01,2.194418669267650668e-01
1.931275576353073398e-01,2.193536760087934634e-01
1.931275576353073398e-01,2.194802257085610442e-01
1.979932039976119995e-01,2.196988352267351952e-01
1.979932039976119995e-01,2.198080204034303375e-01
1.810770928859710693e-01,2.199186629986970287e-01
4.031366109848023571e-01,2.195442898138627585e-01
4.031366109848023571e-01,2.252205474734197410e-01
4.604647159576416016e-01,2.314405857613756612e-01
4.604647159576416016e-01,2.332536589973140395e-01
5.008617043495178223e-01,2.350757550330578871e-01
4.378605186939240057e-01,2.363734651739144710e-01
4.378605186939240057e-01,2.356809379717438035e-01
2.561259269714355469e-01,2.336328161783154389e-01
2.561259269714355469e-01,2.283038314403129376e-01
2.273572981357574463e-01,2.225751593885522961e-01
2.201671004295349399e-01,2.219495346358133503e-01
2.201671004295349399e-01,2.210921490990155058e-01
1.984222531318664551e-01,2.209253670397173519e-01
1.984222531318664551e-01,2.204436968881539338e-01
1.943005025386810580e-01,2.199380657509163173e-01
1.805235445499419888e-01,2.198460211872529657e-01
1.805235445499419888e-01,2.194465634816782085e-01
1.998776346445083896e-01,2.191311803541232117e-01
1.998776346445083896e-01,2.195679408028921586e-01
2.088513970375061035e-01,2.200039043601823285e-01
2.052325755357742865e-01,2.202064883322001065e-01
2.052325755357742865e-01,2.203295144900128122e-01
2.000157982110976618e-01,2.202464489500558231e-01
2.000157982110976618e-01,2.201298009297198988e-01
1.864733994007110596e-01,2.200101564044660007e-01
1.736753731966018677e-01,2.197096100101071925e-01
1.736753731966018677e-01,2.191157481958702913e-01
1.885808259248733243e-01,2.188238337567640635e-01
1.885808259248733243e-01,2.191581328990376554e-01
1.996680051088333130e-01,2.194937639433619803e-01
2.059511989355087558e-01,2.197432851757482875e-01
2.059511989355087558e-01,2.201359325062174632e-01
1.754488945007323941e-01,2.202790336431632856e-01
1.754488945007323941e-01,2.196086575980069899e-01
2.038332223892211914e-01,2.189033568496087101e-01
2.094203978776931763e-01,2.195467308210755641e-01
2.094203978776931763e-01,2.203089960825266036e-01
1.958734989166260043e-01,2.204364570763783227e-01
1.958734989166260043e-01,2.201351135721168195e-01
1.724482625722885132e-01,2.198228482655796012e-01
1.776420623064041138e-01,2.193068476799066580e-01
1.776420623064041138e-01,2.188845159709343346e-01
1.713635921478271207e-01,2.190017667747826968e-01
1.713635921478271207e-01,2.188627070641052941e-01
1.787484437227248868e-01,2.187202517972853255e-01
1.702087521553039551e-01,2.188848940276648392e-01
1.702087521553039551e-01,2.188624989943947774e-01
1.913181245326995850e-01,2.186685401721901734e-01
1.913181245326995850e-01,2.191433247286332653e-01
1.938814073801040649e-01,2.196171841007247827e-01
2.021497935056686401e-01,2.196745670680391449e-01
2.021497935056686401e-01,2.199189543640428512e-01
1.973596364259720126e-01,2.201067614521551030e-01
1.973596364259720126e-01,2.199997183522963695e-01
1.818598955869674683e-01,2.198900168602229421e-01
1.518772840499877930e-01,2.195467249203833793e-01
1.518772840499877930e-01,2.185357783780116359e-01
1.797889769077301025e-01,2.178505629353412743e-01
1.797889769077301025e-01,2.184762546560842511e-01
1.766516566276550571e-01,2.190981765819069171e-01
2.190984636545181274e-01,2.190284990899563911e-01
2.190984636545181274e-01,2.199310385014264790e-01
2.368807047605514526e-01,2.208766656257985794e-01
2.368807047605514526e-01,2.212862237676640198e-01
2.723162174224852961e-01,2.216895125786038090e-01
2.842651307582855225e-01,2.225692694134967509e-01
2.842651307582855225e-01,2.238011947104866783e-01
3.610217571258544922e-01,2.241540368701120389e-01
3.610217571258544922e-01,2.265364241003932633e-01
3.393641114234924316e-01,2.288208191932332713e-01
2.713941931724548340e-01,2.281640607208048899e-01
2.713941931724548340e-01,2.255265999780263486e-01
2.359429746866226474e-01,2.233849066016092288e-01
2.359429746866226474e-01,2.225413830018747319e-01
1.764906942844390869e-01,2.216465173171702219e-01
1.933852136135101596e-01,2.203601475315603020e-01
1.933852136135101596e-01,2.193299839179920496e-01
2.070471495389938354e-01,2.197104663485019149e-01
2.070471495389938354e-01,2.200192070765791541e-01
2.076206952333450317e-01,2.203287438214869831e-01
2.084009945392608920e-01,2.203416360515265682e-01
2.084009945392608920e-01,2.203723128280651034e-01
2.094228416681289395e-01,2.203901787116087363e-01
2.094228416681289395e-01,2.204131676456751454e-01
1.959958970546722412e-01,2.204365680387986026e-01
2.029076218605041226e-01,2.201378663079422149e-01
2.029076218605041226e-01,2.199838984559641109e-01
1.715861856937408447e-01,2.201410858996158959e-01
1.715861856937408447e-01,2.194534398560808452e-01
1.853289008140563965e-01,2.187302216015003797e-01
1.865625381469726562e-01,2.190379352352325171e-01
1.865625381469726562e-01,2.193748295496360523e-01
1.824795007705688199e-01,2.194028406928841268e-01
1.824795007705688199e-01,2.193120097646100997e-01
1.865475177764893133e-01,2.192191031227500586e-01
1.910450011491775513e-01,2.193099733808260288e-01
1.910450011491775513e-01,2.195028102438420781e-01
1.947984993457794467e-01,2.196048639625503840e-01
1.947984993457794467e-01,2.196889566288153239e-01
1.942836940288543701e-01,2.197742841893469412e-01
1.823579072952270508e-01,2.197627712319208393e-01
1.823579072952270508e-01,2.194864936006284406e-01
1.863520592451095859e-01,2.192136355324951213e-01
1.863520592451095859e-01,2.193028472635334958e-01
2.122309356927871982e-01,2.193933624885283651e-01
2.061766982078551969e-01,2.199820981774701922e-01
2.061766982078551969e-01,2.204285806482796373e-01
2.002694308757781982e-01,2.202892602447416304e-01
4.005388617515563965e-01,2.201572064781931737e-01
2.036442905664443970e-01,2.256017166136586038e-01
2.041575908660888672e-01,2.257707793209638436e-01
2.041575908660888672e-01,2.201859846752055316e-01
2.072980999946594793e-01,2.201977214488034240e-01
2.072980999946594793e-01,2.202683926007498738e-01
1.624802798032760620e-01,2.203401292079264773e-01
2.047239691019058228e-01,2.193631833772995976e-01
2.047239691019058228e-01,2.192840584583621577e-01
1.887350976467132846e-01,2.202233922019018741e-01
1.887350976467132846e-01,2.198687320322887662e-01
1.948221027851104736e-01,2.195007165577478880e-01
1.866550594568252841e-01,2.196372033963359949e-01
1.866550594568252841e-01,2.195936954095656091e-01
2.063589692115783969e-01,2.194070073040587099e-01
2.063589692115783969e-01,2.198530652588033818e-01
1.990336924791336060e-01,2.202975270118007201e-01
1.980886012315750122e-01,2.201339446528781385e-01
1.980886012315750122e-01,2.199445622189415694e-01
2.041638940572738370e-01,2.199229768580111821e-01
2.041638940572738370e-01,2.200596986131797272e-01
1.967703551054001132e-01,2.201980071083149415e-01
1.815092116594314853e-01,2.200330117669174745e-01
1.815092116594314853e-01,2.195253708733844178e-01
1.704124957323074618e-01,2.191754796266213168e-01
1.704124957323074618e-01,2.189301417301124653e-01
1.662842035293579102e-01,2.186776618753316914e-01
1.620960831642150879e-01,2.185863253475998080e-01
1.620960831642150879e-01,2.184004408131416108e-01
2.050786018371582031e-01,2.183058750581541030e-01
2.050786018371582031e-01,2.192840463428389342e-01
2.152855992317199985e-01,2.202394683861103875e-01
2.119203954935073575e-01,2.204706767059672612e-01
2.119203954935073575e-01,2.206274661466786913e-01
2.017627954483031949e-01,2.205500227640120881e-01
2.017627954483031949e-01,2.203233588951790944e-01
1.966343224048614502e-01,2.200892367003111083e-01
1.994546651840210238e-01,2.199746762454153626e-01
1.994546651840210238e-01,2.199205034945599380e-01
1.848202943801880160e-01,2.199847664900430599e-01
1.848202943801880160e-01,2.196602749788301168e-01
1.885830014944076538e-01,2.193244062886583745e-01
1.749152988195419034e-01,2.194085115198212699e-01
1.749152988195419034e-01,2.191915262806743425e-01
1.777306050062179565e-01,2.188794255597436289e-01
1.777306050062179565e-01,2.189420867983128405e-01
1.724444031715393066e-01,2.190057414186332152e-01
1.696542352437973022e-01,2.188885820400933713e-01
1.696542352437973022e-01,2.187068423431719755e-01
1.860917955636977872e-01,2.186437175577371217e-01
1.860917955636977872e-01,2.190121531197375959e-01
1.783816069364547452e-01,2.193816433889964612e-01
1.954015940427779596e-01,2.192105614634619337e-01
1.954015940427779596e-01,2.194180275629819543e-01
1.979020982980727872e-01,2.198015272201286341e-01
1.979020982980727872e-01,2.198575857087815277e-01
1.943283975124359408e-01,2.199145433408650763e-01
1.862878054380416870e-01,2.198347187147590143e-01
1.862878054380416870e-01,2.195742216848135808e-01
1.807115972042084018e-01,2.193904691791672135e-01
1.807115972042084018e-01,2.192665561905830229e-01
1.901234537363052368e-01,2.191396308736951737e-01
1.879478991031646729e-01,2.193505121004632463e-01
1.879478991031646729e-01,2.195147852223122698e-01
1.885761320590972900e-01,2.194652436668122764e-01
1.885761320590972900e-01,2.194792711824756493e-01
1.930653005838394443e-01,2.194935524094279999e-01
1.887152642011642456e-01,2.195940881127832478e-01
1.887152642011642456e-01,2.195990655789653301e-01
2.012016028165817261e-01,2.194998226956926812e-01
2.012016028165817261e-01,2.197811508364556909e-01
2.029483020305633267e-01,2.200638280945476644e-01
1.880519986152648648e-01,2.201030467684861880e-01
1.880519986152648648e-01,2.198123952183569374e-01
1.938583850860595981e-01,2.194699340416780553e-01
1.938583850860595981e-01,2.196000677609351859e-01
1.818363368511199951e-01,2.197318290965199483e-01
1.934503465890884122e-01,2.194652029880358457e-01
1.934503465890884122e-01,2.194509345867298733e-01
1.825065016746520719e-01,2.197134067562281634e-01
1.825065016746520719e-01,2.194705469977338286e-01
1.718572974205017090e-01,2.192203172819017498e-01
1.888858973979949951e-01,2.189847336042436698e-01
1.888858973979949951e-01,2.191245535795416088e-01
1.934519559144973477e-01,2.195075130731913016e-01
1.934519559144973477e-01,2.196097883529998240e-01
2.148046046495437345e-01,2.197134794095920718e-01
1.987380981445312500e-01,2.201992071845911003e-01
1.987380981445312500e-01,2.203240530031736200e-01
2.087343037128448486e-01,2.199523510266744863e-01
2.087343037128448486e-01,2.201781008993523581e-01
1.829220354557037631e-01,2.204053082437552047e-01
1.861628443002700806e-01,2.198360455161041671e-01
1.861628443002700806e-01,2.193113670843762630e-01
1.987580806016921997e-01,2.193848424478647141e-01
1.987580806016921997e-01,2.196683378652225516e-01
2.008325010538100641e-01,2.199532548629712925e-01
1.991298943758010864e-01,2.199998027053604033e-01
1.991298943758010864e-01,2.200089987399804770e-01
1.789479851722717285e-01,2.199700737411832974e-01
1.789479851722717285e-01,2.195242497423766925e-01
1.960126012563705167e-01,2.190604019454167328e-01
1.769941002130508423e-01,2.194445728225655479e-01
1.769941002130508423e-01,2.194090196876288812e-01
1.811666339635848999e-01,2.189726838912559870e-01
1.811666339635848999e-01,2.190657070060589018e-01
2.170765548944473267e-01,2.191600812226672246e-01
2.228865027427673340e-01,2.199815619402116229e-01
2.228865027427673340e-01,2.209163221181150993e-01
1.981754004955292026e-01,2.210493841836899953e-01
1.981754004955292026e-01,2.205030632655588796e-01
1.650676876306533813e-01,2.199269020463182067e-01
1.990987807512283603e-01,2.192015143014308109e-01
1.990987807512283603e-01,2.192092055222936153e-01
1.952784955501556396e-01,2.199686662398245840e-01
1.952784955501556396e-01,2.198833164097612203e-01
1.885309964418411255e-01,2.197959661265088127e-01
1.826629936695098877e-01,2.196457162715348133e-01
1.826629936695098877e-01,2.193610518949898613e-01
2.290190458297728937e-01,2.192273545450402483e-01
2.290190458297728937e-01,2.202988688814595808e-01
2.735207974910736084e-01,2.213295032551979291e-01
2.842034697532653809e-01,2.224300620484196134e-01
2.842034697532653809e-01,2.238339501557839450e-01
2.687470018863677979e-01,2.241503430275201825e-01
2.687470018863677979e-01,2.237068673057887591e-01
2.419617027044296542e-01,2.232272065801057248e-01
2.585682272911071777e-01,2.225972810465488838e-01
2.585682272911071777e-01,2.223163834537303651e-01
2.487231940031051913e-01,2.226880112815417534e-01
2.487231940031051913e-01,2.224713590487256976e-01
2.237731963396072388e-01,2.222337538135191748e-01
2.095130234956741055e-01,2.216854864331158081e-01
2.095130234956741055e-01,2.207719961835317712e-01
1.998770385980606079e-01,2.204406628911284027e-01
1.998770385980606079e-01,2.202256793273098812e-01
2.012569010257720947e-01,2.200038773891385135e-01
2.061658948659896851e-01,2.200348357371065267e-01
2.061658948659896851e-01,2.201768389131090742e-01
1.921332776546478549e-01,2.202887702841854478e-01
1.921332776546478549e-01,2.199769686300308835e-01
1.658605039119720459e-01,2.196539615022136405e-01
1.724504977464676181e-01,2.190767781135347092e-01
1.724504977464676181e-01,2.186205703988246540e-01
1.866747587919235229e-01,2.187689410902520226e-01
1.866747587919235229e-01,2.190876530438587155e-01
1.559437066316604614e-01,2.194078944632336103e-01
1.450039297342300415e-01,2.187354870741010648e-01
1.450039297342300415e-01,2.177916758277443909e-01
1.372807174921035767e-01,2.175452519497561577e-01
1.372807174921035767e-01,2.173762319400623644e-01
1.404531002044677457e-01,2.172030901717448559e-01
1.343677937984466553e-01,2.172727661770033625e-01
1.343677937984466553e-01,2.172104329238662701e-01
1.512558013200759888e-01,2.170742854336560890e-01
1.512558013200759888e-01,2.174477796131571994e-01
1.571162045001983365e-01,2.178229259229689796e-01
1.624787002801895142e-01,2.179524916644304811e-01
1.624787002801895142e-01,2.182025556622009255e-01
1.773491054773330688e-01,2.183229556148484074e-01
1.773491054773330688e-01,2.186549574791415429e-01
1.815999448299408237e-01,2.189886169716301068e-01
1.852913051843643188e-01,2.190834031747916633e-01
1.852913051843643188e-01,2.192619668364627350e-01
1.884922981262207031e-01,2.193456059588005103e-01
1.884922981262207031e-01,2.194171398523785677e-01
1.918683052062988559e-01,2.194897744064644718e-01
2.261683344841003418e-01,2.195653176080470670e-01
2.261683344841003418e-01,2.204309395568090080e-01
2.014196962118148804e-01,2.211992128331644325e-01
2.014196962118148804e-01,2.206520146816672578e-01
1.973526030778884888e-01,2.200737018992377780e-01
1.941564679145812711e-01,2.199827878332680231e-01
1.941564679145812711e-01,2.198183007786485565e-01
2.078395932912826538e-01,2.197452888117792102e-01
2.078395932912826538e-01,2.200546226513570569e-01
1.838871985673904419e-01,2.203646997600048063e-01
2.030725032091140747e-01,2.198358973088272439e-01
2.030725032091140747e-01,2.197159886077032775e-01
1.920516937971115112e-01,2.201485551404044061e-01
1.920516937971115112e-01,2.199033395133109525e-01
1.887007951736450473e-01,2.196502801830143292e-01
1.887437999248504916e-01,2.195755632900858734e-01
1.887437999248504916e-01,2.195001306963365317e-01
1.873788982629775723e-01,2.195011087576906328e-01
1.873788982629775723e-01,2.194706664522670936e-01
1.891151070594787875e-01,2.194396095056144469e-01
1.895716041326522827e-01,2.194783987973194517e-01
1.895716041326522827e-01,2.195280400882080318e-01
1.892361938953399936e-01,2.195384223997246254e-01
1.892361938953399936e-01,2.195309339914371938e-01
1.986678987741470614e-01,2.195233022933624767e-01
2.600212097167968750e-01,2.197353568940659252e-01
2.600212097167968750e-01,2.214157797120196169e-01
2.536996603012084961e-01,2.227552119282253940e-01
2.536996603012084961e-01,2.226159852844751263e-01
2.486595213413238525e-01,2.224631582737024715e-01
2.238901853561401645e-01,2.223500960124251413e-01
2.238901853561401645e-01,2.216864193716170661e-01
1.916601955890655518e-01,2.210951874435205522e-01
1.916601955890655518e-01,2.203862644591532693e-01
1.912304461002349576e-01,2.196326160631490443e-01
2.217618972063064853e-01,2.196230151061703550e-01
2.217618972063064853e-01,2.203126647831278040e-01
2.349424958229065219e-01,2.209980822864496819e-01
2.349424958229065219e-01,2.213003689280912401e-01
2.342955172061919888e-01,2.216006610702369317e-01
2.245461940765380859e-01,2.215860042123392049e-01
2.245461940765380859e-01,2.213526053129570570e-01
2.107733041048049649e-01,2.211251335018263875e-01
2.107733041048049649e-01,2.208179886930721481e-01
2.195045053958892822e-01,2.204979019143281926e-01
1.867112517356872836e-01,2.206959230419278661e-01
1.867112517356872836e-01,2.201742472965996233e-01
1.782344579696655551e-01,2.194095379388844025e-01
1.782344579696655551e-01,2.192215033455614248e-01
1.810989975929260531e-01,2.190283615750874546e-01
1.992904990911484042e-01,2.190921974467638644e-01
1.992904990911484042e-01,2.195673145526536862e-01
2.188781946897506436e-01,2.199773393416515899e-01
2.188781946897506436e-01,2.204236214024748175e-01
3.330821096897125244e-01,2.208666295533923130e-01
2.986789345741271973e-01,2.239586185153262521e-01
2.986789345741271973e-01,2.260874990828851405e-01
3.000943064689636230e-01,2.250199159444102037e-01
3.000943064689636230e-01,2.250622632949387247e-01
2.386572659015655518e-01,2.251052006460722565e-01
2.014694958925247192e-01,2.234536206564801952e-01
2.014694958925247192e-01,2.209570000567623038e-01
2.121156007051467896e-01,2.200759566032906844e-01
2.121156007051467896e-01,2.203168100367985660e-01
2.050123065710068027e-01,2.205588945281160562e-01
1.987702995538711548e-01,2.203999917151689969e-01
1.987702995538711548e-01,2.200970097090244604e-01
1.788948029279709140e-01,2.199538075475829246e-01
1.788948029279709140e-01,2.195147034125064789e-01
2.083670347929000577e-01,2.190580135551409013e-01
2.080235034227371216e-01,2.197277979092203681e-01
2.080235034227371216e-01,2.203809178503321475e-01
1.859974563121796209e-01,2.203730458733560160e-01
1.859974563121796209e-01,2.198861333383008154e-01
2.174742072820663452e-01,2.193773957718906376e-01
2.246447950601577481e-01,2.200967877631016256e-01
2.246447950601577481e-01,2.209655507622431125e-01
2.117234021425247192e-01,2.211296351385011461e-01
2.117234021425247192e-01,2.208412644452194817e-01
2.041544467210769376e-01,2.205410703649653692e-01
2.146971523761749268e-01,2.203718319397302561e-01
2.146971523761749268e-01,2.204363635447296743e-01
2.150782048702239990e-01,2.206762806816508493e-01
2.150782048702239990e-01,2.206848673404782912e-01
2.338068932294845581e-01,2.206936168400940590e-01
3.202091157436370850e-01,2.211241931314724962e-01
3.202091157436370850e-01,2.239225141215091808e-01
3.246116042137145996e-01,2.263222708515902348e-01
3.246116042137145996e-01,2.264553179694046847e-01
3.107064068317412775e-01,2.265899068839523356e-01
3.095698356628417969e-01,2.261738978684526002e-01
3.095698356628417969e-01,2.257120270570725229e-01
2.792485058307648260e-01,2.256773557978590250e-01
2.792485058307648260e-01,2.247949676403841468e-01
2.426900416612625122e-01,2.238537998751392033e-01
2.526278495788574219e-01,2.229151291046959082e-01
2.526278495788574219e-01,2.221872523555581402e-01
2.839281857013702393e-01,2.224137143323574872e-01
2.839281857013702393e-01,2.232690669873858280e-01
2.947731912136077881e-01,2.241338530286032249e-01
2.706804275512695312e-01,2.244602139726356860e-01
2.706804275512695312e-01,2.240919380956853946e-01
2.213104963302612582e-01,2.233423682257273390e-01
2.213104963302612582e-01,2.222081826379336822e-01
2.309004068374633234e-01,2.209774962796221542e-01
2.387782931327820102e-01,2.211963599811789805e-01
2.387782931327820102e-01,2.215959529827024599e-01
2.419604510068892878e-01,2.217765623098350292e-01
2.419604510068892878e-01,2.218491871318547803e-01
2.565485239028931219e-01,2.219226744761290948e-01
2.649432718753815252e-01,2.222661739297801808e-01
2.649432718753815252e-01,2.227999045279167589e-01
2.552419006824492853e-01,2.230010461578850745e-01
2.552419006824492853e-01,2.227786545441094168e-01
2.503576874732971191e-01,2.225343388876995787e-01
2.851879894733428955e-01,2.224249469941000923e-01
2.851879894733428955e-01,2.232523225501516773e-01
3.117785453796387274e-01,2.242093318135384428e-01
3.117785453796387274e-01,2.250190966350240906e-01
2.945955097675323486e-01,2.258110228986641155e-01
3.066652119159698486e-01,2.253023270296926894e-01
3.066652119159698486e-01,2.251380980067467785e-01
2.395841330289840698e-01,2.255017459961642934e-01
2.395841330289840698e-01,2.236786153850116310e-01
1.883951872587203979e-01,2.218135473910204103e-01
1.851434856653213223e-01,2.207022191582035942e-01
1.851434856653213223e-01,2.194129761994554340e-01
2.226487994194030762e-01,2.193389523800750307e-01
2.226487994194030762e-01,2.202002952133809144e-01
2.192545831203460693e-01,2.210385389738901696e-01
2.097330987453460693e-01,2.209621436297271313e-01
2.097330987453460693e-01,2.206708511209095336e-01
1.943479031324386597e-01,2.204506563242204786e-01
1.943479031324386597e-01,2.201088559753484053e-01
1.941306889057159424e-01,2.197539336934900556e-01
2.030006051063537598e-01,2.197490756740759221e-01
2.030006051063537598e-01,2.199438636170835681e-01
1.910956948995590765e-01,2.201452980513130542e-01
1.910956948995590765e-01,2.198805829771438292e-01
1.403214633464813232e-01,2.196071505810535951e-01
1.376174986362457275e-01,2.185074496290260182e-01
1.376174986362457275e-01,2.172784410096462171e-01
1.550265699625015259e-01,2.172179907889368322e-01
1.550265699625015259e-01,2.176035886556168808e-01
2.001304924488067905e-01,2.179907050841994598e-01
1.929156184196471613e-01,2.190149473477244202e-01
1.929156184196471613e-01,2.198545067526033736e-01
1.806230992078780850e-01,2.196892686632616332e-01
1.806230992078780850e-01,2.194167668298989127e-01
1.619705408811569214e-01,2.191356539691366456e-01
1.889210045337677280e-01,2.187252869201507799e-01
1.905120015144347867e-01,2.189066665654031685e-01
1.788192987442016324e-01,2.195446564840802806e-01
1.788192987442016324e-01,2.193216992177051405e-01
1.769654452800750732e-01,2.190546227753459585e-01
1.813704073429107944e-01,2.190134294203120169e-01
1.813704073429107944e-01,2.190696169748426458e-01
2.045527994632720947e-01,2.191692403314211002e-01
2.045527994632720947e-01,2.196941393542742593e-01
2.115447074174881259e-01,2.202156334882429123e-01
2.114014774560928622e-01,2.203735192395758768e-01
2.114014774560928622e-01,2.205297275588757877e-01
1.859614849090575894e-01,2.205264418072242216e-01
1.859614849090575894e-01,2.199650044210031130e-01
1.966694146394729614e-01,2.193757762004137635e-01
1.941680759191513339e-01,2.196164312410708308e-01
1.941680759191513339e-01,2.198029235345888843e-01
1.857832968235015869e-01,2.197458129921058823e-01
1.857832968235015869e-01,2.195593799214484720e-01
1.800334155559539795e-01,2.193677537941699784e-01
2.057538926601410190e-01,2.192400171792451002e-01
2.057538926601410190e-01,2.196922942818972102e-01
2.078094035387039185e-01,2.202700863021598843e-01
2.078094035387039185e-01,2.203163267595378005e-01
2.086281329393386841e-01,2.203633297573308059e-01
2.044339925050735474e-01,2.203817420083037937e-01
2.044339925050735474e-01,2.203065352251399600e-01
2.053123414516448975e-01,2.202102485321432157e-01
2.053123414516448975e-01,2.202299790403456636e-01
2.010436654090881625e-01,2.202500653763814209e-01
1.927201002836227417e-01,2.201545442883715287e-01
1.927201002836227417e-01,2.198712216877433678e-01
1.994760930538177490e-01,2.196804439662956576e-01
1.994760930538177490e-01,2.198322430665747840e-01
1.575461775064468384e-01,2.199857359551068980e-01
1.327996999025344849e-01,2.190714887362145979e-01
1.327996999025344849e-01,2.175643562901681261e-01
1.607619971036911011e-01,2.170050027239549539e-01
1.607619971036911011e-01,2.176270821894732421e-01
1.669837534427642822e-01,2.182463380097117156e-01
1.829388290643691739e-01,2.183844013780709137e-01
1.829388290643691739e-01,2.188813591495033517e-01
1.954613029956817627e-01,2.192397595080240735e-01
1.954613029956817627e-01,2.195212191826334536e-01
1.971024274826049250e-01,2.198042247187532994e-01
2.063226997852324884e-01,2.198409938022078680e-01
2.063226997852324884e-01,2.200863350488783121e-01
2.025007009506225308e-01,2.202958819954011493e-01
2.025007009506225308e-01,2.202102995237227023e-01
1.924629509449005405e-01,2.201226539965571161e-01
2.318105995655060092e-01,2.198991885650335709e-01
2.318105995655060092e-01,2.205788653809022948e-01
2.230467796325683871e-01,2.214572199442073341e-01
2.230467796325683871e-01,2.212607113571439799e-01
2.142658680677413940e-01,2.210566973390080125e-01
1.877232939004898071e-01,2.208600557739416048e-01
1.877232939004898071e-01,2.200710764829980348e-01
2.017925977706908625e-01,2.194551243088976589e-01
2.017925977706908625e-01,2.197723696617607803e-01
2.051866054534912109e-01,2.200905861765465044e-01
1.975956559181213379e-01,2.201669099984775169e-01
1.975956559181213379e-01,2.200749398625027331e-01
2.050545066595077237e-01,2.199006874863896066e-01
2.050545066595077237e-01,2.200687002654606317e-01
1.966183036565780640e-01,2.202383760402673585e-01
1.954053044319152832e-01,2.200502120246758397e-01
1.954053044319152832e-01,2.198293764361358149e-01
1.642142683267593384e-01,2.198016948443812235e-01
1.642142683267593384e-01,2.191179428995135847e-01
1.847266256809234619e-01,2.184004633136782114e-01
1.668477952480316162e-01,2.188604503917303545e-01
1.668477952480316162e-01,2.189261873766487065e-01
1.522195041179656982e-01,2.185181649465355036e-01
1.522195041179656982e-01,2.181969445692490406e-01
4.099152088165283203e-01,2.178657839217427172e-01
4.086518883705139160e-01,2.247545352213364545e-01
4.086518883705139160e-01,2.318268295763737663e-01
4.332959949970245361e-01,2.317868246111656205e-01
4.332959949970245361e-01,2.325610593169377127e-01
4.238381981849669855e-01,2.333429643240589602e-01
4.020000100135803778e-01,2.330459527712566425e-01
4.020000100135803778e-01,2.320633893838841555e-01
