1.779100298881530762e-01,1.940077621736126801e-01
1.779100298881530762e-01,1.905176523886025486e-01
1.810636967420578003e-01,1.867959903344871830e-01
1.810636967420578003e-01,1.842810113977478292e-01
1.680064052343368530e-01,1.815806186525802113e-01
1.635809391736984530e-01,1.786293516235646084e-01
1.635809391736984530e-01,1.776494882650444251e-01
1.706920862197875977e-01,1.763234714360409350e-01
1.706920862197875977e-01,1.750196455226764869e-01
1.916799396276473999e-01,1.738898924395229917e-01
2.085516005754470825e-01,1.769811935889768206e-01
2.085516005754470825e-01,1.839111891252796782e-01
2.058236002922058105e-01,1.906313288292734165e-01
2.058236002922058105e-01,1.960001155527779648e-01
1.828240007162094116e-01,2.011198090592108412e-01
1.857409924268722534e-01,1.998860155188650345e-01
1.857409924268722534e-01,1.960053831716762618e-01
1.775099337100982666e-01,1.918921267512178341e-01
1.775099337100982666e-01,1.869823310057275589e-01
1.752161234617232999e-01,1.813557661414959277e-01
1.971126049757004062e-01,1.802941638569297567e-01
1.971126049757004062e-01,1.826342519778654250e-01
1.845117062330246249e-01,1.849563039834999645e-01
1.845117062330246249e-01,1.860941700948949284e-01
1.984785944223403931e-01,1.871044840027667189e-01
2.143009155988692960e-01,1.905251932414190885e-01
2.143009155988692960e-01,1.940864634700506797e-01
1.841159015893935880e-01,1.975146331944196143e-01
1.841159015893935880e-01,1.976599472473441477e-01
2.104043960571289062e-01,1.975855073244719706e-01
2.032361328601836881e-01,1.995287121409511644e-01
2.032361328601836881e-01,1.973627149352487897e-01
2.088565975427627841e-01,1.953173222036559409e-01
2.088565975427627841e-01,1.994982576768617732e-01
1.960448026657104492e-01,2.034283719845966509e-01
1.900728046894073209e-01,2.009813106794330062e-01
1.900728046894073209e-01,1.988324377858093073e-01
1.658952832221984863e-01,1.965440551950522197e-01
1.658952832221984863e-01,1.901769371008544263e-01
1.872539073228836337e-01,1.834725731101645718e-01
1.852532625198364535e-01,1.816284115037141988e-01
1.852532625198364535e-01,1.807715153683294995e-01
1.799222826957702359e-01,1.802197003522416630e-01
1.799222826957702359e-01,1.816289976535638562e-01
2.012764066457748136e-01,1.825009970087872468e-01
1.978618204593658725e-01,1.855484377444900079e-01
1.978618204593658725e-01,1.879299375172797104e-01
1.950792670249938965e-01,1.902396539507118789e-01
1.950792670249938965e-01,1.926432719348482314e-01
1.711323857307434082e-01,1.948487107467338220e-01
1.623787879943847379e-01,1.904887731648330085e-01
1.623787879943847379e-01,1.858763710982936634e-01
1.677809953689575195e-01,1.811150610802277350e-01
1.677809953689575195e-01,1.772063555521783407e-01
2.059821039438247958e-01,1.734888269214779899e-01
2.158481031656265259e-01,1.790814570497705482e-01
2.158481031656265259e-01,1.874491240939046011e-01
2.141157686710357111e-01,1.955109608031349033e-01
2.141157686710357111e-01,2.025051280296483458e-01
1.768843084573745450e-01,2.091818070586032863e-01
1.967563778162002563e-01,2.050349496151848971e-01
1.967563778162002563e-01,2.015899458653446219e-01
1.834106147289275845e-01,1.980143047414561763e-01
1.834106147289275845e-01,1.926212592712288063e-01
1.805770993232727051e-01,1.868117689634868628e-01
1.911945044994354526e-01,1.871021196837280298e-01
1.911945044994354526e-01,1.858297771532783638e-01
2.012096941471100131e-01,1.847222114732423592e-01
2.012096941471100131e-01,1.882082729398089904e-01
2.066745012998580933e-01,1.914255984759136164e-01
2.420079559087752741e-01,1.958432991915101395e-01
2.420079559087752741e-01,2.060779466809286031e-01
2.195876985788345059e-01,2.152059445848746311e-01
2.195876985788345059e-01,2.183601119904270138e-01
2.106474190950393399e-01,2.214100803190748590e-01
1.944769918918609619e-01,2.219762208066922982e-01
1.944769918918609619e-01,2.136915477791195284e-01
1.704634428024291992e-01,2.048340250160782805e-01
1.704634428024291992e-01,1.971278215269561818e-01
1.787724494934081754e-01,1.888667805721483128e-01
1.750701963901519775e-01,1.828316035207393220e-01
1.750701963901519775e-01,1.796916850109322727e-01
1.796004772186279297e-01,1.766956859270506497e-01
1.796004772186279297e-01,1.774817507902234359e-01
1.688816994428634366e-01,1.779752381920340076e-01
1.640222966670989990e-01,1.776479316595866720e-01
1.640222966670989990e-01,1.770083330694081358e-01
1.799237728118896762e-01,1.760481718802998363e-01
1.799237728118896762e-01,1.759134716245202290e-01
1.769366562366485596e-01,1.760434141582342404e-01
1.781685650348663330e-01,1.769712858084306617e-01
1.781685650348663330e-01,1.781525993000808161e-01
1.665234863758087158e-01,1.783445503840910551e-01
1.665234863758087158e-01,1.779216119164385157e-01
1.855484992265701294e-01,1.767626887936617763e-01
1.732649058103561401e-01,1.777340517958458377e-01
1.732649058103561401e-01,1.773166347017523792e-01
1.860052198171615878e-01,1.769536615948281433e-01
1.860052198171615878e-01,1.790213310548367243e-01
1.832000017166137695e-01,1.808768348036620954e-01
1.951216459274291992e-01,1.807615888326136455e-01
1.951216459274291992e-01,1.842441461740279562e-01
2.088083624839782715e-01,1.875355495754374158e-01
2.088083624839782715e-01,1.920255042270536117e-01
1.873752027750015536e-01,1.961626908087515941e-01
2.025922685861587524e-01,1.968474659660131854e-01
2.025922685861587524e-01,1.981098358606243892e-01
1.986005455255508423e-01,1.993069851964841821e-01
1.986005455255508423e-01,1.974169968968150501e-01
1.863885968923568726e-01,1.955742543142071077e-01
1.716178953647613803e-01,1.954160673119925973e-01
1.716178953647613803e-01,1.908096631361325679e-01
1.885485500097274780e-01,1.859428349092426547e-01
1.885485500097274780e-01,1.837797849526030258e-01
2.112170010805130005e-01,1.817145090395635709e-01
1.833238750696182251e-01,1.871380236702790134e-01
1.833238750696182251e-01,1.887770746492071217e-01
2.096922993659972867e-01,1.901720213166028794e-01
2.096922993659972867e-01,1.939737838520357860e-01
2.197588831186294278e-01,1.975795135980721595e-01
2.330529242753982544e-01,1.994545405637131175e-01
2.330529242753982544e-01,2.083136814313635843e-01
2.151579260826110840e-01,2.165710669557298906e-01
2.151579260826110840e-01,2.175914190475145837e-01
2.008593231439590454e-01,2.185187049694303774e-01
1.312076449394226074e-01,2.153748051153005216e-01
1.312076449394226074e-01,2.024516843323620197e-01
1.399971693754196167e-01,1.891960542100787623e-01
1.399971693754196167e-01,1.795019248340062878e-01
1.684847325086593628e-01,1.695243995630461020e-01
2.097207009792327881e-01,1.648190165899267035e-01
2.097207009792327881e-01,1.743048641706043400e-01
1.677834987640380859e-01,1.834211361333694390e-01
1.677834987640380859e-01,1.859161552213931812e-01
1.697814613580703458e-01,1.878402668208539739e-01
1.778024435043334961e-01,1.876973429408943794e-01
1.778024435043334961e-01,1.820261614883905699e-01
1.989280730485916415e-01,1.760537348602182472e-01
1.989280730485916415e-01,1.806894543938093178e-01
1.968562752008437833e-01,1.853124257290417187e-01
1.764101982116698941e-01,1.892501663752981511e-01
1.764101982116698941e-01,1.892566979923216153e-01
1.775619983673095426e-01,1.889574600810205174e-01
1.775619983673095426e-01,1.853405574534464639e-01
1.848997771739960272e-01,1.814702021297839307e-01
1.751745045185089111e-01,1.787311467544691057e-01
1.751745045185089111e-01,1.788696944334082217e-01
1.822087168693542480e-01,1.787876053337633109e-01
1.822087168693542480e-01,1.792205884982967234e-01
1.833387613296508789e-01,1.796962768466567884e-01
2.092746049165725430e-01,1.796560129484245649e-01
2.092746049165725430e-01,1.865472748839037409e-01
2.103900015354156772e-01,1.923767175950291952e-01
2.103900015354156772e-01,1.972586872653119550e-01
1.875178515911102572e-01,2.019122049271875607e-01
1.892182081937789917e-01,2.025083424380428876e-01
1.892182081937789917e-01,1.991127482809696148e-01
2.129119038581847589e-01,1.955330094044965272e-01
2.129119038581847589e-01,1.959070856362654101e-01
1.846891939640044888e-01,1.965311957674314158e-01
1.933595985174179077e-01,1.963079682003353033e-01
1.933595985174179077e-01,1.969576127993754033e-01
1.597519963979721069e-01,1.974517055994718662e-01
1.597519963979721069e-01,1.898484516786380638e-01
1.731968969106673917e-01,1.819770242964772466e-01
1.763989776372909268e-01,1.802607816856662548e-01
1.763989776372909268e-01,1.775919490784403088e-01
1.903230398893356601e-01,1.752242508702148149e-01
1.903230398893356601e-01,1.785897365656397007e-01
1.978137493133544922e-01,1.817206265234601326e-01
1.724811047315597534e-01,1.857569343853813226e-01
1.724811047315597534e-01,1.855770449919991738e-01
1.773964017629623413e-01,1.850744701730268338e-01
1.773964017629623413e-01,1.829881582973404974e-01
1.862247735261917392e-01,1.808564320674911352e-01
2.039294093847274780e-01,1.784490658780506223e-01
2.039294093847274780e-01,1.841519384554043404e-01
2.303259670734404962e-01,1.893148120905521758e-01
2.303259670734404962e-01,1.992855247716801836e-01
2.793866395950316828e-01,2.082584629517350017e-01
2.991397082805632990e-01,2.258482723785134039e-01
2.991397082805632990e-01,2.434594647070863760e-01
2.514718174934387207e-01,2.598428396625241943e-01
2.514718174934387207e-01,2.635701835401031978e-01
1.890812516212463379e-01,2.670731627665173247e-01
2.833725214004517157e-01,2.527060265278146534e-01
2.833725214004517157e-01,2.492953069493470397e-01
2.606627941131591797e-01,2.461000178037720254e-01
2.606627941131591797e-01,2.477604568043367539e-01
2.856159806251525879e-01,2.496669945734243945e-01
2.152941524982452115e-01,2.652943795341911604e-01
2.152941524982452115e-01,2.537776415416954090e-01
1.691618561744689941e-01,2.419559637500889038e-01
1.691618561744689941e-01,2.279776438671237415e-01
1.676646620035171509e-01,2.132740715745377602e-01
1.986771523952484408e-01,1.901231528832021678e-01
1.986771523952484408e-01,1.865544317062864110e-01
1.806469559669494629e-01,1.831403095590170560e-01
1.806469559669494629e-01,1.846499156399752928e-01
1.824937760829925260e-01,1.860038648899693670e-01
1.871567964553833285e-01,1.873734804443099589e-01
1.871567964553833285e-01,1.850023037619836497e-01
2.099210023880004883e-01,1.825469881815729167e-01
2.099210023880004883e-01,1.887198586416829471e-01
1.939254999160766602e-01,1.939616871262166142e-01
1.662387549877166748e-01,1.958042220637789266e-01
1.662387549877166748e-01,1.934678190357670413e-01
1.659430116415023804e-01,1.908135215424032194e-01
1.659430116415023804e-01,1.840060557408825515e-01
1.823978126049041470e-01,1.769482588681220991e-01
1.884365230798721313e-01,1.750407732779292458e-01
1.884365230798721313e-01,1.777236521570196293e-01
2.158337980508804599e-01,1.804862214149919319e-01
2.158337980508804599e-01,1.889925289558914701e-01
2.153968065977096835e-01,1.968171700035943328e-01
1.994820386171341220e-01,2.023984262865188011e-01
1.994820386171341220e-01,2.042169663145634584e-01
1.468160003423690796e-01,2.058273180417093118e-01
1.468160003423690796e-01,1.970554295480443641e-01
1.810178905725479126e-01,1.879807603233973612e-01
1.982497125864028931e-01,1.819264317241845175e-01
1.982497125864028931e-01,1.815323138269713532e-01
1.886273920536041260e-01,1.815804878420467783e-01
1.886273920536041260e-01,1.858951597460727634e-01
1.874347329139708918e-01,1.895341548924900643e-01
1.838997006416320801e-01,1.903504153010959765e-01
1.838997006416320801e-01,1.877723238542825801e-01
1.789868623018264771e-01,1.850150503036266936e-01
1.789868623018264771e-01,1.834617742578847910e-01
2.386641800403594971e-01,1.817782796312719107e-01
4.006521701812744141e-01,1.941365736498456007e-01
4.006521701812744141e-01,2.430689429451129979e-01
3.205133974552154541e-01,2.799671376742096651e-01
3.205133974552154541e-01,2.999795558531340722e-01
3.453539609909057617e-01,3.197593446716238130e-01
3.201048076152800959e-01,3.350601696065184099e-01
3.201048076152800959e-01,3.225207943128451382e-01
3.410750627517700195e-01,3.107009077830766297e-01
3.410750627517700195e-01,3.138054914648589766e-01
3.317869901657104492e-01,3.168140091525117885e-01
3.053638935089111328e-01,3.149633550920354907e-01
3.053638935089111328e-01,3.126789885018906867e-01
2.349332422018050870e-01,3.100965757125104805e-01
2.349332422018050870e-01,2.920693139080963729e-01
2.433501929044723511e-01,2.738330746982622355e-01
2.282197028398513516e-01,2.576841723773302673e-01
2.282197028398513516e-01,2.434433207868986482e-01
2.155468463897705078e-01,2.280754728468268322e-01
2.155468463897705078e-01,2.247274620758016039e-01
1.862514019012451172e-01,2.212352516963199400e-01
1.789111644029617587e-01,2.115279140767228616e-01
1.789111644029617587e-01,2.034179490820341163e-01
1.881189942359924594e-01,1.947124422181420733e-01
1.881189942359924594e-01,1.893468096629827013e-01
2.258600741624832153e-01,1.830256667702975792e-01
2.293289005756378729e-01,1.921761832601408260e-01
2.293289005756378729e-01,2.012581110192047662e-01
2.172957956790924072e-01,2.096744712348037887e-01
2.172957956790924072e-01,2.144168386604335674e-01
2.285813987255096436e-01,2.189007856640334537e-01
2.961176931858062744e-01,2.193453924330646121e-01
2.961176931858062744e-01,2.331839177183877287e-01
2.966041862964630127e-01,2.457955153530251013e-01
2.966041862964630127e-01,2.596605748146063597e-01
2.547382712364196777e-01,2.732118015554542700e-01
2.234010547399520874e-01,2.776259199202032457e-01
2.234010547399520874e-01,2.652304011412487394e-01
2.086469978094100952e-01,2.525548716351412870e-01
2.086469978094100952e-01,2.368354585898831965e-01
2.144542932510375699e-01,2.195823148306377537e-01
1.909040212631225863e-01,2.115571027680657468e-01
1.909040212631225863e-01,2.060413265544371042e-01
1.961078941822052280e-01,2.002246340886774389e-01
1.961078941822052280e-01,1.979078324388416910e-01
1.758218258619308472e-01,1.954984407529448687e-01
1.801499277353286743e-01,1.888129226861610666e-01
1.801499277353286743e-01,1.871149196408946058e-01
1.802266091108321866e-01,1.852890722133775647e-01
1.802266091108321866e-01,1.823454795763003178e-01
1.831340938806533813e-01,1.790726313543701542e-01
1.799343973398208618e-01,1.798111508822081428e-01
1.799343973398208618e-01,1.799213930978941778e-01
1.912952065467834473e-01,1.799243051490338474e-01
1.912952065467834473e-01,1.821102628304806514e-01
2.391949146986007690e-01,1.841159228742107190e-01
2.476447969675064087e-01,1.966685520402042531e-01
2.476447969675064087e-01,2.090397528891490553e-01
2.603625059127808172e-01,2.204114244950497736e-01
2.603625059127808172e-01,2.323059961482662750e-01
2.153915017843246460e-01,2.436509047086489743e-01
1.687171012163162231e-01,2.398505712906036647e-01
1.687171012163162231e-01,2.281614542169174142e-01
1.901023983955383578e-01,2.160653848845591474e-01
1.901023983955383578e-01,2.030961834701196511e-01
1.932636946439743042e-01,1.879047012593040578e-01
1.967433989048003595e-01,1.833211819109600849e-01
1.967433989048003595e-01,1.873768743948683313e-01
1.968259066343307495e-01,1.912274642534859959e-01
1.968259066343307495e-01,1.924490315594716838e-01
1.806160062551498136e-01,1.936173755815330799e-01
1.917202025651932040e-01,1.917612060077127645e-01
1.917202025651932040e-01,1.907730165744610518e-01
1.939498037099838534e-01,1.897864835567205366e-01
1.939498037099838534e-01,1.892130512896532113e-01
1.780927032232284546e-01,1.887773825392966287e-01
1.982128173112868985e-01,1.885047752902537510e-01
1.982128173112868985e-01,1.896154461465294483e-01
2.026619017124175748e-01,1.907798954629382482e-01
2.026619017124175748e-01,1.924613601491482195e-01
1.926424354314803800e-01,1.941905080971802755e-01
1.775846034288406372e-01,1.962635817425247842e-01
1.775846034288406372e-01,1.932190340567004894e-01
1.697379499673843384e-01,1.899622485445828790e-01
1.697379499673843384e-01,1.848434116708267128e-01
1.742126941680907926e-01,1.794319809716631020e-01
1.767573058605194092e-01,1.765284088117448080e-01
1.767573058605194092e-01,1.763874609297642337e-01
1.698893159627914429e-01,1.764220254762522977e-01
1.698893159627914429e-01,1.765391741369537748e-01
1.786662638187408170e-01,1.764938184990368364e-01
1.773128658533096869e-01,1.767853375128677351e-01
1.773128658533096869e-01,1.768625621697824390e-01
1.912915557622909268e-01,1.770746660398135330e-01
1.924645453691482822e-01,1.799462427844105983e-01
1.917339116334915161e-01,1.830981036268017614e-01
1.682408750057220459e-01,1.853453879921318492e-01
1.682408750057220459e-01,1.846994702640152031e-01
1.533582359552383423e-01,1.836831924796602233e-01
1.533582359552383423e-01,1.797990288047541241e-01
1.219834238290786743e-01,1.754160080580047520e-01
1.124273017048835754e-01,1.698863260526946306e-01
1.124273017048835754e-01,1.658570320162479628e-01
1.387385427951812744e-01,1.609769916108449717e-01
1.387385427951812744e-01,1.593525060714645614e-01
1.735682934522628784e-01,1.578600506757839306e-01
1.894755959510803223e-01,1.631636137714944645e-01
1.894755959510803223e-01,1.706868179622984261e-01
1.896263062953949252e-01,1.770168327636547911e-01
1.896263062953949252e-01,1.819155654330006366e-01
1.874510943889617920e-01,1.855548795142137608e-01
1.846003979444504062e-01,1.873213310018638500e-01
1.846003979444504062e-01,1.865043382950061501e-01
2.440665513277053278e-01,1.856247619503818003e-01
2.440665513277053278e-01,1.982657694973865847e-01
2.327407002449035922e-01,2.084170821473187163e-01
2.219963967800140381e-01,2.159934086742539283e-01
2.219963967800140381e-01,2.218464956625808560e-01
1.852974742650985718e-01,2.273848148456324714e-01
1.852974742650985718e-01,2.177507422626152322e-01
1.947617977857589444e-01,2.075320114837716501e-01
1.780637502670288086e-01,2.003709146141732789e-01
1.780637502670288086e-01,1.926946697458223889e-01
1.859644204378128052e-01,1.838221476508066776e-01
1.859644204378128052e-01,1.837826612673446047e-01
2.072025239467620850e-01,1.837647025433896686e-01
1.870556026697158813e-01,1.867803299766205849e-01
1.870556026697158813e-01,1.882219815259679185e-01
2.003259211778640747e-01,1.895025356797274407e-01
2.003259211778640747e-01,1.919407380913418781e-01
2.049419134855270108e-01,1.942519922105658825e-01
4.109843969345092218e-01,1.938861178193315715e-01
4.109843969345092218e-01,2.465356638518686194e-01
3.859764039516448975e-01,2.847525403072040384e-01
3.859764039516448975e-01,3.128177203617768520e-01
3.761990368366241455e-01,3.392415471661819892e-01
3.382981419563292902e-01,3.616878260617791829e-01
3.382981419563292902e-01,3.511639798165790971e-01
2.050670981407165250e-01,3.404302428478986897e-01
2.050670981407165250e-01,3.142829074020582203e-01
2.311079055070877075e-01,2.859771510001697381e-01
2.232432067394256592e-01,2.603228115504209184e-01
2.232432067394256592e-01,2.388233312938146113e-01
1.962449550628662387e-01,2.134744598668679716e-01
1.962449550628662387e-01,2.122301339812271426e-01
1.992976218461990634e-01,2.107726161718576352e-01
1.784480065107345303e-01,2.048571146487748740e-01
1.784480065107345303e-01,1.972654545140897220e-01
1.708953380584716797e-01,1.888841236552527558e-01
1.708953380584716797e-01,1.851635239311438252e-01
1.857410371303558905e-01,1.812792575289433050e-01
1.884250044822692871e-01,1.782897699779018574e-01
1.884250044822692871e-01,1.799216668265517793e-01
1.818749755620956698e-01,1.816769537491097208e-01
1.818749755620956698e-01,1.830170307686238562e-01
1.936471015214920322e-01,1.840498993903498526e-01
1.790819615125656405e-01,1.854538765551725088e-01
1.790819615125656405e-01,1.841208985209207005e-01
1.921849995851516724e-01,1.827342990638204379e-01
1.921849995851516724e-01,1.844227505143104517e-01
1.867637038230896274e-01,1.860931180173472643e-01
1.980000883340836126e-01,1.850195834685628982e-01
1.980000883340836126e-01,1.882719343902168330e-01
3.074838817119598389e-01,1.913082489908722039e-01
3.074838817119598389e-01,2.181149121375157429e-01
2.838982045650482178e-01,2.389956554806250133e-01
2.563236057758331299e-01,2.544997822080081740e-01
2.563236057758331299e-01,2.636732817773535520e-01
2.176708281040191928e-01,2.726492902191858803e-01
2.176708281040191928e-01,2.570525216954476777e-01
3.016590476036071777e-01,2.406411074960051466e-01
3.009566068649291992e-01,2.441296475507792885e-01
3.009566068649291992e-01,2.525543433452184794e-01
3.871228992938995361e-01,2.608375461987488264e-01
3.871228992938995361e-01,2.908792097711109248e-01
3.553330004215240479e-01,3.178386512657990770e-01
2.734268903732300360e-01,3.263127121838608202e-01
2.734268903732300360e-01,3.227019552877535280e-01
3.047637045383452814e-01,3.185593376562024792e-01
3.047637045383452814e-01,3.048107180452057086e-01
1.934034079313278476e-01,2.902775869902705086e-01
1.674667745828628540e-01,2.630649010540552779e-01
1.674667745828628540e-01,2.475738030886835139e-01
1.849085837602615634e-01,2.316504597880053029e-01
1.849085837602615634e-01,2.097938102872972110e-01
2.460200339555740634e-01,1.811603320657721727e-01
2.682054042816162109e-01,1.936409438256706805e-01
2.682054042816162109e-01,2.118143698712781908e-01
2.603135108947753906e-01,2.282644073630274162e-01
2.603135108947753906e-01,2.405094429439626202e-01
2.072546035051345548e-01,2.524281768308079821e-01
2.076155245304107666e-01,2.462796925157122452e-01
2.076155245304107666e-01,2.358999525210935255e-01
1.928880363702774048e-01,2.249938758154225171e-01
1.928880363702774048e-01,2.127961412370066863e-01
1.886100023984909058e-01,1.989949451111635570e-01
1.899161785840987882e-01,1.957347439854129623e-01
1.899161785840987882e-01,1.924044679002153702e-01
1.841135472059249878e-01,1.888684199669210806e-01
1.841135472059249878e-01,1.873840238447581907e-01
1.885657012462615967e-01,1.858247395949600145e-01
1.928238719701766968e-01,1.857262421165190025e-01
1.928238719701766968e-01,1.862693165022669406e-01
1.931996941566467563e-01,1.869205220266072220e-01
1.931996941566467563e-01,1.885384801278383315e-01
1.622868627309799194e-01,1.900568704577601520e-01
1.296745538711548129e-01,1.872728210355366629e-01
1.296745538711548129e-01,1.823979840234761229e-01
1.509044617414474487e-01,1.763012920790094640e-01
1.509044617414474487e-01,1.709814015177940072e-01
1.567745953798294067e-01,1.657044875451161858e-01
2.352031022310256958e-01,1.652085664067983739e-01
2.352031022310256958e-01,1.798160642122852149e-01
2.412368059158324640e-01,1.938349291464693258e-01
2.412368059158324640e-01,2.072585066470806203e-01
3.487674891948700506e-01,2.203161822462507136e-01
4.479171633720397949e-01,2.546423913840261677e-01
4.479171633720397949e-01,2.950095598400034325e-01
7.274934649467468262e-01,3.292995679648975660e-01
7.274934649467468262e-01,4.137356284421545571e-01
7.546014785766600452e-01,4.864575271616383145e-01
6.946486234664916992e-01,5.477228218244540869e-01
6.946486234664916992e-01,5.844640117321102668e-01
6.383669972419738770e-01,6.162193387635750419e-01
6.383669972419738770e-01,6.013975231278572142e-01
5.096258521080017090e-01,5.858143806685496280e-01
3.489852249622344971e-01,5.481419380153084164e-01
3.489852249622344971e-01,5.023969659110895103e-01
3.274166882038116455e-01,4.500746415947939338e-01
3.274166882038116455e-01,4.014806417395246352e-01
3.183498978614807129e-01,3.479949824040169948e-01
2.771280407905578613e-01,3.175421463208739636e-01
2.771280407905578613e-01,3.056340890777993202e-01
2.614668905735015869e-01,2.933196628832762665e-01
2.614668905735015869e-01,2.816506496336254051e-01
2.646197974681854248e-01,2.695824785140734092e-01
2.569813728332519531e-01,2.594435381298506593e-01
2.569813728332519531e-01,2.557414117406552889e-01
2.632848024368286133e-01,2.520332731870703058e-01
2.632848024368286133e-01,2.523478306225481749e-01
2.274889498949050903e-01,2.526576273867491840e-01
1.972997337579727173e-01,2.462827593627012479e-01
1.972997337579727173e-01,2.366038978516935565e-01
1.593737602233886719e-01,2.265295976698211977e-01
1.593737602233886719e-01,2.099222890755470528e-01
1.552143245935440063e-01,1.916064220535633744e-01
2.165970057249068659e-01,1.802472079415347039e-01
2.165970057249068659e-01,1.837651371321791516e-01
2.152127921581268588e-01,1.875344562530567027e-01
2.152127921581268588e-01,1.955930411022496485e-01
2.079710960388183871e-01,2.035135773759295941e-01
2.003736048936843872e-01,2.101981678804979159e-01
2.003736048936843872e-01,2.073943628983981324e-01
1.930765211582184115e-01,2.044790928443840361e-01
1.930765211582184115e-01,2.005562966873505326e-01
1.887691617012023926e-01,1.964218304801391146e-01
2.153376042842864990e-01,1.929226551577486459e-01
2.153376042842864990e-01,1.959338207747602922e-01
2.704129219055175781e-01,1.988998201791015996e-01
2.704129219055175781e-01,2.148720848228551639e-01
5.549836754798889160e-01,2.287976531527900204e-01
5.126557946205139160e-01,3.049617931617975564e-01
5.126557946205139160e-01,3.518149445988040802e-01
5.099799633026123047e-01,3.934881376612204829e-01
5.099799633026123047e-01,4.262013556492905142e-01
4.163484573364257812e-01,4.550788298514311103e-01
2.535916566848754883e-01,4.353550439193201171e-01
2.541934549808502197e-01,4.028993558564512023e-01
1.788074076175689420e-01,3.665008422181723624e-01
1.788074076175689420e-01,3.177235762369852723e-01
1.850019842386245172e-01,2.593823697595277200e-01
1.711802035570144376e-01,2.110615843854990736e-01
1.711802035570144376e-01,1.967006779940649874e-01
1.727939993143081387e-01,1.785791109602909432e-01
1.727939993143081387e-01,1.778636077968104023e-01
1.767069548368454257e-01,1.771307284900703882e-01
1.761609017848968228e-01,1.760637021095266541e-01
1.761609017848968228e-01,1.765076156177350086e-01
2.039509564638137540e-01,1.769052636065973905e-01
2.039509564638137540e-01,1.825517665959753011e-01
1.905422955751419345e-01,1.877084345731117043e-01
1.819348037242889127e-01,1.898488555496922747e-01
1.819348037242889127e-01,1.906856630858142221e-01
1.684180349111557007e-01,1.912358673753348504e-01
1.684180349111557007e-01,1.858015423872803884e-01
1.891849339008331299e-01,1.800481124748546935e-01
1.689333617687225342e-01,1.795726320140718368e-01
1.689333617687225342e-01,1.783754611345883534e-01
1.962249428033828735e-01,1.771155637251219106e-01
1.962249428033828735e-01,1.809049817765935875e-01
1.980420649051666537e-01,1.847135724175987814e-01
1.778897047042846680e-01,1.865485394682719067e-01
1.778897047042846680e-01,1.876939003659157390e-01
1.612316220998764038e-01,1.884812221341173877e-01
1.612316220998764038e-01,1.841036225146595873e-01
1.492553949356079102e-01,1.795726044538110411e-01
1.442013978958130160e-01,1.742303101896032769e-01
1.442013978958130160e-01,1.714022861975759704e-01
1.220441684126853804e-01,1.682435553167081210e-01
1.220441684126853804e-01,1.656307348132738944e-01
1.259213238954544067e-01,1.624444260641709492e-01
1.192706972360610962e-01,1.604611456082164767e-01
1.192706972360610962e-01,1.584149100524467335e-01
1.400409787893295288e-01,1.562818785776753649e-01
1.400409787893295288e-01,1.577939333933342514e-01
1.655126959085464478e-01,1.592657472906847949e-01
1.946723610162734985e-01,1.630850068448907730e-01
1.946723610162734985e-01,1.709161811667883057e-01
1.824015974998474121e-01,1.778626764564167351e-01
1.824015974998474121e-01,1.817743776632049779e-01
1.781254708766937533e-01,1.846950120717294475e-01
1.768455654382705411e-01,1.856274420440640061e-01
1.768455654382705411e-01,1.825611106067717149e-01
1.895092576742171964e-01,1.791105479175773008e-01
1.895092576742171964e-01,1.804565933379110310e-01
1.890345066785812655e-01,1.819386114343401473e-01
2.166133970022201261e-01,1.837936476269717845e-01
2.166133970022201261e-01,1.915861265499744226e-01
2.142671942710876742e-01,1.983785380933877351e-01
2.142671942710876742e-01,2.027319047778137762e-01
1.696722060441970825e-01,2.069214882937947808e-01
1.861636042594909390e-01,2.045793474756675001e-01
1.861636042594909390e-01,1.994294682670048058e-01
2.109026014804839810e-01,1.940016767726267521e-01
2.109026014804839810e-01,1.931178028994154361e-01
2.016181051731109619e-01,1.926114126127837500e-01
2.371999472379684448e-01,1.972170803018354346e-01
2.371999472379684448e-01,2.068011996081305093e-01
1.953185498714447021e-01,2.155579625006162070e-01
1.953185498714447021e-01,2.132787560540622407e-01
1.463003754615783414e-01,2.109025537745599366e-01
2.596421837806701660e-01,2.044423196776484486e-01
2.596421837806701660e-01,2.088717731582521442e-01
4.047906100749969482e-01,2.134602922902829047e-01
4.047906100749969482e-01,2.563866862077452957e-01
3.813273906707764782e-01,2.915456678204214613e-01
3.577617108821868896e-01,3.242944629180781191e-01
3.577617108821868896e-01,3.388859324050009780e-01
3.031907975673675537e-01,3.524624431155895521e-01
3.031907975673675537e-01,3.376565713577083239e-01
2.219824343919754028e-01,3.221695151939251711e-01
2.247738689184189120e-01,2.969961694334676827e-01
2.247738689184189120e-01,2.746658048370278493e-01
2.553716301918030340e-01,2.502387818370729877e-01
2.553716301918030340e-01,2.406816356602273221e-01
2.618205845355987549e-01,2.307575040050102999e-01
2.273367345333099365e-01,2.380044358889033262e-01
2.273367345333099365e-01,2.385901176146474623e-01
2.031441032886505127e-01,2.389898665218783691e-01
2.031441032886505127e-01,2.301484180843716143e-01
1.758806854486465454e-01,2.208309001019675699e-01
1.670619547367095947e-01,2.055856102215743164e-01
1.670619547367095947e-01,1.959654399597986485e-01
2.118712961673737127e-01,1.855330237938401794e-01
2.118712961673737127e-01,1.870912504111660046e-01
1.990658938884735107e-01,1.889922604287932184e-01
1.948491036891937256e-01,1.926053719461129077e-01
1.948491036891937256e-01,1.963433155029012667e-01
1.566408872604369840e-01,1.997777728742245462e-01
1.566408872604369840e-01,1.922652086488027545e-01
1.590297073125839233e-01,1.844925846871968977e-01
1.671897023916244507e-01,1.792242582466541945e-01
1.671897023916244507e-01,1.753218176308974918e-01
1.815824955701828003e-01,1.716674576810401642e-01
1.815824955701828003e-01,1.741196573405251191e-01
2.245292961597442627e-01,1.764267802931787643e-01
2.216224968433380127e-01,1.873908804141840578e-01
2.216224968433380127e-01,1.962357825601644123e-01
2.066582888364792148e-01,2.046318790979667623e-01
2.066582888364792148e-01,2.085176154303865770e-01
1.570345163345336914e-01,2.121284615641658711e-01
1.968932896852493286e-01,2.025876233296394768e-01
1.968932896852493286e-01,1.979279152710132494e-01
2.048864960670471191e-01,1.930987287142544029e-01
2.048864960670471191e-01,1.927092621605138445e-01
1.668177992105484009e-01,1.926370233808016030e-01
1.417246013879776001e-01,1.934901159739170207e-01
1.417246013879776001e-01,1.879132363929988947e-01
1.666631847620010376e-01,1.818478507175188552e-01
1.666631847620010376e-01,1.760897952071494021e-01
1.926406770944595614e-01,1.704929863975697679e-01
2.254680991172790527e-01,1.740166763022244489e-01
2.254680991172790527e-01,1.856714277337490893e-01
2.252101451158524392e-01,1.970041648659349443e-01
2.252101451158524392e-01,2.061103680335570898e-01
2.145293951034545898e-01,2.148578506972474433e-01
1.820016801357269287e-01,2.182733762114196785e-01
1.820016801357269287e-01,2.114842254476056171e-01
1.906076073646545133e-01,2.043462558973888898e-01
1.906076073646545133e-01,1.979771825257650719e-01
1.686857044696807861e-01,1.909932080168959267e-01
1.903967410326004306e-01,1.831547696018523130e-01
1.903967410326004306e-01,1.843682862086327978e-01
2.045876085758208673e-01,1.856066107106136287e-01
2.045876085758208673e-01,1.884341052058229882e-01
1.865548938512802124e-01,1.912378405512515644e-01
1.815108954906464178e-01,1.934600594672063745e-01
1.815108954906464178e-01,1.921978702769176484e-01
2.014583945274352750e-01,1.907456413234213943e-01
2.014583945274352750e-01,1.899050964832229293e-01
2.036586105823516846e-01,1.893271981906547163e-01
1.918114423751831055e-01,1.925078357226065184e-01
1.918114423751831055e-01,1.941522526250682723e-01
1.731049269437789639e-01,1.955937705368736845e-01
1.731049269437789639e-01,1.913788046671854315e-01
1.919497996568680087e-01,1.869035582730240175e-01
1.787570714950561523e-01,1.842701991783863014e-01
1.787570714950561523e-01,1.822190264860159559e-01
1.788225024938583374e-01,1.802785782875509779e-01
1.788225024938583374e-01,1.808480607885075142e-01
1.665375530719757080e-01,1.811303384220694646e-01
1.951155364513396662e-01,1.781739503325999729e-01
1.951155364513396662e-01,1.808717828691911167e-01
1.929849982261657437e-01,1.836444545766651726e-01
1.929849982261657437e-01,1.859885387428225900e-01
1.620820015668869019e-01,1.883060720674078203e-01
1.356869190931320190e-01,1.880052863330330393e-01
1.356869190931320190e-01,1.827903494809056117e-01
1.467041671276092529e-01,1.767253039641990542e-01
1.467041671276092529e-01,1.712234698123558940e-01
1.972582042217254639e-01,1.656888923477345676e-01
1.894697993993758878e-01,1.704745198218879931e-01
1.894697993993758878e-01,1.760745645717607388e-01
1.961945891380310059e-01,1.812395148601363692e-01
1.961945891380310059e-01,1.866740849755828269e-01
2.645494043827056885e-01,1.915030585014206310e-01
2.692976891994476318e-01,2.069326974567224087e-01
2.692976891994476318e-01,2.216448749514228211e-01
2.608369886875153143e-01,2.352433265768063830e-01
2.608369886875153143e-01,2.459259483342294550e-01
2.406771630048751831e-01,2.563071550491645145e-01
3.313829302787780762e-01,2.521293082411181219e-01
3.313829302787780762e-01,2.641306740609737358e-01
3.281686902046204168e-01,2.755272033245582675e-01
3.281686902046204168e-01,2.872778452540556415e-01
2.904906868934631348e-01,2.988839139738690420e-01
2.625965774059296209e-01,3.076599912359649358e-01
2.625965774059296209e-01,2.956997912629786840e-01
1.794345527887344638e-01,2.836684620558384551e-01
1.794345527887344638e-01,2.594251193439911507e-01
1.727855503559112826e-01,2.338240245339752443e-01
2.207822054624556940e-01,2.135311462285032214e-01
2.207822054624556940e-01,2.047525589239307942e-01
2.426082938909530362e-01,1.952316207244317869e-01
2.426082938909530362e-01,2.066885637653773089e-01
2.444625049829483032e-01,2.173258537633404319e-01
2.097309380769729614e-01,2.285307830703414700e-01
2.097309380769729614e-01,2.268843137771687779e-01
1.825350672006606778e-01,2.250533557908749593e-01
1.825350672006606778e-01,2.152579345663098720e-01
1.691226661205291470e-01,2.048059945853529240e-01
1.575669944286346436e-01,1.911145321909673844e-01
1.575669944286346436e-01,1.837426118802523156e-01
1.770704984664916992e-01,1.762411884888506752e-01
1.770704984664916992e-01,1.753156211652414365e-01
1.741859167814254483e-01,1.746448476613376988e-01
1.755136996507644376e-01,1.753171563373250863e-01
1.755136996507644376e-01,1.767235196406599929e-01
1.687776893377304077e-01,1.771758725878272434e-01
1.687776893377304077e-01,1.767519596779044411e-01
1.939594447612762729e-01,1.760875921962497537e-01
1.943469941616058627e-01,1.789854749048901683e-01
1.943469941616058627e-01,1.820035848216899621e-01
2.223779261112213135e-01,1.850425056422849157e-01
2.223779261112213135e-01,1.944348639568708736e-01
2.144328951835632602e-01,2.029936795285992301e-01
1.937792897224426547e-01,2.065690875362816148e-01
1.937792897224426547e-01,2.066182124872611436e-01
1.783622056245803833e-01,2.064459275623246048e-01
1.783622056245803833e-01,1.991422446332232477e-01
1.706998199224472046e-01,1.912139926998597805e-01
1.894924789667129517e-01,1.834465645393791033e-01
1.894924789667129517e-01,1.823479907458411264e-01
2.422726899385452271e-01,1.815636410507142084e-01
2.422726899385452271e-01,1.955835388204410774e-01
2.336400598287582120e-01,2.069486900080370062e-01
2.456458657979964932e-01,2.167448643884803683e-01
2.456458657979964932e-01,2.262128359124057075e-01
2.297928631305694580e-01,2.352369532195213164e-01
2.297928631305694580e-01,2.330577018780224108e-01
2.152034044265747070e-01,2.308550631224347283e-01
2.607180178165435791e-01,2.277068707058012009e-01
2.607180178165435791e-01,2.305378786321803652e-01
2.623189091682434082e-01,2.334564823512383924e-01
2.623189091682434082e-01,2.394127560468302385e-01
2.198584228754044134e-01,2.453108336821895885e-01
3.426670730113983154e-01,2.460996353731687292e-01
3.426670730113983154e-01,2.622430674599234846e-01
3.465315699577331543e-01,2.771172049087264333e-01
3.465315699577331543e-01,2.916056801281918798e-01
2.930460572242736816e-01,3.056958064073929671e-01
2.670845985412597656e-01,3.173928643393978954e-01
2.670845985412597656e-01,3.050785999399701631e-01
2.535850703716278076e-01,2.922780196198140890e-01
2.535850703716278076e-01,2.758430384110038269e-01
2.199364602565765381e-01,2.582868125920166902e-01
2.274277955293655396e-01,2.452903928753702167e-01
2.274277955293655396e-01,2.381281777416560108e-01
1.686184257268905362e-01,2.307130860548079476e-01
1.686184257268905362e-01,2.173435705110545457e-01
1.842167228460311890e-01,2.031724518856816986e-01
1.896838992834091187e-01,1.971102866493408268e-01
1.896838992834091187e-01,1.898277576983867787e-01
1.641370058059692383e-01,1.815552506212254613e-01
1.641370058059692383e-01,1.815303301329896091e-01
2.130100131034850797e-01,1.810976448924364879e-01
2.186074256896972934e-01,1.864117689296971303e-01
2.186074256896972934e-01,1.919000141943084936e-01
2.188677042722702026e-01,1.972018422023109341e-01
2.188677042722702026e-01,2.053442923322668368e-01
2.313981950283050537e-01,2.131353013196581325e-01
2.149903923273086825e-01,2.164974952254002383e-01
2.149903923273086825e-01,2.159139107192965812e-01
2.503419816493988037e-01,2.152948844610057810e-01
2.503419816493988037e-01,2.213323837975275377e-01
2.535111904144287109e-01,2.271143799520802531e-01
2.445873767137527466e-01,2.313149135628126685e-01
2.445873767137527466e-01,2.364834693665205934e-01
2.031902372837066650e-01,2.414384032083113085e-01
2.031902372837066650e-01,2.336829853164000825e-01
2.327843457460403442e-01,2.256051290254486585e-01
2.531769871711730957e-01,2.214481107430380236e-01
2.531769871711730957e-01,2.230365904292511692e-01
2.558321058750153143e-01,2.248512304953804719e-01
2.558321058750153143e-01,2.340541583959607763e-01
2.091450989246368408e-01,2.429077468313051713e-01
2.179704755544662198e-01,2.392213018324445828e-01
2.179704755544662198e-01,2.330856397750747933e-01
2.751700878143310547e-01,2.267105747730590870e-01
2.751700878143310547e-01,2.304928405314403683e-01
2.834362983703612726e-01,2.344507669195175226e-01
5.200669765472412109e-01,2.475692753352078390e-01
5.200669765472412109e-01,3.075025580894764632e-01
5.718095898628234863e-01,3.552591350975531359e-01
5.718095898628234863e-01,4.009638774210166345e-01
5.820317864418029785e-01,4.426645905875347675e-01
5.010549426078796387e-01,4.798491675196807638e-01
5.010549426078796387e-01,4.775958637941888907e-01
2.807539105415344238e-01,4.752345713217264178e-01
2.807539105415344238e-01,4.393004182427423521e-01
2.063424885272980291e-01,3.980775584446909487e-01
2.145204693078994751e-01,3.417131613072045271e-01
2.145204693078994751e-01,2.947983597689635693e-01
2.198818922042846402e-01,2.354763432057264128e-01
2.198818922042846402e-01,2.237512934091654970e-01
2.337387651205062589e-01,2.108765619708883321e-01
2.567627131938934326e-01,2.158805764175754371e-01
2.580747008323668878e-01,2.239956337857815227e-01
2.328460067510605136e-01,2.319525473107719171e-01
2.328460067510605136e-01,2.342712685253715565e-01
1.991674900054931918e-01,2.364844984769202685e-01
1.789865642786026001e-01,2.310040108669045855e-01
1.789865642786026001e-01,2.181996674377895962e-01
1.796395033597946445e-01,2.041122133213118528e-01
1.796395033597946445e-01,1.945818732771575355e-01
1.698227077722549438e-01,1.831739710690503675e-01
1.522479057312011441e-01,1.784917322631536796e-01
1.522479057312011441e-01,1.772985421546605378e-01
1.740261465311050693e-01,1.750310433912246055e-01
1.740261465311050693e-01,1.741398400841465688e-01
1.826220005750656128e-01,1.734556143098920644e-01
1.566141396760940552e-01,1.751285422613991227e-01
1.566141396760940552e-01,1.755488335692636792e-01
1.689846664667129517e-01,1.756524540020567293e-01
1.689846664667129517e-01,1.749869343720716619e-01
1.731435954570770819e-01,1.743653725823536560e-01
1.901344954967498779e-01,1.733001766250960307e-01
1.901344954967498779e-01,1.769172714184959472e-01
1.337733566761016846e-01,1.803165039667197767e-01
1.337733566761016846e-01,1.794428165111399964e-01
1.587713211774826050e-01,1.769815133953393238e-01
3.362798094749451239e-01,1.752045425448379434e-01
3.362798094749451239e-01,2.077551729807293190e-01
3.365317881107330322e-01,2.340719476307526192e-01
3.365317881107330322e-01,2.636841975956550344e-01
3.025190830230712891e-01,2.922434528691736921e-01
2.839955985546112061e-01,3.140015717719258359e-01
2.839955985546112061e-01,3.051595663405811676e-01
1.806526631116867343e-01,2.961044632453009862e-01
1.806526631116867343e-01,2.708191403640780592e-01
1.813106983900070468e-01,2.448301063907682429e-01
2.399948686361312589e-01,2.241350623655410934e-01
2.399948686361312589e-01,2.147539320434690147e-01
2.357428967952728549e-01,2.048383621737875360e-01
2.357428967952728549e-01,2.139843373971243301e-01
2.299271076917648871e-01,2.228147577683607938e-01
2.266699969768523892e-01,2.301568808970518853e-01
2.266699969768523892e-01,2.277530879591421753e-01
2.079305946826934814e-01,2.253118559907447971e-01
2.079305946826934814e-01,2.205037396526664528e-01
2.176461517810821256e-01,2.155101967675605301e-01
2.530807852745056152e-01,2.131455160029956941e-01
2.530807852745056152e-01,2.184343740448892457e-01
2.445257008075714389e-01,2.236154493583356606e-01
2.445257008075714389e-01,2.300274770910638866e-01
2.472106367349624634e-01,2.362610714760736141e-01
2.140260040760040561e-01,2.412545833140830320e-01
2.140260040760040561e-01,2.345878866115376771e-01
3.001447618007659912e-01,2.276858311870071372e-01
3.001447618007659912e-01,2.389409924519449169e-01
4.906117916107178289e-01,2.494432528409986916e-01
3.879201114177703857e-01,2.985088166670732956e-01
3.879201114177703857e-01,3.244584170808036960e-01
3.368788957595825195e-01,3.485819584506859581e-01
3.368788957595825195e-01,3.541265707977294674e-01
2.932540476322174072e-01,3.588446548041778761e-01
1.897923052310943881e-01,3.283545852030652079e-01
1.897923052310943881e-01,2.985191996327352104e-01
2.160292118787765225e-01,2.660918625343929866e-01
2.160292118787765225e-01,2.446456717500317402e-01
3.753999471664429266e-01,2.202176940172818620e-01
3.595648109912872314e-01,2.402701876889122568e-01
3.595648109912872314e-01,2.692381374202743038e-01
3.568296134471892755e-01,2.957304415475137116e-01
3.568296134471892755e-01,3.173268241678660062e-01
2.543200254440308172e-01,3.377869227249207240e-01
1.710169017314910889e-01,3.198638090665997247e-01
1.710169017314910889e-01,2.922689916615652805e-01
1.929912567138671875e-01,2.632993187327268836e-01
1.929912567138671875e-01,2.344371485184292281e-01
1.877582967281341553e-01,1.987675445293135834e-01
1.911910772323608398e-01,1.838342523976848886e-01
1.911910772323608398e-01,1.866263446438634621e-01
2.173696309328078946e-01,1.892100549019632150e-01
2.173696309328078946e-01,1.943496307940679457e-01
2.077021002769470492e-01,1.990283930913205324e-01
2.206149846315383911e-01,2.023929509305217866e-01
2.206149846315383911e-01,2.075240664122079137e-01
2.270559668540954590e-01,2.123829288634230539e-01
2.270559668540954590e-01,2.141843572069397905e-01
2.409625947475433072e-01,2.160220930815536511e-01
2.354097962379456122e-01,2.220121284148969254e-01
2.354097962379456122e-01,2.247147044147110306e-01
2.214455157518386841e-01,2.273555338923508584e-01
2.214455157518386841e-01,2.264482923427137140e-01
1.873570978641510287e-01,2.254400584847203182e-01
1.875694990158081055e-01,2.166235158985602705e-01
1.875694990158081055e-01,2.084572576042057479e-01
1.860239952802658081e-01,1.996983766841770036e-01
1.860239952802658081e-01,1.930869687127668433e-01
2.020407021045684814e-01,1.853057266622795962e-01
1.742038130760192871e-01,1.882929741428185644e-01
1.742038130760192871e-01,1.866985993943021116e-01
1.875655949115752619e-01,1.849360685664655224e-01
1.875655949115752619e-01,1.850097556067734628e-01
1.820583045482635498e-01,1.850932582644875257e-01
1.922361850738525113e-01,1.813564500738781560e-01
1.922361850738525113e-01,1.841105768345797367e-01
2.172528207302093228e-01,1.867207450922118706e-01
2.172528207302093228e-01,1.930011235887198195e-01
2.296049296855926514e-01,1.985342449643054119e-01
2.509359121322631836e-01,2.068873004576064212e-01
2.509359121322631836e-01,2.177366811153990112e-01
2.739968001842498779e-01,2.278134138869923608e-01
2.739968001842498779e-01,2.383405197903096240e-01
2.468370050191879550e-01,2.483972763669836936e-01
2.319672256708144864e-01,2.513854823872993527e-01
2.319672256708144864e-01,2.482419005078581875e-01
2.044411897659301480e-01,2.449180483316103218e-01
2.044411897659301480e-01,2.327598036577139540e-01
2.075911909341812134e-01,2.197850236203110208e-01
2.634023129940032959e-01,2.123770360699218929e-01
2.634023129940032959e-01,2.188774045905630961e-01
3.036424219608306885e-01,2.251701149072888319e-01
3.036424219608306885e-01,2.436596621470402124e-01
3.236212432384490967e-01,2.608419869482775377e-01
3.383783698081970215e-01,2.806859751169452633e-01
3.383783698081970215e-01,2.939820111186652318e-01
3.256455063819885254e-01,3.070286873544345041e-01
3.256455063819885254e-01,3.109993170144149111e-01
3.199611008167266846e-01,3.148821430600351468e-01
3.445942103862762451e-01,3.142180990376146621e-01
3.445942103862762451e-01,3.148706650755436764e-01
3.591096997261047363e-01,3.157641557236198215e-01
3.591096997261047363e-01,3.207049347382893156e-01
3.462464511394500732e-01,3.258064362279003978e-01
3.135047256946564276e-01,3.298055592720555707e-01
3.135047256946564276e-01,3.252705032233025872e-01
2.611905336380004883e-01,3.204664975432512941e-01
2.611905336380004883e-01,3.046394581752181474e-01
2.517339885234832764e-01,2.878959235431969854e-01
2.365340739488601407e-01,2.709822843947246596e-01
2.365340739488601407e-01,2.570652555271978335e-01
2.257324606180191040e-01,2.423737328965824833e-01
2.257324606180191040e-01,2.359992033620052498e-01
2.135377526283263883e-01,2.294022052042654913e-01
1.833177059888839999e-01,2.224718630942894571e-01
1.833177059888839999e-01,2.138441961776237077e-01
2.036423683166503629e-01,2.047151567058915489e-01
2.036423683166503629e-01,2.003224862593546429e-01
2.443349212408065518e-01,1.957299928580513992e-01
2.420464009046554288e-01,2.027560494183369977e-01
2.420464009046554288e-01,2.130943046349466075e-01
1.904003769159317017e-01,2.228049268462805599e-01
1.904003769159317017e-01,2.211262766808019531e-01
1.422279328107833862e-01,2.191408756315851580e-01
1.802364736795425137e-01,2.047489512793438660e-01
1.802364736795425137e-01,1.937463575542339445e-01
1.587783545255661011e-01,1.814404048771374733e-01
1.587783545255661011e-01,1.778766628329775668e-01
1.564234346151351929e-01,1.743683730892469086e-01
1.458736360073089600e-01,1.747858984418483863e-01
1.458736360073089600e-01,1.718381242850106905e-01
1.534039974212646484e-01,1.685699407428378482e-01
1.534039974212646484e-01,1.680500926690860486e-01
1.587697118520736694e-01,1.675653637956977804e-01
1.766731888055801669e-01,1.678057208816043366e-01
1.766731888055801669e-01,1.706929869223758889e-01
1.735716015100479404e-01,1.733347668208434778e-01
1.735716015100479404e-01,1.750588874769068715e-01
1.556300967931747437e-01,1.763887313240472543e-01
1.678923070430755615e-01,1.763093956954951136e-01
1.678923070430755615e-01,1.753176073307490535e-01
1.889611035585403442e-01,1.743794113668916679e-01
1.889611035585403442e-01,1.764004853501324743e-01
1.857852935791015903e-01,1.786870799486119932e-01
1.759144961833954135e-01,1.814974611368777579e-01
1.759144961833954135e-01,1.823500275528933956e-01
1.993034631013870239e-01,1.827728948533325903e-01
1.993034631013870239e-01,1.847828841485518736e-01
1.905056983232498447e-01,1.868657510625110207e-01
1.746108233928680142e-01,1.878454527934330098e-01
1.746108233928680142e-01,1.878493944355134060e-01
1.891844570636748990e-01,1.875279011996756062e-01
1.891844570636748990e-01,1.853758529998034699e-01
1.795153021812438965e-01,1.832554231209475859e-01
2.012605071067810059e-01,1.817526066830424947e-01
2.012605071067810059e-01,1.863118034624293984e-01
2.108775675296783170e-01,1.905512343461902569e-01
2.108775675296783170e-01,1.947080361903361090e-01
1.980962008237838745e-01,1.986592498770108628e-01
1.666497588157653809e-01,2.014011102488057481e-01
1.666497588157653809e-01,1.968296939517404642e-01
1.744651794433593750e-01,1.919944493927226714e-01
1.744651794433593750e-01,1.858659129127589738e-01
1.693953573703765869e-01,1.793291954931318655e-01
1.666028350591659546e-01,1.752265773384763248e-01
1.666028350591659546e-01,1.752610817621716444e-01
1.645158231258392612e-01,1.751679747469171711e-01
1.645158231258392612e-01,1.743374738902330467e-01
1.785626411437988281e-01,1.734710685578974287e-01
2.016437053680419922e-01,1.743903770140727560e-01
2.016437053680419922e-01,1.795423705037594020e-01
2.162254005670547485e-01,1.847469132811969950e-01
2.162254005670547485e-01,1.929771107687643372e-01
1.915986984968185425e-01,2.007968696874571080e-01
1.954402029514312744e-01,2.026522820957216975e-01
1.954402029514312744e-01,2.016402436460396908e-01
2.037038058042526800e-01,2.005080337853949735e-01
2.037038058042526800e-01,1.979618894489204861e-01
1.996463239192962369e-01,1.954671858323665246e-01
1.804761737585068027e-01,1.968773287985988163e-01
1.804761737585068027e-01,1.947380658118145758e-01
1.873520165681838989e-01,1.924010043252095681e-01
1.873520165681838989e-01,1.893015821119545528e-01
1.970120966434478760e-01,1.860013083628993813e-01
2.032908946275711060e-01,1.854903916911675998e-01
2.032908946275711060e-01,1.897172008168986901e-01
1.883477419614791870e-01,1.936043135696845496e-01
1.883477419614791870e-01,1.938776977385907041e-01
2.073840051889420111e-01,1.939945085852189111e-01
1.903086006641387939e-01,1.958278459444705577e-01
1.903086006641387939e-01,1.935866372345314557e-01
1.647335141897201538e-01,1.913164776396804045e-01
1.647335141897201538e-01,1.886612319957839956e-01
1.856785118579864502e-01,1.857028974122031661e-01
2.097074985504150668e-01,1.813179796497602081e-01
2.097074985504150668e-01,1.852007217886389723e-01
1.964578926563262939e-01,1.890352613643556390e-01
1.964578926563262939e-01,1.933442685441061348e-01
2.250059992074966431e-01,1.974367834853687498e-01
2.485178858041763583e-01,2.043618943466153359e-01
2.485178858041763583e-01,2.122259878538870492e-01
2.478968948125838678e-01,2.195839145194121989e-01
2.478968948125838678e-01,2.284408104890870983e-01
2.352291047573089877e-01,2.369508994237650434e-01
2.200151830911636630e-01,2.386919281197007192e-01
2.200151830911636630e-01,2.337615202429074723e-01
1.695966720581054688e-01,2.286637537922778241e-01
1.695966720581054688e-01,2.164424487780361173e-01
2.001868933439254483e-01,2.035045566546198059e-01
1.837853938341140747e-01,1.965243546965216859e-01
1.837853938341140747e-01,1.899972620426766123e-01
1.719795018434524536e-01,1.829414824963546682e-01
1.719795018434524536e-01,1.832512143110335279e-01
1.722060889005661011e-01,1.831904706420359463e-01
2.091183662414551059e-01,1.783995703837432112e-01
2.091183662414551059e-01,1.836860125640953911e-01
1.962699592113494873e-01,1.884539963628344694e-01
1.962699592113494873e-01,1.920323374540544026e-01
2.345576137304306030e-01,1.954903276667979140e-01
2.212668955326080600e-01,2.061271957262815757e-01
2.212668955326080600e-01,2.084006096128709351e-01
2.321032136678695679e-01,2.106932667370157997e-01
2.321032136678695679e-01,2.169368651471152154e-01
2.424474954605102262e-01,2.228512487801816710e-01
2.362180352210998258e-01,2.243752000074359931e-01
2.362180352210998258e-01,2.270890083509355117e-01
2.033241987228393277e-01,2.297228857107254107e-01
2.033241987228393277e-01,2.250704220294715563e-01
1.746149510145187655e-01,2.201939148318714234e-01
1.879347711801528931e-01,2.091766854117262375e-01
1.879347711801528931e-01,2.003824733130645797e-01
1.927646994590759555e-01,1.904428174491799575e-01
1.927646994590759555e-01,1.882978465190853212e-01
1.995158940553664884e-01,1.862702896402824437e-01
1.902115345001220981e-01,1.902132666101688518e-01
1.902115345001220981e-01,1.906701062069579844e-01
1.989603042602539062e-01,1.910366693937404770e-01
2.005373090505599976e-01,1.921326935998833862e-01
1.870438009500503540e-01,1.935175715080073577e-01
1.557538956403732577e-01,1.914931016380675421e-01
1.557538956403732577e-01,1.880025891851952180e-01
1.348650753498077393e-01,1.841209678382455806e-01
1.348650753498077393e-01,1.776891162601815233e-01
1.567980051040649414e-01,1.704237368048042156e-01
1.943633109331130981e-01,1.666562022882551453e-01
1.943633109331130981e-01,1.714674976758686908e-01
2.161478996276855746e-01,1.764234672024602990e-01
2.161478996276855746e-01,1.864489314744144088e-01
2.312179952859878540e-01,1.961810687005638709e-01
1.992108970880508423e-01,2.074360146493929025e-01
1.992108970880508423e-01,2.083434394937262735e-01
3.674222230911255438e-01,2.090621979801121910e-01
3.674222230911255438e-01,2.430603999047704356e-01
4.058226048946381170e-01,2.701542673011066431e-01
4.052526056766510010e-01,2.998902150454496596e-01
4.052526056766510010e-01,3.307010891362688887e-01
3.688966929912567139e-01,3.587822456692906226e-01
3.688966929912567139e-01,3.591806893988832017e-01
2.675450444221497137e-01,3.594157982824827124e-01
2.104666233062744141e-01,3.400110582396898007e-01
2.104666233062744141e-01,3.114412207237182151e-01
2.505743205547332764e-01,2.798109432223649939e-01
2.505743205547332764e-01,2.578681594395632048e-01
2.567990124225616455e-01,2.326634538998513246e-01
2.333147972822189053e-01,2.306177476978308882e-01
2.333147972822189053e-01,2.345284208601917664e-01
1.871584951877593994e-01,2.382183594540595584e-01
1.871584951877593994e-01,2.280790455545068929e-01
1.702336072921752930e-01,2.174448918999921931e-01
1.787967979907989502e-01,2.025891146743290239e-01
1.787967979907989502e-01,1.927738263749542158e-01
2.178041040897369107e-01,1.807235876903173222e-01
2.178041040897369107e-01,1.876726947325603745e-01
2.256611436605453214e-01,1.935618167566618419e-01
2.151906937360763827e-01,2.026385382797712964e-01
2.151906937360763827e-01,2.083952423824689815e-01
2.004701942205429077e-01,2.138532869260661440e-01
2.004701942205429077e-01,2.109557239538142615e-01
1.993511021137237549e-01,2.079037879179811144e-01
2.054219990968704224e-01,2.029928286789333403e-01
2.054219990968704224e-01,2.010657844579398779e-01
2.202302068471908569e-01,1.991833679426640580e-01
2.202302068471908569e-01,2.029724732042616497e-01
2.543391883373260498e-01,2.066299629783901748e-01
2.307367920875549039e-01,2.172504429782740887e-01
2.307367920875549039e-01,2.216915750406780738e-01
2.086869627237319946e-01,2.259704026179460423e-01
2.086869627237319946e-01,2.241915556035571910e-01
1.803357303142547607e-01,2.221895515274296684e-01
1.733369380235671997e-01,2.093779746353006677e-01
1.733369380235671997e-01,1.999422456567790385e-01
1.888285428285598755e-01,1.896479071740941325e-01
1.888285428285598755e-01,1.856101793276075662e-01
1.801446974277496338e-01,1.812103910955430164e-01
1.690454930067062378e-01,1.814601383768516818e-01
1.690454930067062378e-01,1.812675848447884430e-01
1.937783956527709961e-01,1.807195137640694449e-01
1.937783956527709961e-01,1.814046822225414690e-01
1.963465064764022827e-01,1.824339691847209344e-01
1.779485940933227817e-01,1.853188533832444418e-01
1.779485940933227817e-01,1.864390885819116050e-01
1.642222702503204623e-01,1.872022059263778737e-01
1.642222702503204623e-01,1.834676355634409783e-01
2.063633054494857511e-01,1.795969150715139018e-01
2.183381021022796631e-01,1.815786413568195867e-01
2.183381021022796631e-01,1.889544477339082373e-01
1.926020979881286621e-01,1.958751762027361731e-01
1.926020979881286621e-01,1.996147940979873525e-01
1.817457973957061768e-01,2.030400898187945946e-01
1.791574060916900912e-01,1.991493725865664255e-01
1.791574060916900912e-01,1.922579751540750836e-01
1.796555072069168091e-01,1.843242342634084652e-01
1.796555072069168091e-01,1.819103764270360579e-01
1.755983978509902954e-01,1.790076570570587056e-01
1.700639575719833374e-01,1.786308918823976410e-01
1.700639575719833374e-01,1.781385283151947496e-01
1.699959039688110629e-01,1.772920137864997803e-01
1.699959039688110629e-01,1.763103830890262458e-01
1.770231574773788452e-01,1.753537584430533425e-01
1.734361052513122836e-01,1.754978758618767065e-01
1.734361052513122836e-01,1.758218583294027804e-01
1.864347159862518588e-01,1.761275230940145820e-01
1.864347159862518588e-01,1.779966515356860290e-01
1.702874004840850830e-01,1.799156510978328349e-01
1.785273402929306030e-01,1.796580780864684423e-01
1.785273402929306030e-01,1.801233817008503768e-01
1.290820986032485962e-01,1.803820092215605020e-01
1.290820986032485962e-01,1.778701027029911952e-01
1.158849000930786133e-01,1.729111678063025015e-01
1.127520129084587236e-01,1.687421418836573539e-01
1.127520129084587236e-01,1.625536294983821184e-01
1.570463031530380249e-01,1.557611596975109758e-01
1.570463031530380249e-01,1.585351675299750962e-01
1.757429093122482577e-01,1.613193447039967532e-01
1.788239777088165561e-01,1.670276752932131903e-01
1.788239777088165561e-01,1.725426391158179085e-01
2.061250060796737393e-01,1.758612310097739384e-01
2.061250060796737393e-01,1.825699754783004225e-01
2.961472272872924805e-01,1.891865993540357282e-01
2.668476104736328125e-01,2.149623526050196964e-01
2.668476104736328125e-01,2.295679034783053019e-01
2.756402194499968927e-01,2.435214757881394854e-01
2.756402194499968927e-01,2.552452602257296865e-01
2.648843526840210516e-01,2.666042066201274041e-01
3.272587060928344727e-01,2.608747484769441405e-01
3.272587060928344727e-01,2.721753970585895632e-01
2.934317588806152344e-01,2.830229043136721634e-01
2.934317588806152344e-01,2.862814537364067324e-01
2.612319886684417725e-01,2.896115753745199806e-01
2.073775231838226596e-01,2.889584617013812307e-01
2.073775231838226596e-01,2.687289147819417190e-01
1.807138323783874234e-01,2.476833771987884958e-01
1.807138323783874234e-01,2.286637485642925571e-01
1.843436211347579956e-01,2.074815378391571818e-01
2.054681032896041870e-01,1.913610570217594564e-01
2.054681032896041870e-01,1.907743940556481943e-01
1.878930032253265381e-01,1.905118581364485253e-01
1.878930032253265381e-01,1.917134981738810307e-01
2.013643831014632624e-01,1.927617464884705811e-01
1.992990970611572821e-01,1.953884014654090895e-01
1.992990970611572821e-01,1.941680606178833868e-01
2.207290083169937134e-01,1.930598300960215397e-01
2.207290083169937134e-01,1.993205984232696570e-01
2.184396982192992609e-01,2.050795781257276351e-01
2.160932719707489014e-01,2.081900526437438503e-01
2.160932719707489014e-01,2.111126727703542538e-01
1.800702065229415616e-01,2.138791683571751867e-01
1.800702065229415616e-01,2.075792120156034759e-01
1.806241124868392944e-01,2.009485721115097934e-01
1.736052930355072021e-01,1.944500984402144916e-01
1.736052930355072021e-01,1.871216980424636744e-01
1.964215040206908625e-01,1.783899355386145413e-01
1.964215040206908625e-01,1.814719619847875720e-01
2.613951861858367920e-01,1.844228403224860147e-01
2.367069572210311890e-01,2.021633738199896668e-01
2.367069572210311890e-01,2.123875862995794894e-01
1.817331761121749878e-01,2.221784653393281128e-01
1.817331761121749878e-01,2.204578236439757033e-01
1.872550845146179199e-01,2.183246175809309686e-01
1.708921939134597501e-01,2.046485893789065091e-01
1.708921939134597501e-01,1.933440492930113275e-01
1.886087059974670410e-01,1.797635173979783840e-01
1.886087059974670410e-01,1.806686781659448682e-01
1.907265037298202515e-01,1.817698961890301390e-01
1.932464987039565762e-01,1.826459077034965073e-01
1.932464987039565762e-01,1.858802776256230360e-01
1.732929944992065707e-01,1.889288740909935704e-01
1.732929944992065707e-01,1.870153297157284844e-01
2.095063477754592896e-01,1.848985494490527903e-01
4.538556933403015692e-01,1.885564253155470049e-01
4.538556933403015692e-01,2.523300839562072073e-01
4.529328942298889160e-01,2.969184589699555565e-01
4.529328942298889160e-01,3.378043374869921234e-01
4.376089870929718018e-01,3.750933061676018365e-01
4.101786911487578791e-01,4.029777167568822094e-01
4.115216732025146484e-01,3.967472878542928627e-01
2.999480962753295898e-01,3.905617124294549214e-01
2.999480962753295898e-01,3.695901814605064284e-01
2.755359113216400146e-01,3.470762579976903184e-01
2.636764347553253174e-01,3.221680282505302029e-01
2.636764347553253174e-01,2.980000212916624203e-01
3.030085861682891846e-01,2.708140872984180492e-01
3.030085861682891846e-01,2.711963321368786040e-01
2.883977890014648438e-01,2.717480298721878240e-01
2.769187986850738525e-01,2.741727562837312226e-01
2.769187986850738525e-01,2.766636639558934241e-01
2.645944654941558838e-01,2.789593638305145062e-01
2.645944654941558838e-01,2.719705259376850592e-01
3.595731556415557861e-01,2.648846609359623572e-01
3.489974141120910645e-01,2.784116829580914887e-01
3.489974141120910645e-01,2.911028610128698069e-01
3.149650990962982178e-01,3.033147429163116637e-01
3.149650990962982178e-01,3.117553359193790397e-01
2.530409693717956543e-01,3.198710706892473055e-01
2.099061757326126376e-01,3.025944334537735703e-01
2.099061757326126376e-01,2.798053397375473428e-01
2.237384021282196045e-01,2.556792590590934999e-01
2.237384021282196045e-01,2.387169151086901142e-01
2.169338017702102661e-01,2.196503770021829838e-01
2.123453021049499789e-01,2.125821990273975004e-01
2.123453021049499789e-01,2.130480334894450101e-01
2.144929021596908569e-01,2.134262869577323030e-01
2.144929021596908569e-01,2.116860741882930774e-01
2.123427987098693570e-01,2.099510728134341975e-01
2.086919993162154874e-01,2.091309339128024636e-01
2.086919993162154874e-01,2.084984056861959312e-01
2.024399936199187955e-01,2.078343822096492544e-01
2.024399936199187955e-01,2.057013813648649880e-01
1.932131946086883545e-01,2.035034001811331372e-01
1.812405437231064120e-01,2.001687074322376358e-01
1.812405437231064120e-01,1.956776593641279816e-01
1.841152161359786987e-01,1.908882226998175058e-01
1.841152161359786987e-01,1.874565178938987497e-01
2.009199708700180054e-01,1.836575007275873528e-01
1.946409046649933139e-01,1.855088169989804747e-01
1.946409046649933139e-01,1.878677962770670673e-01
1.966055035591125211e-01,1.900991737384111757e-01
1.966055035591125211e-01,1.921977063333262514e-01
1.737543940544128418e-01,1.941447581760528118e-01
1.790176033973693848e-01,1.901209428937333801e-01
1.790176033973693848e-01,1.876249694566480553e-01
2.000912129878997525e-01,1.849854485383836677e-01
2.000912129878997525e-01,1.855566685399297477e-01
1.695824414491653442e-01,1.864721132606013687e-01
1.927433013916015903e-01,1.863065305185556408e-01
1.927433013916015903e-01,1.882851489745879514e-01
2.038794755935668945e-01,1.901611099319381881e-01
2.038794755935668945e-01,1.908718720053748930e-01
2.095497995615005216e-01,1.918201737943670826e-01
2.050999999046325406e-01,1.979131573505273078e-01
2.050999999046325406e-01,2.000976025787192525e-01
1.882844567298888883e-01,2.021651733658176298e-01
1.882844567298888883e-01,1.996956430226473345e-01
2.005678713321685513e-01,1.970606927790961027e-01
1.948222815990447998e-01,1.952159480616482978e-01
1.948222815990447998e-01,1.932695823040276317e-01
1.851616054773330688e-01,1.913570811152042472e-01
1.851616054773330688e-01,1.909430470443419514e-01
1.811457574367523193e-01,1.903679446524366436e-01
1.909579336643218717e-01,1.869156803555206969e-01
1.909579336643218717e-01,1.860117615032670646e-01
2.015465050935744962e-01,1.852653372854558000e-01
2.015465050935744962e-01,1.885244042842793011e-01
1.874635964632034579e-01,1.915526911015149047e-01
2.141288071870804111e-01,1.925307381024969899e-01
2.141288071870804111e-01,1.969026803282803439e-01
2.041694968938827515e-01,2.010173471485022789e-01
2.041694968938827515e-01,2.015469306355452406e-01
2.533474564552307129e-01,2.021031483579215360e-01
2.678037881851196289e-01,2.144913327487700527e-01
2.678037881851196289e-01,2.249559472488706358e-01
3.017286956310272217e-01,2.347777795735939144e-01
3.017286956310272217e-01,2.522615077510762527e-01
3.658618927001953125e-01,2.688786362281196940e-01
3.397559225559234619e-01,2.892015391941393232e-01
3.397559225559234619e-01,3.015244946399385784e-01
2.932764291763305664e-01,3.134813697710104319e-01
2.932764291763305664e-01,3.124214300737466199e-01
2.594402134418487549e-01,3.108927349753515812e-01
1.747480928897857388e-01,2.930628109523730762e-01
1.747480928897857388e-01,2.665728031289598121e-01
1.857970058917999545e-01,2.388119431050121921e-01
1.857970058917999545e-01,2.201628711345316736e-01
2.116256058216094971e-01,1.989059621786554710e-01
2.045923024415969571e-01,1.870229291379757186e-01
2.045923024415969571e-01,1.919136745648415410e-01
2.080095559358596802e-01,1.965568886730579279e-01
2.080095559358596802e-01,2.003056157022352068e-01
2.008861005306243896e-01,2.038286091467493288e-01
2.219119668006896973e-01,2.019356612323292277e-01
2.219119668006896973e-01,2.052112343794719185e-01
2.171941995620727539e-01,2.084033265088161557e-01
2.171941995620727539e-01,2.100926180347738592e-01
2.135767042636871615e-01,2.117790035288407424e-01
2.023674994707107544e-01,2.138529973607963264e-01
2.023674994707107544e-01,2.104603868579455750e-01
1.955586671829223910e-01,2.069410653754793494e-01
1.955586671829223910e-01,2.031175109715387117e-01
1.969362944364548285e-01,1.991009780034832533e-01
1.962438523769378385e-01,1.958951645017753818e-01
1.962438523769378385e-01,1.947469508098939872e-01
2.066201269626617154e-01,1.936184417368863042e-01
2.080711275339126587e-01,1.957022640409603609e-01
2.266834974288940152e-01,1.980291390833276988e-01
2.307016998529434482e-01,2.038221944266818131e-01
2.307016998529434482e-01,2.101668721559622477e-01
2.064162045717239380e-01,2.161771506192372294e-01
2.064162045717239380e-01,2.162655719300327350e-01
2.136748582124710083e-01,2.159698696269949647e-01
2.115589976310729703e-01,2.135341069744769171e-01
2.115589976310729703e-01,2.098816963124453816e-01
2.210098206996917447e-01,2.061872391440341123e-01
2.210098206996917447e-01,2.088729506213530818e-01
2.002004534006119052e-01,2.114877901226501489e-01
2.026610970497131625e-01,2.093024483686005410e-01
2.026610970497131625e-01,2.077848792995697635e-01
1.840810924768447876e-01,2.061729661243074940e-01
1.840810924768447876e-01,1.998700312929110323e-01
1.918098330497741699e-01,1.930754302782865528e-01
1.945068985223769864e-01,1.914356727245587753e-01
1.945068985223769864e-01,1.897533171709368249e-01
1.860962957143784124e-01,1.881817336714869948e-01
1.860962957143784124e-01,1.885869210047963485e-01
3.239021003246307373e-01,1.888451726485671778e-01
2.998737990856171209e-01,2.203972415669647744e-01
2.998737990856171209e-01,2.388583561522300003e-01
2.647733092308044434e-01,2.561644563141115549e-01
2.647733092308044434e-01,2.681246021992506057e-01
2.435151785612106601e-01,2.800739580946470797e-01
1.468971520662307462e-01,2.656546526745601211e-01
1.468971520662307462e-01,2.424308295815219005e-01
1.675205081701278687e-01,2.184628936417817024e-01
1.675205081701278687e-01,2.025484346085341947e-01
1.691907048225402832e-01,1.851335117001049468e-01
1.851512044668197354e-01,1.715720696208242746e-01
1.851512044668197354e-01,1.751916441082804476e-01
1.919896006584167758e-01,1.780389835003385046e-01
1.919896006584167758e-01,1.813158257243568383e-01
1.983390152454376221e-01,1.845767681414003658e-01
2.193651050329208652e-01,1.888140086245161386e-01
2.193651050329208652e-01,1.956383252141381257e-01
2.147694528102874756e-01,2.017382698715015077e-01
2.147694528102874756e-01,2.057125756195410937e-01
2.910268306732177734e-01,2.095292324122517147e-01
2.744570672512054443e-01,2.280885638964826323e-01
2.744570672512054443e-01,2.381714428488845292e-01
2.695364058017731268e-01,2.478706533426043301e-01
2.695364058017731268e-01,2.571867161701543725e-01
2.071107774972916205e-01,2.662234303253138146e-01
1.958816945552826205e-01,2.520376891299766497e-01
1.958816945552826205e-01,2.390661138355630322e-01
1.965135931968688965e-01,2.254418726113998628e-01
1.965135931968688965e-01,2.118290099774980118e-01
1.876440942287445068e-01,1.957687912122995366e-01
2.025545984506607056e-01,1.922945608183039279e-01
2.025545984506607056e-01,1.934996416702018385e-01
1.871117651462554932e-01,1.947365565100779294e-01
1.871117651462554932e-01,1.932900451281187315e-01
1.973968744277954102e-01,1.917796825603753086e-01
2.005362063646316528e-01,1.932650700874727623e-01
2.005362063646316528e-01,1.928144940842730914e-01
2.371928393840789517e-01,1.925183965156152532e-01
2.371928393840789517e-01,2.026380062489241130e-01
2.252300232648849210e-01,2.115653581894104962e-01
2.096156179904937467e-01,2.163442326909959523e-01
2.096156179904937467e-01,2.179054629741376259e-01
1.828726381063461304e-01,2.192488617118943939e-01
1.828726381063461304e-01,2.102336861761520126e-01
2.188799381256103516e-01,2.005570375814370587e-01
2.092117965221405029e-01,1.990316403266806367e-01
2.092117965221405029e-01,1.989446058998706190e-01
2.991323173046112061e-01,1.990289905232502377e-01
2.991323173046112061e-01,2.229383972839522610e-01
3.725849986076354980e-01,2.430909330922675915e-01
3.703671991825104315e-01,2.717811791821013734e-01
7.407343983650208630e-01,2.983304663369937826e-01
3.411498963832855225e-01,3.950306132484422417e-01
3.411498963832855225e-01,4.007166149692465429e-01
2.537753880023956299e-01,4.061530430294645888e-01
2.660570144653320312e-01,3.928661073020205396e-01
2.660570144653320312e-01,3.790567487275898761e-01
2.583504617214202881e-01,2.833783819237692958e-01
2.583504617214202881e-01,2.682954447690277244e-01
2.349327653646469116e-01,2.522687346482813120e-01
1.964800357818603238e-01,2.490438867419765556e-01
1.964800357818603238e-01,2.375666215354232669e-01
2.010751813650131226e-01,2.255892980317874552e-01
2.010751813650131226e-01,2.150994045277510591e-01
2.233009040355682373e-01,2.035410688837298032e-01
2.107799947261810303e-01,2.009519938033368924e-01
2.107799947261810303e-01,2.035254268521698162e-01
2.084790617227554876e-01,2.060036622463888578e-01
2.084790617227554876e-01,2.072997014751357669e-01
2.135446965694427490e-01,2.084694779325775016e-01
2.063921540975570679e-01,2.065861649292311253e-01
2.063921540975570679e-01,2.058220713830842818e-01
1.915937960147857388e-01,2.050444540922950754e-01
1.915937960147857388e-01,2.022799650495098744e-01
1.907173544168472568e-01,1.993523803289724561e-01
2.065229862928390780e-01,1.951289620440083139e-01
2.065229862928390780e-01,1.950405699847354013e-01
2.108760029077530185e-01,1.951334964297748442e-01
2.108760029077530185e-01,1.986837955557163304e-01
1.930121034383773526e-01,2.020907688192987162e-01
1.988846510648727417e-01,2.024742757221486555e-01
1.988846510648727417e-01,2.011153103603180725e-01
2.141418009996414462e-01,1.996975619528584822e-01
2.141418009996414462e-01,2.002643691229251677e-01
2.070428282022475919e-01,2.009881953299114121e-01
3.285667896270751953e-01,2.034002107206575038e-01
3.285667896270751953e-01,2.317982118077677456e-01
4.495427012443543036e-01,2.549382618714426396e-01
4.495427012443543036e-01,2.979555453685081012e-01
4.017376005649567206e-01,3.347923009454206733e-01
3.919491171836853027e-01,3.610425182915745212e-01
3.933891355991364081e-01,3.702835216804231111e-01
3.275258541107177734e-01,3.791314832399960144e-01
3.275258541107177734e-01,3.615359488057816040e-01
2.748836874961853027e-01,3.432543674179142634e-01
2.869270443916320801e-01,3.243419678669469119e-01
2.869270443916320801e-01,3.073686761693200653e-01
2.935220301151276190e-01,2.890378672036033603e-01
2.935220301151276190e-01,2.827598803438778341e-01
3.149933218955993652e-01,2.765651815091058063e-01
3.063029944896697998e-01,2.838249158559290053e-01
3.063029944896697998e-01,2.873842948307360201e-01
2.829472124576569159e-01,2.909506509781713546e-01
2.829472124576569159e-01,2.891535694344693486e-01
2.236190885305404663e-01,2.871851561877528103e-01
2.047974467277526855e-01,2.713976603343353777e-01
2.047974467277526855e-01,2.542676157578131479e-01
1.970064640045166016e-01,2.361899255060596614e-01
1.970064640045166016e-01,2.205575046195474009e-01
2.168944925069808682e-01,2.025466586079169018e-01
2.222929000854491910e-01,2.010794708631620242e-01
2.222929000854491910e-01,2.044562797273672683e-01
2.163385450839996615e-01,2.077705338473657126e-01
2.163385450839996615e-01,2.111124316206166307e-01
2.129120975732803622e-01,2.142868153763077821e-01
2.239284068346024115e-01,2.135729296017203349e-01
2.239284068346024115e-01,2.138322043032193642e-01
2.111652940511703491e-01,2.141470193373332109e-01
2.111652940511703491e-01,2.132946014544637725e-01
2.037166059017181119e-01,2.124137477879779190e-01
1.949672847986221313e-01,2.108321198619649284e-01
1.949672847986221313e-01,2.057385856800301172e-01
2.212041467428207397e-01,2.003652253979564812e-01
2.212041467428207397e-01,2.022766615483883590e-01
2.242754995822906772e-01,2.042684015602573566e-01
2.110134959220886508e-01,2.081507611183055217e-01
2.110134959220886508e-01,2.108644722802054117e-01
1.880159825086593350e-01,2.133915160738185934e-01
1.880159825086593350e-01,2.079924983527818294e-01
1.926469951868057251e-01,2.022831444997106876e-01
1.927028000354766846e-01,1.962090837912620345e-01
1.927028000354766846e-01,1.926475024643967415e-01
2.360453009605407992e-01,1.888899444290663698e-01
2.360453009605407992e-01,1.992219373951530370e-01
2.494726628065108975e-01,2.080035562959479667e-01
2.352280020713806430e-01,2.182881878806111897e-01
2.352280020713806430e-01,2.253644673889985406e-01
1.843072175979614535e-01,2.321312172903186866e-01
1.843072175979614535e-01,2.241911915856376059e-01
1.996876001358031949e-01,2.158888727813172148e-01
1.958325058221817294e-01,2.064833635888180530e-01
1.958325058221817294e-01,1.988972037509295077e-01
1.888218969106674472e-01,1.903366258495800545e-01
1.888218969106674472e-01,1.911018278572493290e-01
1.885980367660522461e-01,1.917004610921717311e-01
1.783643960952758512e-01,1.896358486417382971e-01
1.783643960952758512e-01,1.868184785446667384e-01
1.893583983182907104e-01,1.837968487073699253e-01
1.893583983182907104e-01,1.837126860725751543e-01
1.769174039363861084e-01,1.838135181875780177e-01
1.822073012590408603e-01,1.823272362154482740e-01
1.822073012590408603e-01,1.828040110713335387e-01
1.726381331682205200e-01,1.831233211627913693e-01
1.726381331682205200e-01,1.808293815942481064e-01
1.796488463878631314e-01,1.785449267229593795e-01
1.893453001976012628e-01,1.785751743850096107e-01
1.893453001976012628e-01,1.798455437124049927e-01
2.041255980730056763e-01,1.813295006266916476e-01
2.041255980730056763e-01,1.868181759315838963e-01
2.021193057298660556e-01,1.918762379661816675e-01
1.950753927230834961e-01,1.955200691692512982e-01
1.950753927230834961e-01,1.965150964205957806e-01
1.913484036922454834e-01,1.973709682097776197e-01
1.913484036922454834e-01,1.950958235224059256e-01
1.940153539180755893e-01,1.927204716799184592e-01
2.548274099826812744e-01,1.911443501345012341e-01
2.548274099826812744e-01,2.045794501420352407e-01
2.428829520940780917e-01,2.157647373216687314e-01
2.428829520940780917e-01,2.244208862593113918e-01
2.269057929515838345e-01,2.328385191894836725e-01
2.461629658937454501e-01,2.378329640147312241e-01
2.461629658937454501e-01,2.361317035738901005e-01
2.363652586936950961e-01,2.344825997066059819e-01
2.363652586936950961e-01,2.333192445558155137e-01
2.234285175800323764e-01,2.321983591956941484e-01
2.153740972280502597e-01,2.316036922235767959e-01
2.153740972280502597e-01,2.261425040128219599e-01
2.169086933135986606e-01,2.204893741445093092e-01
2.169086933135986606e-01,2.168422875147821838e-01
1.956495195627212524e-01,2.131266522986581813e-01
1.911730021238327304e-01,2.084211605099352271e-01
1.911730021238327304e-01,2.043774376829365913e-01
1.911281347274780273e-01,2.001176370154394146e-01
1.911281347274780273e-01,1.952591241106093334e-01
1.682610064744949341e-01,1.899497362050533433e-01
1.873182952404022494e-01,1.863160872653646660e-01
1.873182952404022494e-01,1.854720799978172296e-01
1.789516657590866089e-01,1.846875291785794182e-01
1.789516657590866089e-01,1.828235690681619952e-01
1.870546638965606689e-01,1.810523985100687960e-01
2.044772058725357056e-01,1.828699115440408918e-01
2.044772058725357056e-01,1.866600334968034347e-01
1.983377933502197266e-01,1.900552937436982559e-01
1.983377933502197266e-01,1.931997027485183593e-01
2.032073587179183960e-01,1.961740337124915912e-01
2.265556752681731900e-01,1.987725390201110776e-01
2.265556752681731900e-01,2.031930823040876410e-01
2.234009951353073398e-01,2.074379521830005957e-01
2.234009951353073398e-01,2.118814957251012043e-01
2.426621168851852417e-01,2.161728200980054804e-01
2.588768005371093750e-01,2.231338350791910174e-01
2.588768005371093750e-01,2.292987223683782272e-01
2.521358132362365723e-01,2.352869277237707446e-01
2.521358132362365723e-01,2.404065646859211147e-01
2.280115038156509122e-01,2.453808348506128501e-01
1.778044104576111117e-01,2.429228588471094019e-01
1.778044104576111117e-01,2.301808320303444511e-01
1.634968966245651245e-01,2.168840930465317784e-01
1.634968966245651245e-01,2.025280040449224661e-01
1.860933601856231967e-01,1.866502995797326703e-01
1.859123855829238892e-01,1.774368818615345567e-01
1.859123855829238892e-01,1.785985392649387937e-01
1.739067137241363525e-01,1.799617161625842732e-01
1.739067137241363525e-01,1.809150014732053557e-01
1.785075962543487549e-01,1.813099761739869198e-01
1.885641068220138550e-01,1.799492408563936052e-01
1.885641068220138550e-01,1.803306926662652243e-01
2.542034089565277100e-01,1.810759259699088464e-01
5.084068179130554199e-01,1.986922804867141124e-01
2.529518902301788330e-01,2.739139521001279776e-01
2.264477610588073453e-01,2.834810237140218958e-01
2.264477610588073453e-01,2.884540493167169206e-01
2.110380530357360562e-01,2.932848652657830679e-01
2.110380530357360562e-01,2.870529090485917090e-01
2.390624135732651034e-01,2.210710621398170317e-01
2.233908027410507202e-01,2.181418646576117615e-01
2.233908027410507202e-01,2.175950058646319851e-01
2.384739071130753119e-01,2.171059240244377353e-01
2.384739071130753119e-01,2.220627532103181534e-01
2.096938937902450562e-01,2.268002507806324286e-01
2.205873429775238037e-01,2.217839958066895878e-01
2.205873429775238037e-01,2.212947207599328392e-01
1.979559957981109619e-01,2.207306819802269393e-01
1.979559957981109619e-01,2.136456964068556841e-01
2.239636480808257779e-01,2.061813083726480311e-01
1.824693381786346436e-01,2.087189782936102467e-01
1.824693381786346436e-01,2.025522458094656530e-01
1.944653987884521484e-01,1.960741351650081288e-01
1.944653987884521484e-01,1.953921391409916275e-01
1.623506993055343628e-01,1.946187140854717668e-01
1.634901016950607300e-01,1.844471207581409589e-01
1.634901016950607300e-01,1.824659859308507825e-01
1.519308984279632568e-01,1.802667165359387036e-01
1.519308984279632568e-01,1.755273387332209889e-01
1.773174256086349487e-01,1.707062866222563979e-01
2.009179741144180575e-01,1.721724798600609840e-01
2.009179741144180575e-01,1.773172924386396954e-01
1.831925064325332642e-01,1.826051949385621431e-01
1.831925064325332642e-01,1.858415362227585632e-01
1.519723981618881226e-01,1.885654543961454155e-01
1.608350872993469238e-01,1.865610337936666474e-01
1.608350872993469238e-01,1.810889498893428207e-01
1.576898992061614990e-01,1.756247536269257836e-01
1.576898992061614990e-01,1.729114980847590299e-01
1.789468824863433838e-01,1.702474588212984641e-01
1.863833963871002197e-01,1.726569245101993166e-01
1.863833963871002197e-01,1.755360553506973009e-01
1.762941032648086548e-01,1.784634331016108078e-01
1.762941032648086548e-01,1.800833713063571262e-01
1.410365849733352661e-01,1.808697157369835162e-01
1.918971985578536987e-01,1.794656906434123622e-01
1.918971985578536987e-01,1.800448496289750178e-01
2.020718008279800415e-01,1.808968443243511581e-01
2.020718008279800415e-01,1.849590616166578438e-01
2.467120736837387085e-01,1.891330711659768293e-01
2.503778040409088135e-01,2.051804096839844049e-01
2.503778040409088135e-01,2.159695505068589538e-01
2.420776039361953735e-01,2.260331191555788599e-01
2.420776039361953735e-01,2.328106851745072592e-01
2.059547007083892822e-01,2.393071171805062347e-01
1.608465462923049927e-01,2.325619202404974051e-01
1.608465462923049927e-01,2.191540800990840476e-01
1.329861283302307129e-01,2.051480018476130041e-01
1.329861283302307129e-01,1.900717298543833367e-01
1.673102676868438721e-01,1.743444230620075641e-01
1.795337647199630737e-01,1.685238244912234673e-01
1.795337647199630737e-01,1.706497484511521612e-01
1.848126053810119906e-01,1.729773672532193829e-01
1.848126053810119906e-01,1.775589707762405267e-01
2.060592025518417636e-01,1.801432762622517114e-01
1.993591934442519864e-01,1.865092188401077378e-01
1.993591934442519864e-01,1.899162038519336959e-01
2.019896209239959994e-01,1.931415804686043014e-01
2.019896209239959994e-01,1.960332210851711554e-01
1.895201951265335083e-01,1.987374543377795899e-01
2.597720026969909668e-01,1.959356498447993866e-01
2.597720026969909668e-01,2.090266988437022300e-01
2.444770485162734985e-01,2.202898653899420522e-01
2.444770485162734985e-01,2.275756548698179560e-01
2.407727241516113281e-01,2.347341161984230762e-01
2.282528877258301336e-01,2.426255981993256372e-01
2.282528877258301336e-01,2.369621833462950966e-01
1.719890981912612915e-01,2.311529152914787721e-01
1.719890981912612915e-01,2.200294564583886725e-01
2.107089906930923462e-01,2.083781214820632499e-01
2.091155946254730780e-01,2.022913894175207561e-01
2.091155946254730780e-01,1.984095193090741893e-01
1.978048980236053467e-01,1.946476367196109114e-01
1.978048980236053467e-01,1.983655654808202662e-01
2.423519939184189120e-01,2.018050995550275672e-01
2.733131051063537598e-01,2.083211265528923384e-01
2.733131051063537598e-01,2.213189362521499892e-01
2.591018974781036377e-01,2.331389346642707971e-01
2.591018974781036377e-01,2.433509400709305270e-01
2.398502230644226352e-01,2.533024376039592074e-01
2.027270048856735229e-01,2.528765621324013946e-01
2.027270048856735229e-01,2.409941063741363743e-01
1.646265089511871338e-01,2.285845473894199953e-01
1.646265089511871338e-01,2.135408342541635085e-01
1.514579057693481445e-01,1.972252457425986705e-01
1.715828478336334229e-01,1.829431617406044597e-01
1.715828478336334229e-01,1.780065685269514864e-01
2.222049087285995206e-01,1.732485278974794374e-01
2.222049087285995206e-01,1.828749186924302494e-01
2.350890487432479858e-01,1.920670430196390333e-01
2.281305044889450073e-01,2.045778388977557150e-01
2.281305044889450073e-01,2.134208969442709658e-01
2.251530140638351440e-01,2.218701580739103618e-01
2.251530140638351440e-01,2.224200075410845689e-01
2.360830008983612061e-01,2.229045216093223647e-01
2.331852018833160400e-01,2.230680265327031897e-01
2.331852018833160400e-01,2.239982408148037674e-01
1.995675563812256414e-01,2.249425000468853741e-01
1.995675563812256414e-01,2.208899339184986210e-01
2.020958065986633301e-01,2.166248240761933230e-01
1.845946013927459994e-01,2.104392479882278844e-01
1.845946013927459994e-01,2.018917657608759741e-01
1.881015300750732422e-01,1.923707497387980025e-01
1.881015300750732422e-01,1.902503203585571012e-01
2.119678109884262085e-01,1.880323071097475263e-01
2.234034091234207153e-01,1.903434999064781696e-01
2.234034091234207153e-01,1.978353012949053968e-01
2.446219176054001132e-01,2.046510620777896861e-01
2.446219176054001132e-01,2.148927417693283770e-01
2.418016940355300903e-01,2.244489344314301860e-01
2.144879996776580811e-01,2.296862580729458758e-01
2.144879996776580811e-01,2.283375754673588054e-01
2.017266303300857544e-01,2.268233790452499343e-01
2.017266303300857544e-01,2.193429109039426173e-01
1.734066754579544067e-01,2.114170685986698495e-01
1.667926013469696045e-01,1.996046266114841206e-01
1.667926013469696045e-01,1.923178569512607183e-01
1.653245985507965088e-01,1.846191325717262688e-01
1.653245985507965088e-01,1.792601076689656070e-01
1.766120344400405884e-01,1.739830424240493001e-01
2.292105853557586670e-01,1.743019864345242698e-01
2.292105853557586670e-01,1.857782819212706882e-01
2.151339054107666016e-01,1.961097203606963768e-01
2.151339054107666016e-01,2.034372971808398045e-01
2.032367140054703036e-01,2.105752623914160238e-01
2.899451851844788153e-01,2.142183972713967433e-01
2.899451851844788153e-01,2.270863209665105187e-01
3.044671118259429932e-01,2.387575838202815603e-01
3.044671118259429932e-01,2.546936090964295185e-01
2.927406132221221924e-01,2.700007979702512273e-01
2.604539990425110418e-01,2.849462515633814919e-01
2.604539990425110418e-01,2.797952913892657323e-01
2.598164081573486328e-01,2.745391444801290604e-01
2.598164081573486328e-01,2.663798907311145658e-01
2.464921027421951572e-01,2.579943122980029035e-01
2.179778963327408114e-01,2.494431226136397117e-01
2.179778963327408114e-01,2.422227114494544531e-01
2.073534131050110141e-01,2.347517922928148704e-01
2.073534131050110141e-01,2.254116859870113621e-01
2.050486057996749878e-01,2.154626242400796698e-01
2.097736448049545011e-01,2.074010085716091467e-01
2.097736448049545011e-01,2.058194380521237987e-01
2.061820030212402621e-01,2.042726491718179771e-01
2.061820030212402621e-01,2.040809648354640626e-01
1.972219944000243863e-01,2.038861786198554182e-01
1.988296955823898593e-01,2.025679866077476909e-01
1.988296955823898593e-01,2.005801935535736213e-01
2.057753950357436856e-01,1.985434668958168392e-01
2.057753950357436856e-01,1.984167932512633792e-01
2.033157944679260809e-01,1.983767842136844872e-01
1.759992837905883789e-01,1.994800897584018962e-01
1.759992837905883789e-01,1.962811747662145667e-01
2.031327337026596069e-01,1.928548233111204713e-01
2.031327337026596069e-01,1.921099673990423196e-01
2.274394929409027100e-01,1.915357156981598030e-01
2.340615987777710238e-01,1.968371074549666311e-01
2.340615987777710238e-01,2.068892520635638999e-01
2.466137260198592862e-01,2.162735132301875085e-01
2.466137260198592862e-01,2.241007216637465604e-01
2.308412343263626099e-01,2.315606650924903753e-01
2.145392149686813354e-01,2.322029232883657257e-01
2.145392149686813354e-01,2.289677134275913961e-01
1.903560012578963956e-01,2.255717239767649207e-01
1.903560012578963956e-01,2.159732243656660722e-01
2.080181986093521118e-01,2.056698108742924247e-01
2.246207594871520996e-01,2.009806921509622035e-01
2.246207594871520996e-01,2.029554566934545778e-01
2.103735655546188354e-01,2.050709569971555790e-01
2.103735655546188354e-01,2.084127649699629437e-01
1.986407041549682617e-01,2.115798596855731628e-01
1.817755550146102905e-01,2.100319452654183516e-01
1.817755550146102905e-01,2.029120766183800384e-01
1.930263042449951172e-01,1.952722206597207466e-01
1.930263042449951172e-01,1.918231466617144332e-01
1.930966228246688565e-01,1.881761587488374743e-01
1.897509992122649869e-01,1.871958454093858026e-01
1.897509992122649869e-01,1.885168932450883572e-01
1.693823039531707764e-01,1.896893412114971922e-01
1.693823039531707764e-01,1.865957496908817459e-01
1.858561486005782803e-01,1.833115819787080603e-01
1.774827986955642423e-01,1.817655844974155888e-01
1.774827986955642423e-01,1.798827396464892925e-01
1.667204946279525757e-01,1.782105178514931387e-01
1.667204946279525757e-01,1.781657475484512143e-01
1.615741997957229614e-01,1.778140883650345394e-01
1.936000734567642489e-01,1.754104979641584461e-01
1.936000734567642489e-01,1.777267511316976134e-01
2.084788978099822998e-01,1.803161574251891941e-01
2.084788978099822998e-01,1.868785407307706758e-01
2.083924710750580112e-01,1.932443443561048246e-01
1.912561953067779541e-01,1.997267520817197495e-01
1.912561953067779541e-01,1.994682731770427431e-01
1.796658039093017578e-01,1.990461989656769071e-01
1.796658039093017578e-01,1.943284467614402877e-01
1.821167021989822388e-01,1.892645757447767862e-01
2.010916024446487427e-01,1.838978843383555217e-01
2.010916024446487427e-01,1.859565794450175613e-01
1.848223060369492132e-01,1.880646831559624477e-01
1.848223060369492132e-01,1.889624608959756258e-01
1.947717964649200439e-01,1.896989764380127008e-01
1.730353981256484985e-01,1.915151015263986956e-01
1.730353981256484985e-01,1.871957696471486243e-01
1.828583031892776767e-01,1.826439525287743004e-01
1.828583031892776767e-01,1.821462748382697283e-01
1.498861461877822876e-01,1.816842234808027090e-01
1.527018994092941284e-01,1.778188345559377215e-01
1.527018994092941284e-01,1.762553449686594942e-01
1.779081076383590698e-01,1.743858367620383931e-01
1.779081076383590698e-01,1.735320382564378705e-01
1.696159988641738892e-01,1.729984762090197858e-01
1.754582375288009644e-01,1.746077597945171200e-01
1.754582375288009644e-01,1.763992989071369311e-01
1.580465734004974365e-01,1.770989763556676533e-01
1.580465734004974365e-01,1.761743620239022978e-01
1.843986064195632935e-01,1.745557527473473591e-01
1.731242984533309937e-01,1.761121957797829596e-01
1.731242984533309937e-01,1.759050530778584198e-01
1.698645055294036865e-01,1.758256196512077985e-01
1.698645055294036865e-01,1.766754738786888712e-01
2.204860746860503873e-01,1.769645780422684778e-01
2.881226837635040283e-01,1.848091448386203206e-01
2.881226837635040283e-01,2.086967983223063927e-01
2.816658914089202881e-01,2.285155307315261397e-01
2.816658914089202881e-01,2.461861702102215443e-01
2.804358899593353271e-01,2.635453183157699386e-01
3.555045723915100098e-01,2.736867412065046024e-01
3.555045723915100098e-01,2.859783561392868489e-01
3.446882963180542547e-01,2.977115003112124070e-01
3.446882963180542547e-01,3.082806896873586111e-01
3.495651185512543280e-01,3.186279736626428383e-01
3.308182954788208008e-01,3.292782433946674359e-01
3.308182954788208008e-01,3.256568469000730159e-01
2.400473654270172119e-01,3.220694919292121372e-01
2.400473654270172119e-01,3.052054455556648671e-01
1.951503008604049405e-01,2.880168551213505568e-01
1.843069046735763550e-01,2.624922765208032027e-01
1.843069046735763550e-01,2.373126699253007843e-01
1.784625351428985596e-01,2.079215787762388190e-01
1.784625351428985596e-01,1.969475702225557401e-01
1.679867953062057495e-01,1.835119829771485744e-01
1.683609932661056519e-01,1.797135087626633432e-01
1.683609932661056519e-01,1.779515140063443468e-01
2.073428332805633267e-01,1.761673708053186349e-01
2.073428332805633267e-01,1.814708587583157284e-01
3.081569075584412176e-01,1.865449336232258837e-01
3.016481101512908936e-01,2.158665958429681064e-01
3.016481101512908936e-01,2.383435749267868997e-01
3.267253041267395020e-01,2.593633484735599071e-01
3.267253041267395020e-01,2.795527078898803475e-01
2.592641115188598633e-01,2.998153506317685069e-01
2.114182710647583008e-01,2.913079346096600908e-01
2.114182710647583008e-01,2.766483992648245405e-01
2.050412595272063931e-01,2.618977804262336839e-01
2.050412595272063931e-01,2.402303413551390154e-01
2.347255051136017123e-01,2.152626957520103190e-01
2.621370851993560791e-01,2.098123089536665375e-01
2.621370851993560791e-01,2.199505656160883060e-01
2.531891763210297186e-01,2.293541990540573783e-01
2.531891763210297186e-01,2.376243178928546529e-01
2.543610632419586182e-01,2.456377411436780345e-01
2.207816988229751587e-01,2.490290365644210469e-01
2.207816988229751587e-01,2.419123377998231017e-01
2.424586564302444458e-01,2.345690173543290846e-01
2.424586564302444458e-01,2.324505289285671294e-01
2.450377047061920166e-01,2.303270667210649270e-01
2.463154047727585394e-01,2.285822387536476930e-01
2.463154047727585394e-01,2.331729194192278254e-01
2.298433184623718539e-01,2.376052945571102137e-01
2.298433184623718539e-01,2.354364206510521085e-01
2.683678865432739258e-01,2.331953448692615227e-01
2.317014038562774658e-01,2.375948507878168914e-01
2.317014038562774658e-01,2.350563538344886405e-01
2.536134123802185059e-01,2.325114383901461523e-01
2.536134123802185059e-01,2.367968812478066787e-01
2.278259247541427890e-01,2.408861743955613699e-01
2.511056959629058838e-01,2.335485081178367006e-01
2.511056959629058838e-01,2.370499958334307267e-01
2.406570017337798795e-01,2.404412386517600086e-01
2.406570017337798795e-01,2.380775695777578305e-01
2.355776131153106967e-01,2.357741358281493782e-01
2.084955275058746338e-01,2.370783072375241551e-01
2.084955275058746338e-01,2.297840041727513827e-01
2.014831006526947021e-01,2.221882877335424333e-01
2.014831006526947021e-01,2.152414183938279602e-01
2.134985029697418490e-01,2.078637546533506908e-01
1.968656927347183228e-01,2.032769215333737611e-01
1.968656927347183228e-01,2.012973557076964959e-01
1.748276948928833008e-01,1.992624408428488314e-01
1.748276948928833008e-01,1.953980734681809162e-01
1.675257831811904907e-01,1.912743140449051082e-01
1.819289028644561490e-01,1.836384985335518250e-01
1.819289028644561490e-01,1.807743150330066439e-01
2.163158357143401822e-01,1.779712662476818641e-01
2.163158357143401822e-01,1.862930940414808667e-01
1.956270039081573209e-01,1.934848685252824330e-01
1.841740161180495938e-01,1.973074085094355945e-01
1.841740161180495938e-01,1.977287966900337646e-01
2.603065371513367254e-01,1.978685562172402268e-01
2.603065371513367254e-01,2.076173445176475174e-01
2.706716060638427734e-01,2.163762872099543322e-01
2.765875160694122314e-01,2.297211078356197755e-01
2.765875160694122314e-01,2.450377565265148827e-01
3.321622908115386963e-01,2.598787632482723597e-01
3.321622908115386963e-01,2.733197702368845294e-01
3.372164070606232245e-01,2.861316632477397537e-01
3.424106836318969727e-01,2.977305647441151337e-01
3.424106836318969727e-01,3.089982463695316595e-01
3.502804040908812366e-01,3.199140748793539157e-01
3.502804040908812366e-01,3.225541630974332330e-01
3.334882259368896484e-01,3.252337125323317979e-01
3.048415184020996094e-01,3.247503530402159888e-01
3.048415184020996094e-01,3.190412195499305881e-01
2.241699099540710449e-01,3.130122770957133316e-01
2.241699099540710449e-01,2.921877083981015422e-01
2.231916040182113370e-01,2.707150190480107632e-01
2.127934992313385010e-01,2.509191617404604724e-01
2.127934992313385010e-01,2.339865207141082204e-01
2.555466890335083008e-01,2.149025625669038486e-01
2.555466890335083008e-01,2.210958307909110521e-01
2.643494009971619207e-01,2.270520344706112303e-01
2.531680464744567871e-01,2.347266236606426193e-01
2.531680464744567871e-01,2.417156837368168165e-01
2.339650541543961126e-01,2.484474659256201146e-01
2.339650541543961126e-01,2.447137313334551978e-01
2.333215028047561368e-01,2.408434233391206769e-01
2.242033332586288452e-01,2.350949315491401292e-01
2.242033332586288452e-01,2.298179678536043657e-01
2.012783437967300415e-01,2.244105893370621774e-01
2.012783437967300415e-01,2.188934764938103295e-01
1.966407001018523892e-01,2.131172462221039565e-01
2.178835868835448664e-01,2.064611363897245477e-01
2.178835868835448664e-01,2.050655711229170397e-01
2.213913053274154663e-01,2.038292871779134319e-01
2.213913053274154663e-01,2.075398617068285878e-01
1.959984004497528076e-01,2.111559770726404162e-01
1.992403119802474976e-01,2.111044055969900080e-01
1.992403119802474976e-01,2.078892404470430444e-01
1.625297963619232178e-01,2.045291645923882629e-01
1.625297963619232178e-01,1.956940732275611883e-01
1.901159286499023160e-01,1.863629647299913927e-01
1.898488998413085660e-01,1.850731661568667807e-01
1.898488998413085660e-01,1.832914078438313554e-01
2.000212967395782748e-01,1.818294371287426381e-01
2.000212967395782748e-01,1.869461470585813134e-01
1.874057054519653043e-01,1.918629284849666938e-01
1.881960034370422363e-01,1.915386455924484865e-01
1.881960034370422363e-01,1.912817422501603970e-01
2.220781892538070956e-01,1.909133244594529433e-01
2.220781892538070956e-01,1.956331889815214886e-01
2.257640063762665072e-01,2.000530558342409615e-01
2.163868844509125033e-01,2.068180999061576264e-01
2.163868844509125033e-01,2.114617652999363495e-01
1.905837059020996371e-01,2.158519502462871720e-01
1.905837059020996371e-01,2.107535338667187730e-01
2.389943003654479980e-01,2.053807611086937990e-01
2.126784026622771939e-01,2.080147639889871336e-01
2.126784026622771939e-01,2.073805378207852768e-01
2.203326970338821411e-01,2.068506078611804244e-01
2.203326970338821411e-01,2.118010398278747930e-01
1.995152980089187900e-01,2.164522486223435238e-01
1.767843067646026611e-01,2.093338601111465191e-01
1.767843067646026611e-01,2.039809827444234447e-01
2.036905288696289062e-01,1.983356816062052663e-01
2.036905288696289062e-01,1.947984451222327384e-01
1.890024542808532715e-01,1.912209769237696588e-01
1.914628148078918457e-01,1.896442408634521071e-01
1.914628148078918457e-01,1.917859738041571283e-01
2.303853929042815885e-01,1.937077975736175850e-01
2.303853929042815885e-01,1.994261852890124864e-01
2.602671086788176935e-01,2.047387957590274254e-01
2.651697993278503418e-01,2.180785234056215605e-01
2.651697993278503418e-01,2.310307065649042924e-01
2.410915046930312833e-01,2.432923365359288270e-01
2.410915046930312833e-01,2.452488563210131756e-01
2.030028998851776123e-01,2.470423646005814045e-01
2.060085982084274570e-01,2.375236660081234130e-01
2.060085982084274570e-01,2.270424855260668728e-01
1.778325885534286221e-01,2.158687085147599494e-01
1.778325885534286221e-01,2.051735636157684950e-01
1.719783544540405551e-01,1.933401144578348607e-01
1.757052987813949585e-01,1.885664270183213809e-01
1.757052987813949585e-01,1.832565644795187132e-01
1.694041937589645386e-01,1.772228860397490890e-01
1.694041937589645386e-01,1.767103418028899142e-01
1.635388135910034180e-01,1.760275709993929238e-01
1.943304240703582764e-01,1.754924266167938451e-01
1.943304240703582764e-01,1.782164894700113966e-01
2.042852044105529508e-01,1.811657700378034586e-01
2.042852044105529508e-01,1.866575725343816716e-01
2.030708640813827792e-01,1.919997611805382143e-01
1.812596023082733154e-01,1.973477459784387378e-01
1.812596023082733154e-01,1.955264805346146606e-01
2.182700932025909146e-01,1.935058439397278618e-01
2.182700932025909146e-01,1.962254659566488868e-01
2.186232060194015225e-01,1.989730781566011186e-01
2.044367194175720215e-01,2.020404076781455172e-01
2.044367194175720215e-01,2.056460433480845618e-01
1.787614673376083374e-01,2.089941993302834589e-01
1.787614673376083374e-01,2.027553617705906142e-01
2.417660057544708530e-01,1.961302387943659187e-01
2.367322593927383423e-01,2.011923598652778644e-01
2.367322593927383423e-01,2.073568647690077482e-01
2.201220840215682983e-01,2.133308956234356568e-01
2.201220840215682983e-01,2.196534716546021671e-01
2.190245538949966431e-01,2.256452556488532379e-01
2.470148950815201083e-01,2.214695153733905464e-01
2.470148950815201083e-01,2.233795175393989418e-01
2.227835953235626498e-01,2.253953312649301932e-01
2.227835953235626498e-01,2.259566010471276698e-01
2.453936934471130371e-01,2.264747517503785945e-01
2.456143051385879794e-01,2.310447693158495241e-01
2.456143051385879794e-01,2.307206318631747910e-01
2.149323076009750366e-01,2.305205566980297049e-01
2.149323076009750366e-01,2.293666739089970652e-01
1.782320737838745117e-01,2.280410589462660842e-01
1.983320713043212891e-01,2.173093134108585178e-01
1.983320713043212891e-01,2.085807478995939934e-01
1.837121993303298950e-01,1.990384611825877781e-01
1.837121993303298950e-01,1.935803832038448524e-01
2.150899022817612249e-01,1.877196841986397136e-01
2.187249064445495883e-01,1.942466363380164762e-01
2.187249064445495883e-01,1.982670668963806559e-01
1.953707039356231689e-01,2.021660115057459239e-01
1.953707039356231689e-01,2.040161619358782930e-01
2.260476946830749234e-01,2.056196203763564212e-01
2.273865938186644953e-01,2.076135029397347120e-01
2.273865938186644953e-01,2.092614762708324694e-01
2.131565511226654053e-01,2.110301281043024946e-01
2.131565511226654053e-01,2.140094436890921104e-01
1.765360683202743253e-01,2.167842722582278003e-01
2.150828540325164517e-01,2.091312868415491910e-01
2.150828540325164517e-01,2.066020552007178657e-01
3.349621891975402832e-01,2.041285306726605964e-01
3.349621891975402832e-01,2.315655305931854369e-01
3.160460889339447021e-01,2.539973406606342854e-01
3.057914972305297852e-01,2.756666371278838068e-01
3.057914972305297852e-01,2.903515406307052849e-01
2.454170137643814087e-01,3.056863635611350993e-01
4.908340275287628174e-01,2.900015669845495969e-01
2.043210864067077637e-01,3.184650686142231901e-01
2.795807123184204102e-01,3.037367167024720427e-01
2.795807123184204102e-01,2.998482162550246133e-01
2.639636099338531494e-01,2.961947277263303202e-01
2.639636099338531494e-01,2.980980677219599029e-01
2.800608277320861816e-01,2.514819355993516692e-01
2.840686142444610596e-01,2.640391021870938659e-01
2.840686142444610596e-01,2.648156208307328452e-01
2.698352336883544922e-01,2.656833303595766971e-01
2.698352336883544922e-01,2.668212366417767600e-01
2.565046846866608221e-01,2.678697366015083126e-01
1.737418919801712036e-01,2.636516690600428925e-01
1.737418919801712036e-01,2.462862200792469425e-01
1.598615348339080811e-01,2.284875679896517797e-01
1.598615348339080811e-01,2.110653740214569196e-01
1.806169450283050815e-01,1.920199817395176201e-01
1.780257374048233032e-01,1.753839905799436938e-01
1.780257374048233032e-01,1.758878121422069729e-01
1.924792230129241943e-01,1.765566707780443223e-01
1.924792230129241943e-01,1.802845722316822885e-01
1.990472823381423950e-01,1.837689170542157191e-01
1.957502663135528842e-01,1.872039385988287785e-01
1.969612538814544955e-01,1.900840273681950465e-01
1.883261650800704956e-01,1.929864175359184697e-01
1.883261650800704956e-01,1.923566225669891550e-01
1.797540038824081421e-01,1.916208493465566542e-01
1.916811913251877109e-01,1.884258795218678451e-01
3.833623826503754217e-01,1.875001477761299995e-01
2.141620814800262729e-01,2.338905014202491417e-01
2.141620814800262729e-01,2.376324126179175933e-01
2.216559946537017267e-01,2.413010656910399843e-01
2.209348082542419434e-01,2.470120914606555307e-01
2.209348082542419434e-01,2.504430570203471373e-01
2.184751033782958984e-01,2.138527933663989244e-01
2.184751033782958984e-01,2.146448721985988739e-01
2.180604040622711182e-01,2.153924788308905214e-01
2.504481077194213867e-01,2.147361103056061316e-01
2.504481077194213867e-01,2.204806940780927316e-01
2.412912994623183927e-01,2.260332334906381413e-01
2.412912994623183927e-01,2.301252413873534630e-01
2.391991466283798218e-01,2.341485816806335718e-01
2.296963632106781283e-01,2.376885046411916225e-01
2.296963632106781283e-01,2.339585552786903611e-01
2.403284162282944003e-01,2.301600236600447047e-01
2.403284162282944003e-01,2.299319670533786220e-01
2.240518331527710516e-01,2.297325891149716581e-01
2.023217231035232544e-01,2.270958269501568982e-01
2.023217231035232544e-01,2.226547188797106669e-01
2.082566022872924805e-01,2.179961146010670203e-01
2.082566022872924805e-01,2.119546114639241363e-01
2.085203975439071933e-01,2.055716244151676031e-01
1.949775964021682739e-01,2.025667816239196395e-01
1.949775964021682739e-01,2.014089863174562955e-01
1.989800930023193637e-01,2.001464368361504376e-01
1.989800930023193637e-01,1.983919404296531352e-01
1.869141757488250732e-01,1.966051227230571907e-01
1.943044960498809814e-01,1.928069249098714188e-01
1.943044960498809814e-01,1.926461852750012971e-01
2.154057025909424106e-01,1.924698241825350820e-01
2.154057025909424106e-01,1.958213871170330633e-01
2.246519029140472690e-01,1.990833716863554814e-01
1.886185854673385343e-01,2.057923146412454496e-01
1.886185854673385343e-01,2.051359769341044859e-01
1.838601976633071899e-01,2.042571389930739056e-01
1.838601976633071899e-01,1.989995315990872593e-01
1.893669962882995883e-01,1.933846158121864112e-01
1.995205432176589966e-01,1.852905364194233073e-01
1.995205432176589966e-01,1.875254801706685293e-01
1.813428401947021207e-01,1.896892154747049364e-01
1.813428401947021207e-01,1.895038012779452496e-01
1.920076012611389160e-01,1.891296809793556466e-01
2.081632465124130527e-01,1.893896765161058315e-01
2.081632465124130527e-01,1.911322801134984484e-01
1.980955004692077914e-01,1.930153816191528815e-01
1.980955004692077914e-01,1.957370122205429053e-01
2.022272646427154819e-01,1.982916090690662603e-01
1.925842463970184604e-01,1.999177613269376985e-01
1.925842463970184604e-01,1.971622628910483788e-01
2.055149674415588656e-01,1.943057946063686259e-01
2.055149674415588656e-01,1.956550802217955909e-01
1.921776980161666870e-01,1.970183415151059714e-01
1.974076032638549527e-01,1.953951043013348876e-01
1.974076032638549527e-01,1.962135897066278334e-01
1.978288739919662476e-01,1.969435444082052455e-01
1.978288739919662476e-01,1.954750739279995098e-01
1.947185993194580078e-01,1.940516776053259063e-01
1.929751932621002475e-01,1.944810228070354696e-01
1.929751932621002475e-01,1.937043016876313639e-01
1.787372082471847534e-01,1.928938768044210494e-01
1.787372082471847534e-01,1.899101607101831291e-01
1.773243993520736694e-01,1.867252345350039755e-01
1.954015046358108521e-01,1.837983102056609253e-01
1.954015046358108521e-01,1.841210183817687251e-01
1.786402463912963867e-01,1.847774531005215159e-01
1.786402463912963867e-01,1.849848132019118740e-01
1.929298043251037598e-01,1.850119707755021881e-01
1.924515962600708285e-01,1.871450371537959623e-01
1.924515962600708285e-01,1.865295588307523955e-01
1.982013732194900513e-01,1.861227439077115242e-01
1.982013732194900513e-01,1.894287357939661021e-01
2.029816657304764072e-01,1.925147756694292334e-01
2.076473981142044067e-01,1.943971908335601073e-01
2.076473981142044067e-01,1.972042483101662524e-01
1.996106952428817471e-01,1.998928155751870106e-01
1.996106952428817471e-01,2.001913268236643617e-01
1.837998628616333285e-01,2.004246186553243492e-01
3.492729067802429199e-01,1.973929853564034553e-01
3.492729067802429199e-01,2.308090918649911560e-01
3.385715782642364502e-01,2.565885072633641295e-01
3.385715782642364502e-01,2.789609788543190305e-01
3.246645033359528143e-01,3.004610149766727689e-01
2.590272426605225164e-01,3.220164176189651561e-01
2.590272426605225164e-01,3.073971413478013281e-01
2.013491839170455933e-01,2.922934070139838747e-01
2.013491839170455933e-01,2.696888097233160475e-01
2.125197052955627441e-01,2.455718896917588878e-01
2.082609981298446655e-01,2.233692721699912787e-01
2.082609981298446655e-01,2.136705627215936820e-01
2.026299685239791870e-01,2.030055255855879870e-01
2.026299685239791870e-01,2.032640360162694115e-01
1.967180371284484863e-01,2.034407901939854213e-01
1.891978979110717218e-01,2.006231861797800331e-01
1.891978979110717218e-01,1.973454370795371948e-01
1.683970987796783447e-01,1.938924083797309572e-01
1.683970987796783447e-01,1.889072081095842515e-01
1.529303938150405884e-01,1.836662851257590268e-01
1.571273952722549438e-01,1.788323524784572460e-01
1.571273952722549438e-01,1.752077352878840810e-01
1.925273537635803223e-01,1.715824053121619286e-01
1.925273537635803223e-01,1.746882986777568147e-01
2.034381031990051547e-01,1.780393181225057020e-01
1.979987621307373047e-01,1.844692419390271954e-01
1.979987621307373047e-01,1.896163965492602410e-01
1.713397651910782415e-01,1.944811172104495833e-01
1.713397651910782415e-01,1.917701765106406830e-01
1.605434864759445190e-01,1.888130202249383716e-01
1.448902040719985962e-01,1.829057515591980543e-01
1.448902040719985962e-01,1.773167881366888021e-01
1.455924957990646362e-01,1.714004161706228491e-01
1.455924957990646362e-01,1.690688724624681560e-01
1.324006021022796631e-01,1.666193113732937214e-01
1.147388964891433438e-01,1.644536105607024568e-01
1.147388964891433438e-01,1.626148338794430326e-01
1.390763670206069946e-01,1.603846639827402054e-01
1.390763670206069946e-01,1.596514906495410668e-01
1.773481070995331088e-01,1.590127476669425666e-01
1.872349977493286133e-01,1.639640651038026253e-01
1.872349977493286133e-01,1.709617857258832196e-01
1.716542840003967285e-01,1.768478103933701362e-01
1.716542840003967285e-01,1.793550819918377504e-01
1.901565045118331909e-01,1.802713858263312874e-01
2.085365056991576593e-01,1.819382427849559059e-01
2.085365056991576593e-01,1.864409383738013792e-01
2.105930447578430453e-01,1.905771824274253567e-01
2.105930447578430453e-01,1.967634371939102067e-01
2.011387944221496860e-01,2.026516457859725284e-01
1.981692165136337280e-01,2.043792258474678436e-01
1.981692165136337280e-01,2.025886682071688649e-01
1.862777769565582553e-01,2.007181793697876970e-01
1.862777769565582553e-01,1.965467517761065874e-01
2.313299924135208130e-01,1.921036342636096295e-01
2.665236890316008966e-01,1.986348637451758881e-01
2.665236890316008966e-01,2.127898787126309699e-01
2.672828137874603271e-01,2.252866250411715843e-01
2.672828137874603271e-01,2.388007639064677057e-01
2.530894875526428223e-01,2.518752941619568642e-01
2.939947843551635742e-01,2.555853900489009622e-01
2.939947843551635742e-01,2.606714179565903233e-01
2.766048014163970947e-01,2.657167790526190898e-01
2.766048014163970947e-01,2.674546987534223152e-01
2.432340085506438654e-01,2.692525553215506240e-01
2.223459333181380670e-01,2.676060732819798837e-01
2.223459333181380670e-01,2.551511043882039309e-01
2.186183035373688022e-01,2.422089076796252460e-01
2.186183035373688022e-01,2.315288025488833890e-01
2.029476463794708530e-01,2.201084053542268215e-01
1.907453685998916626e-01,2.127894565233036661e-01
1.907453685998916626e-01,2.075067513100184724e-01
1.951031982898712158e-01,2.019347442499796752e-01
1.951031982898712158e-01,1.974504530100503197e-01
2.226422727108001431e-01,1.926515492653694261e-01
2.252217978239059448e-01,1.969548767623624519e-01
2.252217978239059448e-01,2.033969341210148385e-01
2.214518934488296509e-01,2.094407059842506580e-01
2.214518934488296509e-01,2.139445123434457197e-01
2.066775113344192505e-01,2.182247337551995181e-01
2.097374200820922852e-01,2.155084020596222394e-01
2.097374200820922852e-01,2.127073208253264791e-01
2.612883150577545166e-01,2.098349696270926934e-01
2.612883150577545166e-01,2.180604146034558211e-01
2.342368513345718384e-01,2.257825941227852296e-01
2.237651944160461148e-01,2.304629346363674114e-01
2.237651944160461148e-01,2.328514600311618887e-01
2.170636057853698730e-01,2.349824497677145685e-01
2.170636057853698730e-01,2.268577450192000577e-01
2.301114946603775024e-01,2.183114588553541624e-01
2.086910158395767212e-01,2.174797870757207430e-01
2.086910158395767212e-01,2.148924883161978383e-01
2.047397941350936890e-01,2.122365743452105102e-01
2.047397941350936890e-01,2.100965696668195826e-01
2.222295254468917569e-01,2.078349086066087481e-01
2.279004752635956088e-01,2.061800320450443702e-01
2.279004752635956088e-01,2.098332636289833297e-01
2.129457294940948486e-01,2.134077989726853863e-01
2.129457294940948486e-01,2.148729286165080299e-01
1.926552951335906982e-01,2.162101164338341430e-01
1.835393011569976807e-01,2.113530401556412974e-01
1.835393011569976807e-01,2.038608672138494393e-01
1.722192019224166870e-01,1.957911818481763988e-01
1.722192019224166870e-01,1.890467168586522917e-01
1.875299960374831876e-01,1.814877186783207808e-01
1.739563494920730591e-01,1.802295562193997336e-01
1.739563494920730591e-01,1.791984588168186732e-01
1.938352584838867188e-01,1.781945084609030672e-01
1.938352584838867188e-01,1.813129335034816547e-01
1.973450034856796265e-01,1.844347780502934575e-01
1.942632943391799927e-01,1.864644566868942643e-01
1.942632943391799927e-01,1.895255874937154805e-01
2.034828513860702515e-01,1.923743943960587732e-01
2.034828513860702515e-01,1.941662387449414884e-01
1.873460412025451938e-01,1.959254437718670194e-01
2.008862048387527743e-01,1.944027507565966040e-01
2.008862048387527743e-01,1.955370284939685621e-01
1.905569285154342651e-01,1.966332556331618076e-01
1.905569285154342651e-01,1.944004360965510547e-01
1.927679926156997403e-01,1.921287816843774976e-01
1.832018047571182529e-01,1.929024441197584594e-01
1.832018047571182529e-01,1.898587977983997588e-01
2.027056962251663208e-01,1.866118470740794344e-01
2.027056962251663208e-01,1.889897546627716252e-01
1.902956068515777588e-01,1.913172553407516963e-01
1.815531253814697266e-01,1.910831408858911507e-01
1.815531253814697266e-01,1.909451471735793548e-01
1.891089975833892822e-01,1.905726586518806942e-01
1.891089975833892822e-01,1.878272998761216228e-01
1.840091049671173096e-01,1.849248105686655819e-01
1.819614022970199863e-01,1.839535454619317667e-01
1.819614022970199863e-01,1.840509719880224770e-01
1.854998767375946045e-01,1.839852436908235023e-01
1.854998767375946045e-01,1.831839050666840552e-01
2.226949036121368408e-01,1.824910886115043984e-01
2.071253955364227572e-01,1.914075227394897438e-01
2.071253955364227572e-01,1.956906799234966465e-01
2.009170949459075928e-01,1.997951592366129236e-01
2.009170949459075928e-01,2.022475517549194302e-01
1.885115951299667636e-01,2.044644210855987021e-01
1.943915784358978549e-01,1.983125540512778451e-01
1.943915784358978549e-01,1.959448572456841675e-01
1.774574071168899536e-01,1.935084361747443082e-01
1.774574071168899536e-01,1.897998640887683108e-01
1.960569024085998535e-01,1.858654184074943483e-01
1.895107030868530551e-01,1.870474410255031639e-01
1.895107030868530551e-01,1.861478612986686709e-01
2.074400931596755981e-01,1.854112608942310725e-01
2.074400931596755981e-01,1.907833624884942292e-01
2.042641043663024902e-01,1.957050557113138300e-01
2.000678032636642456e-01,1.972803590429751119e-01
2.000678032636642456e-01,1.990706564179367533e-01
1.733694821596145352e-01,2.007111719566751773e-01
1.733694821596145352e-01,1.956008316967000615e-01
1.849348992109298706e-01,1.901980874499576424e-01
1.688267737627029419e-01,1.865454645130696087e-01
1.688267737627029419e-01,1.818615494881896111e-01
1.914010494947433194e-01,1.771554909824627488e-01
1.914010494947433194e-01,1.795859616368701839e-01
1.822085529565811157e-01,1.821355356014219828e-01
2.055577039718627930e-01,1.820285866962614296e-01
2.055577039718627930e-01,1.878749349031367533e-01
2.419840693473815640e-01,1.933961968111942431e-01
2.419840693473815640e-01,2.038191448391013239e-01
2.256706357002258578e-01,2.130610573706927524e-01
2.096177935600280762e-01,2.198946104155609926e-01
2.096177935600280762e-01,2.206669271239794783e-01
1.874290108680725098e-01,2.212239780078732176e-01
1.874290108680725098e-01,2.119245052460539680e-01
1.834661066532135010e-01,2.018879533081940347e-01
1.931275576353073398e-01,1.941121654858536660e-01
1.931275576353073398e-01,1.907690892850879005e-01
1.979932039976119995e-01,1.872413513927815021e-01
1.979932039976119995e-01,1.892617087428249412e-01
1.810770928859710693e-01,1.912199347883938305e-01
4.031366109848023571e-01,1.909589813077129383e-01
4.031366109848023571e-01,2.417355575381230082e-01
4.604647159576416016e-01,2.782043839581964106e-01
4.604647159576416016e-01,3.206359346840047531e-01
5.008617043495178223e-01,3.585730313770870703e-01
4.378605186939240057e-01,4.001481615342532550e-01
4.378605186939240057e-01,4.052694891199238314e-01
2.561259269714355469e-01,4.101990570881464682e-01
2.561259269714355469e-01,3.845503431241327208e-01
2.273572981357574463e-01,3.560662289949437787e-01
2.201671004295349399e-01,3.132395650967952361e-01
2.201671004295349399e-01,2.763145587091844768e-01
1.984222531318664551e-01,2.305553487619786956e-01
1.984222531318664551e-01,2.204030680936437947e-01
1.943005025386810580e-01,2.094950949900411807e-01
1.805235445499419888e-01,2.035227539651938700e-01
1.805235445499419888e-01,1.967357569937015771e-01
1.998776346445083896e-01,1.892633669313394662e-01
1.998776346445083896e-01,1.893754941233114497e-01
2.088513970375061035e-01,1.896783013964913056e-01
2.052325755357742865e-01,1.926931310713965173e-01
2.052325755357742865e-01,1.968057171950964024e-01
2.000157982110976618e-01,2.006775987284157847e-01
2.000157982110976618e-01,2.007354989686336300e-01
1.864733994007110596e-01,2.007206351709681924e-01
1.736753731966018677e-01,1.969623252597281216e-01
1.736753731966018677e-01,1.921056013786199002e-01
1.885808259248733243e-01,1.869481705833358487e-01
1.885808259248733243e-01,1.845188467368532870e-01
1.996680051088333130e-01,1.820950625834805714e-01
2.059511989355087558e-01,1.849506526072615953e-01
2.059511989355087558e-01,1.904232223247239730e-01
1.754488945007323941e-01,1.955220542907601944e-01
1.754488945007323941e-01,1.939525425733562569e-01
2.038332223892211914e-01,1.921410945097762890e-01
2.094203978776931763e-01,1.926821511037345169e-01
2.094203978776931763e-01,1.933088951059005745e-01
1.958734989166260043e-01,1.941944853613833122e-01
1.958734989166260043e-01,1.972325624507104969e-01
1.724482625722885132e-01,2.000259499318511047e-01
1.776420623064041138e-01,1.954468253503646169e-01
1.776420623064041138e-01,1.900644614810292066e-01
1.713635921478271207e-01,1.842103424910829235e-01
1.713635921478271207e-01,1.804586771670583789e-01
1.787484437227248868e-01,1.767488867027201815e-01
1.702087521553039551e-01,1.771345871640888636e-01
1.702087521553039551e-01,1.766364573124160620e-01
1.913181245326995850e-01,1.760475066160246682e-01
1.913181245326995850e-01,1.786923105997476613e-01
1.938814073801040649e-01,1.814803179486811913e-01
2.021497935056686401e-01,1.841285098481580951e-01
2.021497935056686401e-01,1.891187521852280007e-01
1.973596364259720126e-01,1.938355012809507283e-01
1.973596364259720126e-01,1.949345758537472384e-01
1.818598955869674683e-01,1.959682369038918404e-01
1.518772840499877930e-01,1.941773858242054340e-01
1.518772840499877930e-01,1.882402971496742461e-01
1.797889769077301025e-01,1.820455853159494708e-01
1.797889769077301025e-01,1.790374295170853169e-01
1.766516566276550571e-01,1.762349276384454766e-01
2.190984636545181274e-01,1.757882153670919101e-01
2.190984636545181274e-01,1.855794891489915832e-01
2.368807047605514526e-01,1.950586265179830858e-01
2.368807047605514526e-01,2.053330630788119948e-01
2.723162174224852961e-01,2.149154205540887985e-01
2.842651307582855225e-01,2.314017686961044595e-01
2.842651307582855225e-01,2.434830500804034681e-01
3.610217571258544922e-01,2.549743544913584681e-01
3.610217571258544922e-01,2.780703212123258883e-01
3.393641114234924316e-01,2.991658836373490282e-01
2.713941931724548340e-01,3.102828744443010822e-01
2.713941931724548340e-01,3.086628053678810990e-01
2.359429746866226474e-01,3.065521107444978410e-01
2.359429746866226474e-01,2.858063680386307426e-01
1.764906942844390869e-01,2.633305352506977726e-01
1.933852136135101596e-01,2.347186802426361463e-01
1.933852136135101596e-01,2.210767102177885191e-01
2.070471495389938354e-01,2.061184975041273071e-01
2.070471495389938354e-01,2.002360113058735958e-01
2.076206952333450317e-01,1.940300221886558096e-01
2.084009945392608920e-01,1.989576063266558503e-01
2.084009945392608920e-01,2.016090511659854312e-01
2.094228416681289395e-01,2.041268112989282069e-01
2.094228416681289395e-01,2.045592910814569010e-01
1.959958970546722412e-01,2.049909746640815877e-01
2.029076218605041226e-01,2.030657464291620862e-01
2.029076218605041226e-01,2.020449871306599643e-01
1.715861856937408447e-01,2.010071741804141110e-01
1.715861856937408447e-01,1.953497047213280102e-01
1.853289008140563965e-01,1.894054556121675670e-01
1.865625381469726562e-01,1.874264495491463900e-01
1.865625381469726562e-01,1.842363692543478315e-01
1.824795007705688199e-01,1.810348964586958598e-01
1.824795007705688199e-01,1.823631513517626757e-01
1.865475177764893133e-01,1.833989577909871937e-01
1.910450011491775513e-01,1.835251712608366725e-01
1.910450011491775513e-01,1.844042281421127416e-01
1.947984993457794467e-01,1.853573608658598271e-01
1.947984993457794467e-01,1.875888209809221385e-01
1.942836940288543701e-01,1.896826903027533373e-01
1.823579072952270508e-01,1.910109937357779841e-01
1.823579072952270508e-01,1.897335252708708953e-01
1.863520592451095859e-01,1.883111341028022578e-01
1.863520592451095859e-01,1.866755749110964313e-01
2.122309356927871982e-01,1.849930921039236176e-01
2.061766982078551969e-01,1.892232643849799389e-01
2.061766982078551969e-01,1.934435817708457517e-01
2.002694308757781982e-01,1.974394576598020035e-01
4.005388617515563965e-01,1.997202996055914004e-01
2.036442905664443970e-01,2.480655856812708226e-01
2.041575908660888672e-01,2.473003304900784349e-01
2.041575908660888672e-01,2.472656279058234041e-01
2.072980999946594793e-01,2.472230947518260225e-01
2.072980999946594793e-01,2.475683044449697445e-01
1.624802798032760620e-01,2.019633033960910873e-01
2.047239691019058228e-01,1.966265623072760704e-01
2.047239691019058228e-01,1.965454479294435342e-01
1.887350976467132846e-01,1.965466389907748190e-01
1.887350976467132846e-01,1.934378708247902756e-01
1.948221027851104736e-01,1.904042423291804342e-01
1.866550594568252841e-01,1.941965893332745774e-01
1.866550594568252841e-01,1.909263331381158557e-01
2.063589692115783969e-01,1.874547429330249981e-01
2.063589692115783969e-01,1.909292270646430756e-01
1.990336924791336060e-01,1.941781566559622196e-01
1.980886012315750122e-01,1.950501117252580463e-01
1.980886012315750122e-01,1.969438012689148920e-01
2.041638940572738370e-01,1.986750250697110476e-01
2.041638940572738370e-01,1.982082747487373398e-01
1.967703551054001132e-01,1.978124454404060484e-01
1.815092116594314853e-01,1.974716666941139509e-01
1.815092116594314853e-01,1.949877653937724942e-01
1.704124957323074618e-01,1.923127845036645689e-01
1.704124957323074618e-01,1.870671897087224089e-01
1.662842035293579102e-01,1.814760485450284400e-01
1.620960831642150879e-01,1.772008575598906233e-01
1.620960831642150879e-01,1.754515727710621031e-01
2.050786018371582031e-01,1.735686366551145721e-01
2.050786018371582031e-01,1.789193844975588976e-01
2.152855992317199985e-01,1.843308722980168124e-01
2.119203954935073575e-01,1.920588465591213101e-01
2.119203954935073575e-01,1.992684946091575204e-01
2.017627954483031949e-01,2.061639013560854772e-01
2.017627954483031949e-01,2.056544267280352722e-01
1.966343224048614502e-01,2.050515707488665129e-01
1.994546651840210238e-01,2.017154286903637128e-01
1.994546651840210238e-01,1.993669920304034782e-01
1.848202943801880160e-01,1.969854963534881653e-01
1.848202943801880160e-01,1.942335060405925018e-01
1.885830014944076538e-01,1.913280849864039679e-01
1.749152988195419034e-01,1.898062499056286656e-01
1.749152988195419034e-01,1.858605790206284969e-01
1.777306050062179565e-01,1.816076900690229978e-01
1.777306050062179565e-01,1.804241346283943781e-01
1.724444031715393066e-01,1.792467439617369540e-01
1.696542352437973022e-01,1.772513319164641388e-01
1.696542352437973022e-01,1.769484836055726928e-01
1.860917955636977872e-01,1.764758103648332577e-01
1.860917955636977872e-01,1.775180612001526215e-01
1.783816069364547452e-01,1.788454382967498424e-01
1.954015940427779596e-01,1.796708264415888268e-01
1.954015940427779596e-01,1.833928586891472035e-01
1.979020982980727872e-01,1.870018345562725337e-01
1.979020982980727872e-01,1.892180019572456684e-01
1.943283975124359408e-01,1.913700246055390075e-01
1.862878054380416870e-01,1.937203369929936525e-01
1.862878054380416870e-01,1.922593985444402132e-01
1.807115972042084018e-01,1.906837947063686478e-01
1.807115972042084018e-01,1.877565848142642435e-01
1.901234537363052368e-01,1.845908452894495511e-01
1.879478991031646729e-01,1.835784283164497432e-01
1.879478991031646729e-01,1.839293106452268289e-01
1.885761320590972900e-01,1.843623128161295810e-01
1.885761320590972900e-01,1.856628314193045082e-01
1.930653005838394443e-01,1.868380049339961602e-01
1.887152642011642456e-01,1.873999379464073578e-01
1.887152642011642456e-01,1.875788302296198251e-01
2.012016028165817261e-01,1.877251275331671965e-01
2.012016028165817261e-01,1.901349372236943724e-01
2.029483020305633267e-01,1.924448212322354412e-01
1.880519986152648648e-01,1.943375831043111512e-01
1.880519986152648648e-01,1.943433914507054217e-01
1.938583850860595981e-01,1.941849723124279004e-01
1.938583850860595981e-01,1.927562882726944482e-01
1.818363368511199951e-01,1.913123255044580640e-01
1.934503465890884122e-01,1.876490338193574081e-01
1.934503465890884122e-01,1.885473829146818159e-01
1.825065016746520719e-01,1.894347585880929441e-01
1.825065016746520719e-01,1.876234732454953036e-01
1.718572974205017090e-01,1.857546251067364040e-01
1.888858973979949951e-01,1.845475144338264983e-01
1.888858973979949951e-01,1.834265333483651450e-01
1.934519559144973477e-01,1.825204321775522331e-01
1.934519559144973477e-01,1.845901438773750458e-01
2.148046046495437345e-01,1.866176626368059865e-01
1.987380981445312500e-01,1.940506183089106551e-01
1.987380981445312500e-01,1.957975410483210332e-01
2.087343037128448486e-01,1.974467238378763700e-01
2.087343037128448486e-01,2.001309404426075966e-01
1.829220354557037631e-01,2.026730787297978398e-01
1.861628443002700806e-01,1.974391477237524561e-01
1.861628443002700806e-01,1.954245531442596329e-01
1.987580806016921997e-01,1.932609273332590027e-01
1.987580806016921997e-01,1.911017022622401584e-01
2.008325010538100641e-01,1.890682731752502121e-01
1.991298943758010864e-01,1.922046883046921173e-01
1.991298943758010864e-01,1.944417979739935243e-01
1.789479851722717285e-01,1.965353698420727047e-01
1.789479851722717285e-01,1.935812928296642976e-01
1.960126012563705167e-01,1.904254707112970901e-01
1.769941002130508423e-01,1.893082713430894737e-01
1.769941002130508423e-01,1.857427670151090282e-01
1.811666339635848999e-01,1.820453669594911950e-01
1.811666339635848999e-01,1.822355483390093456e-01
2.170765548944473267e-01,1.823042299364246999e-01
2.228865027427673340e-01,1.875304305000666527e-01
2.228865027427673340e-01,1.958612142087589048e-01
1.981754004955292026e-01,2.035439684604853361e-01
1.981754004955292026e-01,2.061556625156098776e-01
1.650676876306533813e-01,2.085054627598079413e-01
1.990987807512283603e-01,2.009740127405528487e-01
1.990987807512283603e-01,1.962494618704277438e-01
1.952784955501556396e-01,1.912925478395624823e-01
1.952784955501556396e-01,1.908136814963457550e-01
1.885309964418411255e-01,1.905135565079345839e-01
1.826629936695098877e-01,1.931780825792495659e-01
1.826629936695098877e-01,1.904303444945218138e-01
2.290190458297728937e-01,1.874997800295686856e-01
2.290190458297728937e-01,1.950620231305781327e-01
2.735207974910736084e-01,2.016128126706304979e-01
2.842034697532653809e-01,2.181673170355141467e-01
2.842034697532653809e-01,2.359303879214013633e-01
2.687470018863677979e-01,2.526109253266305421e-01
2.687470018863677979e-01,2.595658971882047195e-01
2.419617027044296542e-01,2.663444638538751685e-01
2.585682272911071777e-01,2.608511051519437074e-01
2.585682272911071777e-01,2.560669809191640778e-01
2.487231940031051913e-01,2.512435497323450839e-01
2.487231940031051913e-01,2.475652955267294841e-01
2.237731963396072388e-01,2.439170796267783881e-01
2.095130234956741055e-01,2.408719718888714112e-01
2.095130234956741055e-01,2.324040863431763027e-01
1.998770385980606079e-01,2.235503417062670584e-01
1.998770385980606079e-01,2.147380820226672815e-01
2.012569010257720947e-01,2.052170615195309245e-01
2.061658948659896851e-01,2.008845981357081922e-01
2.061658948659896851e-01,2.002033650697793432e-01
1.921332776546478549e-01,1.995951347895239258e-01
1.921332776546478549e-01,1.983834146463057946e-01
1.658605039119720459e-01,1.970780475953550215e-01
1.724504977464676181e-01,1.922554631053096097e-01
1.724504977464676181e-01,1.868263025689448353e-01
1.866747587919235229e-01,1.810746720391364362e-01
1.866747587919235229e-01,1.799065392973036581e-01
1.559437066316604614e-01,1.791336513742614045e-01
1.450039297342300415e-01,1.789983936919354868e-01
1.450039297342300415e-01,1.773842121402012806e-01
1.372807174921035767e-01,1.750813138973829619e-01
1.372807174921035767e-01,1.702306047511556730e-01
1.404531002044677457e-01,1.650581337799712223e-01
1.343677937984466553e-01,1.637039768305981469e-01
1.343677937984466553e-01,1.628894023778289513e-01
1.512558013200759888e-01,1.620549555553174592e-01
1.512558013200759888e-01,1.632203902829746645e-01
1.571162045001983365e-01,1.643706429487619691e-01
1.624787002801895142e-01,1.658444901198398991e-01
1.624787002801895142e-01,1.680982927145031613e-01
1.773491054773330688e-01,1.699457639924951691e-01
1.773491054773330688e-01,1.723567289000774438e-01
1.815999448299408237e-01,1.745364504392915850e-01
1.852913051843643188e-01,1.767273168432099417e-01
1.852913051843643188e-01,1.790468551618892568e-01
1.884922981262207031e-01,1.808500792378621991e-01
1.884922981262207031e-01,1.827220076836652274e-01
1.918683052062988559e-01,1.844619338823168808e-01
2.261683344841003418e-01,1.862464955510637343e-01
2.261683344841003418e-01,1.950622717773276560e-01
2.014196962118148804e-01,2.025169668093005082e-01
2.014196962118148804e-01,2.046695106817938981e-01
1.973526030778884888e-01,2.067027370904718775e-01
1.941564679145812711e-01,2.074169560267905554e-01
1.941564679145812711e-01,2.015176722426519906e-01
2.078395932912826538e-01,1.951435807055766358e-01
2.078395932912826538e-01,1.963327716879941509e-01
1.838871985673904419e-01,1.975890754692204987e-01
2.030725032091140747e-01,1.956495816493279416e-01
2.030725032091140747e-01,1.971557229001574263e-01
1.920516937971115112e-01,1.986024425476208277e-01
1.920516937971115112e-01,1.958270949567575414e-01
1.887007951736450473e-01,1.930176496122869012e-01
1.887437999248504916e-01,1.936317576874241886e-01
1.887437999248504916e-01,1.909621194325112625e-01
1.873788982629775723e-01,1.881614395429900555e-01
1.873788982629775723e-01,1.873104050336102111e-01
1.891151070594787875e-01,1.864573741288879372e-01
1.895716041326522827e-01,1.865104993420325097e-01
1.895716041326522827e-01,1.866600418050189114e-01
1.892361938953399936e-01,1.868357313486515014e-01
1.892361938953399936e-01,1.871788081331436648e-01
1.986678987741470614e-01,1.874953259578051035e-01
2.600212097167968750e-01,1.893161172456117591e-01
2.600212097167968750e-01,2.051589158591129447e-01
2.536996603012084961e-01,2.180672413308602786e-01
2.536996603012084961e-01,2.289218066147371278e-01
2.486595213413238525e-01,2.394316278471147474e-01
2.238901853561401645e-01,2.474179002342269396e-01
2.238901853561401645e-01,2.411502612342302510e-01
1.916601955890655518e-01,2.346880177465037742e-01
1.916601955890655518e-01,2.243423123855196044e-01
1.912304461002349576e-01,2.133654819116689028e-01
2.217618972063064853e-01,2.024903356470289517e-01
2.217618972063064853e-01,2.018542087924366790e-01
2.349424958229065219e-01,2.014997692475832547e-01
2.349424958229065219e-01,2.094726254812978861e-01
2.342955172061919888e-01,2.169916275611729617e-01
2.245461940765380859e-01,2.240712035582271000e-01
2.245461940765380859e-01,2.246145460794118642e-01
2.107733041048049649e-01,2.250772595340693183e-01
2.107733041048049649e-01,2.208637975387885144e-01
2.195045053958892822e-01,2.164876592708409042e-01
1.867112517356872836e-01,2.136258596955774303e-01
1.867112517356872836e-01,2.074186329485005753e-01
1.782344579696655551e-01,2.008755508599300577e-01
1.782344579696655551e-01,1.956517177826063159e-01
1.810989975929260531e-01,1.900793739048014241e-01
1.992904990911484042e-01,1.814546791666526993e-01
1.992904990911484042e-01,1.842207576046953621e-01
2.188781946897506436e-01,1.868006753782610607e-01
2.188781946897506436e-01,1.944494773670024657e-01
3.330821096897125244e-01,2.013760245691203765e-01
2.986789345741271973e-01,2.332600150463587652e-01
2.986789345741271973e-01,2.502891082020626823e-01
3.000943064689636230e-01,2.665225438664313162e-01
3.000943064689636230e-01,2.800928478106469166e-01
2.386572659015655518e-01,2.937388356541896783e-01
2.014694958925247192e-01,2.771615992559419150e-01
2.014694958925247192e-01,2.612185919299400694e-01
2.121156007051467896e-01,2.448337509200986528e-01
2.121156007051467896e-01,2.284533308463802259e-01
2.050123065710068027e-01,2.097305130065043877e-01
1.987702995538711548e-01,2.031193737877263761e-01
1.987702995538711548e-01,2.027122087917095083e-01
1.788948029279709140e-01,2.022067933617736069e-01
1.788948029279709140e-01,1.968450336608126294e-01
2.083670347929000577e-01,1.911152764674295401e-01
2.080235034227371216e-01,1.916421584275720957e-01
2.080235034227371216e-01,1.934504864863803297e-01
1.859974563121796209e-01,1.953614543713719232e-01
1.859974563121796209e-01,1.964795357159364320e-01
2.174742072820663452e-01,1.973203898278138302e-01
2.246447950601577481e-01,1.989979314032893909e-01
2.246447950601577481e-01,2.022948671845032076e-01
2.117234021425247192e-01,2.056040347992875161e-01
2.117234021425247192e-01,2.097628286013885623e-01
2.041544467210769376e-01,2.136845233481970141e-01
2.146971523761749268e-01,2.113778069427653949e-01
2.146971523761749268e-01,2.094297353714636711e-01
2.150782048702239990e-01,2.075211785519282814e-01
2.150782048702239990e-01,2.081423581420569213e-01
2.338068932294845581e-01,2.087984481581905416e-01
3.202091157436370850e-01,2.142349819320097382e-01
3.202091157436370850e-01,2.365301553087534592e-01
3.246116042137145996e-01,2.557384193497777014e-01
3.246116042137145996e-01,2.744628497388427735e-01
3.107064068317412775e-01,2.926777316094536507e-01
3.095698356628417969e-01,3.066289618376921156e-01
3.095698356628417969e-01,3.046904470352586047e-01
2.792485058307648260e-01,3.026878029875035847e-01
2.792485058307648260e-01,2.944207911546542489e-01
2.426900416612625122e-01,2.862910501985334588e-01
2.526278495788574219e-01,2.743261671082890540e-01
2.526278495788574219e-01,2.639690943555657032e-01
2.839281857013702393e-01,2.532633761824965024e-01
2.839281857013702393e-01,2.540055538971784932e-01
2.947731912136077881e-01,2.549568460181904084e-01
2.706804275512695312e-01,2.643795314153603027e-01
2.706804275512695312e-01,2.676915162240219859e-01
2.213104963302612582e-01,2.708569719057808967e-01
2.213104963302612582e-01,2.602503589190302002e-01
2.309004068374633234e-01,2.493716431342172801e-01
2.387782931327820102e-01,2.373292042054805928e-01
2.387782931327820102e-01,2.310724871965363358e-01
2.419604510068892878e-01,2.247208554140613379e-01
2.419604510068892878e-01,2.284785463314163156e-01
2.565485239028931219e-01,2.321416744001682797e-01
2.649432718753815252e-01,2.368247808269427768e-01
2.649432718753815252e-01,2.416816856261804758e-01
2.552419006824492853e-01,2.464569046763499249e-01
2.552419006824492853e-01,2.488843124425795528e-01
2.503576874732971191e-01,2.512320436941224422e-01
2.851879894733428955e-01,2.501139971103951143e-01
2.851879894733428955e-01,2.538650181318052312e-01
3.117785453796387274e-01,2.576523624005546131e-01
3.117785453796387274e-01,2.681083528810087602e-01
2.945955097675323486e-01,2.783307717057787456e-01
3.066652119159698486e-01,2.862090731213919881e-01
3.066652119159698486e-01,2.901661680835832535e-01
2.395841330289840698e-01,2.940320760959015400e-01
2.395841330289840698e-01,2.813289392880932716e-01
1.883951872587203979e-01,2.688056904631574984e-01
1.851434856653213223e-01,2.516923060434578252e-01
1.851434856653213223e-01,2.307643426001760034e-01
2.226487994194030762e-01,2.069620787249369098e-01
2.226487994194030762e-01,2.031902346926645064e-01
2.192545831203460693e-01,1.995605069459238101e-01
2.097330987453460693e-01,2.049408246240782550e-01
2.097330987453460693e-01,2.088712641722297869e-01
1.943479031324386597e-01,2.125487652655824455e-01
1.943479031324386597e-01,2.077165583100766821e-01
1.941306889057159424e-01,2.026250559817538432e-01
2.030006051063537598e-01,1.979208046687725708e-01
2.030006051063537598e-01,1.965199748037753380e-01
1.910956948995590765e-01,1.952212962097118198e-01
1.910956948995590765e-01,1.947677196241752173e-01
1.403214633464813232e-01,1.942400606724524748e-01
1.376174986362457275e-01,1.892713029432957772e-01
1.376174986362457275e-01,1.820970365342139963e-01
1.550265699625015259e-01,1.745631242798807992e-01
1.550265699625015259e-01,1.699486214275207074e-01
2.001304924488067905e-01,1.654983194806143310e-01
1.929156184196471613e-01,1.725778911098784507e-01
1.929156184196471613e-01,1.784193079607336863e-01
1.806230992078780850e-01,1.837711379086666430e-01
1.806230992078780850e-01,1.863414045176426115e-01
1.619705408811569214e-01,1.882854516314711735e-01
1.889210045337677280e-01,1.832121385741471431e-01
1.905120015144347867e-01,1.822053587731251867e-01
1.788192987442016324e-01,1.817566919260027725e-01
1.788192987442016324e-01,1.817011378640379371e-01
1.769654452800750732e-01,1.816657942122009151e-01
1.813704073429107944e-01,1.824219452902806349e-01
1.813704073429107944e-01,1.808896334540786577e-01
2.045527994632720947e-01,1.789357988651787135e-01
2.045527994632720947e-01,1.847073226844497817e-01
2.115447074174881259e-01,1.893351183408086003e-01
2.114014774560928622e-01,1.952641075709657392e-01
2.114014774560928622e-01,2.003139943638108933e-01
1.859614849090575894e-01,2.050758535549087047e-01
1.859614849090575894e-01,2.022708698533559057e-01
1.966694146394729614e-01,1.992734763194645431e-01
1.941680759191513339e-01,1.964121022943993711e-01
1.941680759191513339e-01,1.930536934892039536e-01
1.857832968235015869e-01,1.895831686229216273e-01
1.857832968235015869e-01,1.896297022949526567e-01
1.800334155559539795e-01,1.895230680232762310e-01
2.057538926601410190e-01,1.867094555876522843e-01
2.057538926601410190e-01,1.890654038319354302e-01
2.078094035387039185e-01,1.914390472177497637e-01
2.078094035387039185e-01,1.953971758177017182e-01
2.086281329393386841e-01,1.991912911111180795e-01
2.044339925050735474e-01,2.036296579852599486e-01
2.044339925050735474e-01,2.034163263538663613e-01
2.053123414516448975e-01,2.031757163230544783e-01
2.053123414516448975e-01,2.027097390276382805e-01
2.010436654090881625e-01,2.022402513883702346e-01
1.927201002836227417e-01,2.008947474946135570e-01
1.927201002836227417e-01,1.989286076943879711e-01
1.994760930538177490e-01,1.968596384780360309e-01
1.994760930538177490e-01,1.956838686137373773e-01
1.575461775064468384e-01,1.945478113946551291e-01
1.327996999025344849e-01,1.892921641413308487e-01
1.327996999025344849e-01,1.841476994658005073e-01
1.607619971036911011e-01,1.781502581552527054e-01
1.607619971036911011e-01,1.727118939935599340e-01
1.669837534427642822e-01,1.674388987471903678e-01
1.829388290643691739e-01,1.685267843886154304e-01
1.829388290643691739e-01,1.730656691458983820e-01
1.954613029956817627e-01,1.764284198519593672e-01
1.954613029956817627e-01,1.807828059117729536e-01
1.971024274826049250e-01,1.850982062518571891e-01
2.063226997852324884e-01,1.892528785291791027e-01
2.063226997852324884e-01,1.934723227653971644e-01
2.025007009506225308e-01,1.974037905088961986e-01
2.025007009506225308e-01,1.986868692991458907e-01
1.924629509449005405e-01,1.999194977556392749e-01
2.318105995655060092e-01,1.991685053045401388e-01
2.318105995655060092e-01,2.043193365096992731e-01
2.230467796325683871e-01,2.092197611886817410e-01
2.230467796325683871e-01,2.128799021829138605e-01
2.142658680677413940e-01,2.164834500543231233e-01
1.877232939004898071e-01,2.198197335578808143e-01
1.877232939004898071e-01,2.125832693835857379e-01
2.017925977706908625e-01,2.049432230121809029e-01
2.017925977706908625e-01,2.008062743280994433e-01
2.051866054534912109e-01,1.964781533533280222e-01
1.975956559181213379e-01,1.947000644188542628e-01
1.975956559181213379e-01,1.963893977522187806e-01
2.050545066595077237e-01,1.979363233632406294e-01
2.050545066595077237e-01,1.985007772258629288e-01
1.966183036565780640e-01,1.990793735672262144e-01
1.954053044319152832e-01,1.976197465851565749e-01
1.954053044319152832e-01,1.972644634806350883e-01
1.642142683267593384e-01,1.968358133163692625e-01
1.642142683267593384e-01,1.911739069164438698e-01
1.847266256809234619e-01,1.852752445501060219e-01
1.668477952480316162e-01,1.830136866448557054e-01
1.668477952480316162e-01,1.791512129132245834e-01
1.522195041179656982e-01,1.754375472400122593e-01
1.522195041179656982e-01,1.748677662324142623e-01
4.099152088165283203e-01,1.739341917745247379e-01
4.086518883705139160e-01,2.285106518354578786e-01
4.086518883705139160e-01,2.694156466134334793e-01
4.332959949970245361e-01,3.056167880871963338e-01
4.332959949970245361e-01,3.446368250369646891e-01
4.238381981849669855e-01,3.796953465745760425e-01
4.020000100135803778e-01,3.817652784126286947e-01
4.020000100135803778e-01,3.809305589060850705e-01
4.173733890056610663e-01,3.799946352242121184e-01
4.173733890056610663e-01,3.775516801110698206e-01
3.680085241794586737e-01,3.750933042425581010e-01
