1.948629021644592285e-01,2.093904463066159627e-01
1.948629021644592285e-01,1.995838507738803003e-01
1.922753006219864169e-01,1.870090988298659940e-01
1.779100298881530762e-01,1.855872891932937307e-01
1.779100298881530762e-01,1.803892381267195311e-01
1.810636967420578003e-01,1.759827429854975700e-01
1.810636967420578003e-01,1.768284484769494236e-01
1.680064052343368530e-01,1.776366935504456457e-01
1.635809391736984530e-01,1.739619151518886075e-01
1.635809391736984530e-01,1.673435115368466231e-01
1.706920862197875977e-01,1.668881992400335357e-01
1.706920862197875977e-01,1.724153566436806284e-01
1.916799396276473999e-01,1.772256545848678033e-01
2.085516005754470825e-01,1.799546697515315985e-01
2.085516005754470825e-01,1.986046666413114059e-01
2.058236002922058105e-01,2.134820119657270809e-01
2.058236002922058105e-01,2.084486318308714226e-01
1.828240007162094116e-01,2.028475415294568873e-01
1.857409924268722534e-01,1.907798767873090939e-01
1.857409924268722534e-01,1.788994443753993413e-01
1.775099337100982666e-01,1.798188905023413442e-01
1.775099337100982666e-01,1.776800424308426496e-01
1.752161234617232999e-01,1.743653979950553212e-01
1.971126049757004062e-01,1.743521984780161682e-01
1.971126049757004062e-01,1.813579321514523224e-01
1.845117062330246249e-01,1.880558733798876891e-01
1.845117062330246249e-01,1.833711755864172177e-01
1.984785944223403931e-01,1.783690715654515924e-01
2.143009155988692960e-01,1.868593375013164193e-01
2.143009155988692960e-01,2.032724693170709362e-01
1.841159015893935880e-01,2.104476482083816880e-01
1.841159015893935880e-01,1.931791111084968093e-01
2.104043960571289062e-01,1.752090100892893521e-01
2.032361328601836881e-01,1.889861903052127701e-01
2.032361328601836881e-01,2.056860966468218588e-01
2.088565975427627841e-01,2.083937526385734040e-01
2.088565975427627841e-01,2.083298162278710008e-01
1.960448026657104492e-01,2.081915756210782897e-01
1.900728046894073209e-01,1.964460855030468744e-01
1.900728046894073209e-01,1.823066870980746546e-01
1.658952832221984863e-01,1.807476078752799364e-01
1.658952832221984863e-01,1.754591382652252174e-01
1.872539073228836337e-01,1.695542898334573556e-01
1.852532625198364535e-01,1.746065181717083026e-01
1.852532625198364535e-01,1.787010125298428564e-01
1.799222826957702359e-01,1.781238259561182258e-01
1.799222826957702359e-01,1.778594279497185682e-01
2.012764066457748136e-01,1.775149609896085889e-01
1.978618204593658725e-01,1.925334356497773736e-01
1.978618204593658725e-01,1.984099969726785262e-01
1.950792670249938965e-01,1.883250039974490586e-01
1.950792670249938965e-01,1.871157827570271714e-01
1.711323857307434082e-01,1.858493320202188326e-01
1.623787879943847379e-01,1.796598030025292336e-01
1.623787879943847379e-01,1.700983543967514444e-01
1.677809953689575195e-01,1.676769173595499263e-01
1.677809953689575195e-01,1.700400863997292566e-01
2.059821039438247958e-01,1.722362278975405059e-01
2.158481031656265259e-01,1.881311012714948772e-01
2.158481031656265259e-01,2.046467726241759377e-01
2.141157686710357111e-01,2.048362912573241101e-01
2.141157686710357111e-01,2.010063311034668565e-01
1.768843084573745450e-01,1.969635268623811664e-01
1.967563778162002563e-01,1.859410393317221244e-01
1.967563778162002563e-01,1.815285198951806511e-01
1.834106147289275845e-01,1.880367847017742622e-01
1.834106147289275845e-01,1.829859598992734371e-01
1.805770993232727051e-01,1.771888076037680670e-01
1.911945044994354526e-01,1.780175415729427502e-01
1.911945044994354526e-01,1.826450672215913229e-01
2.012096941471100131e-01,1.868472650872787522e-01
2.012096941471100131e-01,1.887027710185771034e-01
2.066745012998580933e-01,1.902476666482234013e-01
2.420079559087752741e-01,1.969098271444449932e-01
2.420079559087752741e-01,2.269612466978753462e-01
2.195876985788345059e-01,2.481642355007703249e-01
2.195876985788345059e-01,2.253904547815092363e-01
2.106474190950393399e-01,1.997976831322720026e-01
1.944769918918609619e-01,1.963861060210820852e-01
1.944769918918609619e-01,1.879786437659994036e-01
1.704634428024291992e-01,1.828775790859404893e-01
1.704634428024291992e-01,1.777391030211163125e-01
1.787724494934081754e-01,1.725969351339368407e-01
1.750701963901519775e-01,1.744885980042190365e-01
1.750701963901519775e-01,1.751056647368181007e-01
1.796004772186279297e-01,1.737203393581918665e-01
1.796004772186279297e-01,1.768724723452325953e-01
1.688816994428634366e-01,1.796311853017013016e-01
1.640222966670989990e-01,1.753967653337583366e-01
1.640222966670989990e-01,1.676743318631032653e-01
1.799237728118896762e-01,1.667557125781584659e-01
1.799237728118896762e-01,1.727038047767584239e-01
1.769366562366485596e-01,1.771158892632419546e-01
1.781685650348663330e-01,1.755753496527346913e-01
1.781685650348663330e-01,1.742109382043689203e-01
1.665234863758087158e-01,1.754091805148503269e-01
1.665234863758087158e-01,1.737041241764311073e-01
1.855484992265701294e-01,1.719447225998839146e-01
1.732649058103561401e-01,1.773384152259478708e-01
1.732649058103561401e-01,1.784858111128544145e-01
1.860052198171615878e-01,1.744852301355656610e-01
1.860052198171615878e-01,1.776663067218127168e-01
1.832000017166137695e-01,1.801516488838231789e-01
1.951216459274291992e-01,1.797361162765365450e-01
1.951216459274291992e-01,1.893852237496441437e-01
2.088083624839782715e-01,1.985364668086667672e-01
2.088083624839782715e-01,2.025704772365519435e-01
1.873752027750015536e-01,2.065513153263122681e-01
2.025922685861587524e-01,1.922763679794346203e-01
2.025922685861587524e-01,1.882646683319974534e-01
1.986005455255508423e-01,1.993784175419063831e-01
1.986005455255508423e-01,1.961449389568334367e-01
1.863885968923568726e-01,1.925662722362041779e-01
1.716178953647613803e-01,1.865539528580960338e-01
1.716178953647613803e-01,1.761911239808315877e-01
1.885485500097274780e-01,1.687473858894652512e-01
1.885485500097274780e-01,1.785720716910283723e-01
2.112170010805130005e-01,1.860551477488029681e-01
1.833238750696182251e-01,1.948933161932718816e-01
1.833238750696182251e-01,1.902364406846845934e-01
2.096922993659972867e-01,1.771551633151287053e-01
2.096922993659972867e-01,1.902476685845447824e-01
2.197588831186294278e-01,2.036144679064818830e-01
2.330529242753982544e-01,2.105753541762158954e-01
2.330529242753982544e-01,2.168856340849760478e-01
2.151579260826110840e-01,2.163452659720596916e-01
2.151579260826110840e-01,2.075866602093428548e-01
2.008593231439590454e-01,1.982346536133642589e-01
1.312076449394226074e-01,1.925169606670658895e-01
1.312076449394226074e-01,1.708501135697571283e-01
1.399971693754196167e-01,1.513353018363584879e-01
1.399971693754196167e-01,1.549063373736829785e-01
1.684847325086593628e-01,1.583214915735447481e-01
2.097207009792327881e-01,1.682464503585772708e-01
2.097207009792327881e-01,1.859320787918531115e-01
1.677834987640380859e-01,1.952185394860459777e-01
1.677834987640380859e-01,1.818327468782893197e-01
1.697814613580703458e-01,1.662545241183848721e-01
1.778024435043334961e-01,1.673896224914827591e-01
1.778024435043334961e-01,1.767490123571672511e-01
1.989280730485916415e-01,1.841579935420330216e-01
1.989280730485916415e-01,1.858324755250399529e-01
1.968562752008437833e-01,1.871717140324900275e-01
1.764101982116698941e-01,1.862038250476474033e-01
1.764101982116698941e-01,1.797343302281358413e-01
1.775619983673095426e-01,1.739465906131228146e-01
1.775619983673095426e-01,1.748998111228620422e-01
1.848997771739960272e-01,1.757746300600035450e-01
1.751745045185089111e-01,1.798996247157980399e-01
1.751745045185089111e-01,1.795577647274940458e-01
1.822087168693542480e-01,1.742883344992604000e-01
1.822087168693542480e-01,1.775626579999605159e-01
1.833387613296508789e-01,1.803210889907064240e-01
2.092746049165725430e-01,1.800705361443472041e-01
2.092746049165725430e-01,1.901647314438458525e-01
2.103900015354156772e-01,1.996848749811344637e-01
2.103900015354156772e-01,2.017317613305275592e-01
1.875178515911102572e-01,2.038103124950894074e-01
1.892182081937789917e-01,1.924067087255945385e-01
1.892182081937789917e-01,1.829334410436720126e-01
2.129119038581847589e-01,1.860670931854229992e-01
2.129119038581847589e-01,1.934259925634009003e-01
1.846891939640044888e-01,1.998412428742727398e-01
1.933595985174179077e-01,1.883753032523490800e-01
1.933595985174179077e-01,1.847556529393399871e-01
1.597519963979721069e-01,1.931324142485391360e-01
1.597519963979721069e-01,1.801120962596124697e-01
1.731968969106673917e-01,1.651390174829477919e-01
1.763989776372909268e-01,1.702371340400962163e-01
1.763989776372909268e-01,1.746756586464640049e-01
1.903230398893356601e-01,1.749546925658700958e-01
1.903230398893356601e-01,1.827621110519185021e-01
1.978137493133544922e-01,1.908883554365463919e-01
1.724811047315597534e-01,1.958243190853682092e-01
1.724811047315597534e-01,1.859633757347111394e-01
1.773964017629623413e-01,1.705854618946375800e-01
1.773964017629623413e-01,1.715825739361823421e-01
1.862247735261917392e-01,1.725752182561917092e-01
2.039294093847274780e-01,1.784142628755492066e-01
2.039294093847274780e-01,1.945405571069720174e-01
2.303259670734404962e-01,2.052325471075338026e-01
2.303259670734404962e-01,2.346753577384095291e-01
2.793866395950316828e-01,2.604385122551176601e-01
2.991397082805632990e-01,2.670482429961348880e-01
2.991397082805632990e-01,2.927177381425806191e-01
2.514718174934387207e-01,3.114812833484846277e-01
2.514718174934387207e-01,2.752866890237010145e-01
1.890812516212463379e-01,2.340644310594635902e-01
2.833725214004517157e-01,2.101764199513264375e-01
2.833725214004517157e-01,2.505803657341194035e-01
2.606627941131591797e-01,3.081658201762956240e-01
2.606627941131591797e-01,2.693337717078377325e-01
2.856159806251525879e-01,2.261652917273546115e-01
2.152941524982452115e-01,2.387485868397231370e-01
2.152941524982452115e-01,2.222630015170102280e-01
1.691618561744689941e-01,1.914885027206096324e-01
1.691618561744689941e-01,1.818539250469265733e-01
1.676646620035171509e-01,1.713299943826053218e-01
1.986771523952484408e-01,1.721086337588918769e-01
1.986771523952484408e-01,1.859020284102649301e-01
1.806469559669494629e-01,1.991809284710850669e-01
1.806469559669494629e-01,1.875661776810325088e-01
1.824937760829925260e-01,1.754565544969999558e-01
1.871567964553833285e-01,1.764202905326223147e-01
1.871567964553833285e-01,1.801949226251012559e-01
2.099210023880004883e-01,1.824755733589311646e-01
2.099210023880004883e-01,2.004195702635385712e-01
1.939254999160766602e-01,2.153411696008581955e-01
1.662387549877166748e-01,2.005398683342397292e-01
1.662387549877166748e-01,1.764421535849716449e-01
1.659430116415023804e-01,1.673518818243449058e-01
1.659430116415023804e-01,1.694734510034224262e-01
1.823978126049041470e-01,1.712932859764832449e-01
1.884365230798721313e-01,1.766475587196257302e-01
1.884365230798721313e-01,1.811388671053234256e-01
2.158337980508804599e-01,1.809829428664995465e-01
2.158337980508804599e-01,1.929505780183425057e-01
2.153968065977096835e-01,2.038035868964877539e-01
1.994820386171341220e-01,2.035099725793680092e-01
1.994820386171341220e-01,1.976975107066722415e-01
1.468160003423690796e-01,1.915692024098074042e-01
1.468160003423690796e-01,1.773741947465283797e-01
1.810178905725479126e-01,1.596864530065857934e-01
1.982497125864028931e-01,1.715776406824778832e-01
1.982497125864028931e-01,1.939453214027247185e-01
1.886273920536041260e-01,2.061399393566405447e-01
1.886273920536041260e-01,1.946862580477810023e-01
1.874347329139708918e-01,1.809509780745017782e-01
1.838997006416320801e-01,1.830490536264584578e-01
1.838997006416320801e-01,1.821749727456890844e-01
1.789868623018264771e-01,1.785945899356238542e-01
1.789868623018264771e-01,1.771200164615522321e-01
2.386641800403594971e-01,1.749982840787545901e-01
4.006521701812744141e-01,2.235016329276768299e-01
4.006521701812744141e-01,3.349315232572689927e-01
3.205133974552154541e-01,3.972710804371409887e-01
3.205133974552154541e-01,3.380171627331333140e-01
3.453539609909057617e-01,2.722654159792148310e-01
3.201048076152800959e-01,2.909547479468349573e-01
3.201048076152800959e-01,3.176403595660368118e-01
3.410750627517700195e-01,3.259438876023089682e-01
3.410750627517700195e-01,3.311279441291319348e-01
3.317869901657104492e-01,3.362775143809969558e-01
3.053638935089111328e-01,3.267844022683941696e-01
3.053638935089111328e-01,2.999820276157856291e-01
2.349332422018050870e-01,2.820736564920136025e-01
2.349332422018050870e-01,2.549533952063158249e-01
2.433501929044723511e-01,2.244100880640202134e-01
2.282197028398513516e-01,2.387512878892535384e-01
2.282197028398513516e-01,2.368206373939651666e-01
2.155468463897705078e-01,2.192822995406839004e-01
2.155468463897705078e-01,2.105786248420349616e-01
1.862514019012451172e-01,2.011101793114367653e-01
1.789111644029617587e-01,1.900412216443244651e-01
1.789111644029617587e-01,1.767887289019529073e-01
1.881189942359924594e-01,1.748733884468850197e-01
1.881189942359924594e-01,1.823973568930910838e-01
2.258600741624832153e-01,1.901899416400931186e-01
2.293289005756378729e-01,2.062025808498659518e-01
2.293289005756378729e-01,2.205886302434018897e-01
2.172957956790924072e-01,2.203084424359458005e-01
2.172957956790924072e-01,2.138785397371873176e-01
2.285813987255096436e-01,2.069751464059327861e-01
2.961176931858062744e-01,2.318078321534041142e-01
2.961176931858062744e-01,2.651610433036904468e-01
2.966041862964630127e-01,2.763007185610170668e-01
2.966041862964630127e-01,2.750415104604697625e-01
2.547382712364196777e-01,2.737270003422344056e-01
2.234010547399520874e-01,2.516283532227306385e-01
2.234010547399520874e-01,2.206805099314398111e-01
2.086469978094100952e-01,2.130658366601289322e-01
2.086469978094100952e-01,2.045946218403437711e-01
2.144542932510375699e-01,1.953194067261836420e-01
1.909040212631225863e-01,2.026355857073116606e-01
1.909040212631225863e-01,1.950403434620698040e-01
1.961078941822052280e-01,1.796869997314020917e-01
1.961078941822052280e-01,1.829821157434357581e-01
1.758218258619308472e-01,1.855179673373007765e-01
1.801499277353286743e-01,1.804042958302131128e-01
1.801499277353286743e-01,1.774545632775256510e-01
1.802266091108321866e-01,1.797070658829466872e-01
1.802266091108321866e-01,1.794143525020495400e-01
1.831340938806533813e-01,1.790864029528616563e-01
1.799343973398208618e-01,1.788231549745255278e-01
1.799343973398208618e-01,1.773298656508639770e-01
1.912952065467834473e-01,1.757999932629976114e-01
1.912952065467834473e-01,1.850047638815124074e-01
2.391949146986007690e-01,1.946416522458713216e-01
2.476447969675064087e-01,2.154428870325980627e-01
2.476447969675064087e-01,2.269448627845843114e-01
2.603625059127808172e-01,2.190868561972247608e-01
2.603625059127808172e-01,2.305536326552508342e-01
2.153915017843246460e-01,2.422349878143160162e-01
1.687171012163162231e-01,2.201136279729222767e-01
1.687171012163162231e-01,1.840108832240286152e-01
1.901023983955383578e-01,1.719601374919955128e-01
1.901023983955383578e-01,1.790407638557891812e-01
1.932636946439743042e-01,1.850597056286238662e-01
1.967433989048003595e-01,1.843990727549335851e-01
1.967433989048003595e-01,1.886628424789726921e-01
1.968259066343307495e-01,1.944027394045456936e-01
1.968259066343307495e-01,1.918089777866950063e-01
1.806160062551498136e-01,1.887743228566531040e-01
1.917202025651932040e-01,1.831396656109497700e-01
1.917202025651932040e-01,1.827302257308468514e-01
1.939498037099838534e-01,1.883951018550753809e-01
1.939498037099838534e-01,1.859404497465587947e-01
1.780927032232284546e-01,1.829445652421778090e-01
1.982128173112868985e-01,1.793911015966525302e-01
1.982128173112868985e-01,1.805813478770360858e-01
2.026619017124175748e-01,1.851177443023536151e-01
2.026619017124175748e-01,1.869688326729454231e-01
1.926424354314803800e-01,1.888759648199176411e-01
1.775846034288406372e-01,1.880506253343951772e-01
1.775846034288406372e-01,1.813582300060155583e-01
1.697379499673843384e-01,1.747540724057628225e-01
1.697379499673843384e-01,1.736818960631827113e-01
1.742126941680907926e-01,1.726540643330997105e-01
1.767573058605194092e-01,1.731003879030605375e-01
1.767573058605194092e-01,1.740064752957629357e-01
1.698893159627914429e-01,1.745079016220144885e-01
1.698893159627914429e-01,1.732645309950097967e-01
1.786662638187408170e-01,1.719844509910906094e-01
1.773128658533096869e-01,1.747273853734662985e-01
1.773128658533096869e-01,1.766499643559284183e-01
1.912915557622909268e-01,1.761713052510207322e-01
1.924645453691482822e-01,1.816393763139743378e-01
1.917339116334915161e-01,1.878166240089776395e-01
1.682408750057220459e-01,1.854538347557112554e-01
1.682408750057220459e-01,1.759319352485458343e-01
1.533582359552383423e-01,1.677173826517447675e-01
1.533582359552383423e-01,1.645334275590041306e-01
1.219834238290786743e-01,1.611558880786852499e-01
1.124273017048835754e-01,1.550068576369362239e-01
1.124273017048835754e-01,1.458257639982501741e-01
1.387385427951812744e-01,1.433719135120297139e-01
1.387385427951812744e-01,1.502557154823499219e-01
1.735682934522628784e-01,1.565806865019314931e-01
1.894755959510803223e-01,1.701185283914351531e-01
1.894755959510803223e-01,1.819623431302701266e-01
1.896263062953949252e-01,1.815588768669679498e-01
1.896263062953949252e-01,1.819336902927497224e-01
1.874510943889617920e-01,1.822129046061367885e-01
1.846003979444504062e-01,1.849350556996445794e-01
1.846003979444504062e-01,1.829584112110163863e-01
2.440665513277053278e-01,1.782051246243766263e-01
2.440665513277053278e-01,2.107537522157398868e-01
2.327407002449035922e-01,2.403865879289291962e-01
2.219963967800140381e-01,2.257601579640081957e-01
2.219963967800140381e-01,2.057857442326509745e-01
1.852974742650985718e-01,2.014294169440167259e-01
1.852974742650985718e-01,1.911648847839555188e-01
1.947617977857589444e-01,1.792961520630513839e-01
1.780637502670288086e-01,1.822251713691873110e-01
1.780637502670288086e-01,1.803378773077366215e-01
1.859644204378128052e-01,1.741855435860095169e-01
1.859644204378128052e-01,1.809793001618401620e-01
2.072025239467620850e-01,1.877721464300438348e-01
1.870556026697158813e-01,1.953721399355680954e-01
1.870556026697158813e-01,1.902704909804802946e-01
2.003259211778640747e-01,1.771803414103980956e-01
2.003259211778640747e-01,1.876578674115210732e-01
2.049419134855270108e-01,1.983212135140892396e-01
4.109843969345092218e-01,2.016645213937634795e-01
4.109843969345092218e-01,3.152252062377660091e-01
3.859764039516448975e-01,4.082737089217055027e-01
3.859764039516448975e-01,3.672295924962301616e-01
3.761990368366241455e-01,3.230617504394415196e-01
3.382981419563292902e-01,3.186364160230269471e-01
3.382981419563292902e-01,3.016143450839897655e-01
2.050670981407165250e-01,2.885971285593487146e-01
2.050670981407165250e-01,2.424689397214471187e-01
2.311079055070877075e-01,1.882795061816699977e-01
2.232432067394256592e-01,2.067418821227811343e-01
2.232432067394256592e-01,2.155224823329656980e-01
1.962449550628662387e-01,2.051212741323728828e-01
1.962449550628662387e-01,1.938328611902658816e-01
1.992976218461990634e-01,1.822185926697748592e-01
1.784480065107345303e-01,1.887315984321161488e-01
1.784480065107345303e-01,1.858908980105025699e-01
1.708953380584716797e-01,1.763736357229196972e-01
1.708953380584716797e-01,1.742851753678531512e-01
1.857410371303558905e-01,1.715496168156716572e-01
1.884250044822692871e-01,1.771620714388600359e-01
1.884250044822692871e-01,1.812931377884600126e-01
1.818749755620956698e-01,1.813253084545809191e-01
1.818749755620956698e-01,1.798232079493577995e-01
1.936471015214920322e-01,1.778921936830251682e-01
1.790819615125656405e-01,1.829774195693604222e-01
1.790819615125656405e-01,1.825872140197800919e-01
1.921849995851516724e-01,1.765685701530392282e-01
1.921849995851516724e-01,1.795710503422901505e-01
1.867637038230896274e-01,1.825222864903646991e-01
1.980000883340836126e-01,1.824720930399832686e-01
1.980000883340836126e-01,1.878921951378134114e-01
3.074838817119598389e-01,1.930058653254589363e-01
3.074838817119598389e-01,2.454748285226204807e-01
2.838982045650482178e-01,2.896565826483677442e-01
2.563236057758331299e-01,2.682329892584212616e-01
2.563236057758331299e-01,2.338590747826394534e-01
2.176708281040191928e-01,2.217217499180126894e-01
2.176708281040191928e-01,2.111848227208801276e-01
3.016590476036071777e-01,1.989665263477559398e-01
3.009566068649291992e-01,2.833087280077041803e-01
3.009566068649291992e-01,3.185474062953244090e-01
3.871228992938995361e-01,2.764435058975518444e-01
3.871228992938995361e-01,3.777648215309473700e-01
3.553330004215240479e-01,4.710155544642591341e-01
2.734268903732300360e-01,4.049359783759509668e-01
2.734268903732300360e-01,2.841988592269867886e-01
3.047637045383452814e-01,2.318489236291222666e-01
3.047637045383452814e-01,2.515400040181762775e-01
1.934034079313278476e-01,2.714542792755860745e-01
1.674667745828628540e-01,2.304145751481813942e-01
1.674667745828628540e-01,1.770590517980267786e-01
1.849085837602615634e-01,1.719035516536291386e-01
1.849085837602615634e-01,1.810596186006653840e-01
2.460200339555740634e-01,1.905209390345999343e-01
2.682054042816162109e-01,2.313537674742581207e-01
2.682054042816162109e-01,2.739089636257819316e-01
2.603135108947753906e-01,2.810349844981648859e-01
2.603135108947753906e-01,2.665209820706437305e-01
2.072546035051345548e-01,2.507333479536603127e-01
2.076155245304107666e-01,2.201161101277007981e-01
2.076155245304107666e-01,1.893585309969803288e-01
1.928880363702774048e-01,1.908813832277270195e-01
1.928880363702774048e-01,1.922511054765283223e-01
1.886100023984909058e-01,1.938489138390423194e-01
1.899161785840987882e-01,1.870485890490173608e-01
1.899161785840987882e-01,1.812250805482904792e-01
1.841135472059249878e-01,1.820298300349337817e-01
1.841135472059249878e-01,1.814973446708402771e-01
1.885657012462615967e-01,1.812048600118446318e-01
1.928238719701766968e-01,1.817934530415576400e-01
1.928238719701766968e-01,1.844094477566004253e-01
1.931996941566467563e-01,1.865281150801508525e-01
1.931996941566467563e-01,1.850429558045834366e-01
1.622868627309799194e-01,1.830799922913505517e-01
1.296745538711548129e-01,1.755551247683733440e-01
1.296745538711548129e-01,1.589865670954528076e-01
1.509044617414474487e-01,1.513880466509858469e-01
1.509044617414474487e-01,1.571615567829069415e-01
1.567745953798294067e-01,1.624313642346377484e-01
2.352031022310256958e-01,1.636190086994011583e-01
2.352031022310256958e-01,1.967683065433325218e-01
2.412368059158324640e-01,2.291542903860380176e-01
2.412368059158324640e-01,2.321309137387449761e-01
3.487674891948700506e-01,2.351108784602342350e-01
4.479171633720397949e-01,3.062560905119349197e-01
4.479171633720397949e-01,4.397861587207675393e-01
7.274934649467468262e-01,5.085473138690730366e-01
7.274934649467468262e-01,6.967326569258397440e-01
7.546014785766600452e-01,8.812920998040583154e-01
6.946486234664916992e-01,7.845550739668158968e-01
6.946486234664916992e-01,6.349771576455965905e-01
6.383669972419738770e-01,5.907409221681987344e-01
6.383669972419738770e-01,5.657949387476817193e-01
5.096258521080017090e-01,5.402269021859120723e-01
3.489852249622344971e-01,4.880758811628238547e-01
3.489852249622344971e-01,3.973593324565564133e-01
3.274166882038116455e-01,3.580356595383685225e-01
3.274166882038116455e-01,3.315636476652678022e-01
3.183498978614807129e-01,3.031113577023783479e-01
2.771280407905578613e-01,3.026211604357499363e-01
2.771280407905578613e-01,2.857246750280166281e-01
2.614668905735015869e-01,2.682684822304486905e-01
2.614668905735015869e-01,2.594913117410029835e-01
2.646197974681854248e-01,2.502690595613768498e-01
2.569813728332519531e-01,2.573798757645240354e-01
2.569813728332519531e-01,2.573388598885646972e-01
2.632848024368286133e-01,2.497763903015998432e-01
2.632848024368286133e-01,2.421804724046241475e-01
2.274889498949050903e-01,2.341409036755798811e-01
1.972997337579727173e-01,2.177408163086269333e-01
1.972997337579727173e-01,1.907323360013176428e-01
1.593737602233886719e-01,1.805984297887770207e-01
1.593737602233886719e-01,1.723719220984537559e-01
1.552143245935440063e-01,1.641201933896658804e-01
2.165970057249068659e-01,1.635028104409348426e-01
2.165970057249068659e-01,1.973645376316017219e-01
2.152127921581268588e-01,2.324417278231326323e-01
2.152127921581268588e-01,2.206778548962251563e-01
2.079710960388183871e-01,2.068647874563225020e-01
2.003736048936843872e-01,2.017152666211751155e-01
2.003736048936843872e-01,1.912575074942280684e-01
1.930765211582184115e-01,1.860463714695480553e-01
1.930765211582184115e-01,1.859868481184342448e-01
1.887691617012023926e-01,1.848581786438693864e-01
2.153376042842864990e-01,1.831614309345897251e-01
2.153376042842864990e-01,2.057793267666503667e-01
2.704129219055175781e-01,2.262537840945121059e-01
2.704129219055175781e-01,2.735566857581137046e-01
5.549836754798889160e-01,3.160189479194062678e-01
5.126557946205139160e-01,5.189459821644553106e-01
5.126557946205139160e-01,5.749674315372393929e-01
5.099799633026123047e-01,4.239898755672607544e-01
5.099799633026123047e-01,4.226162387984765401e-01
4.163484573364257812e-01,4.212118145834242156e-01
2.535916566848754883e-01,3.802828631626564149e-01
2.541934549808502197e-01,2.829860590185003799e-01
1.788074076175689420e-01,2.205059099466899486e-01
1.788074076175689420e-01,2.011607396588555863e-01
1.850019842386245172e-01,1.773849269467626388e-01
1.711802035570144376e-01,1.816020110474923510e-01
1.711802035570144376e-01,1.796839179527077168e-01
1.727939993143081387e-01,1.725484209813232250e-01
1.727939993143081387e-01,1.730780334741418569e-01
1.767069548368454257e-01,1.736158890321829740e-01
1.761609017848968228e-01,1.742740496564453290e-01
1.761609017848968228e-01,1.744941052170231321e-01
2.039509564638137540e-01,1.739687230298043730e-01
2.039509564638137540e-01,1.854951148874624811e-01
1.905422955751419345e-01,1.973084547530242761e-01
1.819348037242889127e-01,1.891557131861375252e-01
1.819348037242889127e-01,1.780902641581216805e-01
1.684180349111557007e-01,1.751056648334788635e-01
1.684180349111557007e-01,1.725612136877295866e-01
1.891849339008331299e-01,1.700456418842143658e-01
1.689333617687225342e-01,1.770931880284470628e-01
1.689333617687225342e-01,1.771971661813898091e-01
1.962249428033828735e-01,1.689531822710068076e-01
1.962249428033828735e-01,1.798617441170914932e-01
1.980420649051666537e-01,1.892479851904732280e-01
1.778897047042846680e-01,1.889186087921557178e-01
1.778897047042846680e-01,1.820494847287761619e-01
1.612316220998764038e-01,1.749287999782308256e-01
1.612316220998764038e-01,1.718538013312295998e-01
1.492553949356079102e-01,1.684274751206075449e-01
1.442013978958130160e-01,1.644821593579042507e-01
1.442013978958130160e-01,1.582998678980674090e-01
1.220441684126853804e-01,1.571737679798305698e-01
1.220441684126853804e-01,1.527238828789904135e-01
1.259213238954544067e-01,1.478448425419210399e-01
1.192706972360610962e-01,1.485204917969147609e-01
1.192706972360610962e-01,1.475840602124302015e-01
1.400409787893295288e-01,1.458623541802457901e-01
1.400409787893295288e-01,1.518435894909995754e-01
1.655126959085464478e-01,1.573720775885388834e-01
1.946723610162734985e-01,1.652807253341024019e-01
1.946723610162734985e-01,1.820320391195194010e-01
1.824015974998474121e-01,1.922006522730806410e-01
1.824015974998474121e-01,1.855936844179738587e-01
1.781254708766937533e-01,1.785513283448469102e-01
1.768455654382705411e-01,1.775068811477477637e-01
1.768455654382705411e-01,1.760003366358375843e-01
1.895092576742171964e-01,1.757680359675312387e-01
1.895092576742171964e-01,1.800721714395212281e-01
1.890345066785812655e-01,1.837331555547460638e-01
2.166133970022201261e-01,1.826300643688209546e-01
2.166133970022201261e-01,2.000711526277426655e-01
2.142671942710876742e-01,2.176435601986682900e-01
2.142671942710876742e-01,2.091644126910578994e-01
1.696722060441970825e-01,1.997246817636503247e-01
1.861636042594909390e-01,1.843928748191646094e-01
1.861636042594909390e-01,1.767714581897331105e-01
2.109026014804839810e-01,1.827680151076876425e-01
2.109026014804839810e-01,2.009164179297580344e-01
2.016181051731109619e-01,2.162590800771720945e-01
2.371999472379684448e-01,2.007269988584326759e-01
2.371999472379684448e-01,2.045114261936850364e-01
1.953185498714447021e-01,2.250361694767885890e-01
1.953185498714447021e-01,2.046703268736375647e-01
1.463003754615783414e-01,1.827719782100867829e-01
2.596421837806701660e-01,1.717909139534659346e-01
2.596421837806701660e-01,2.396868362637294692e-01
4.047906100749969482e-01,3.161185669672982868e-01
4.047906100749969482e-01,3.549045557151764285e-01
3.813273906707764782e-01,3.917197661543058707e-01
3.577617108821868896e-01,3.585858756745606835e-01
3.577617108821868896e-01,3.132338334117725220e-01
3.031907975673675537e-01,3.030729572002103800e-01
3.031907975673675537e-01,2.898587704716539815e-01
2.219824343919754028e-01,2.758324634885478965e-01
2.247738689184189120e-01,2.440727864308058492e-01
2.247738689184189120e-01,2.095220962052921632e-01
2.553716301918030340e-01,2.120137142063121816e-01
2.553716301918030340e-01,2.426856772224542935e-01
2.618205845355987549e-01,2.702660102611483262e-01
2.273367345333099365e-01,2.628943846970347997e-01
2.273367345333099365e-01,2.317980837440834774e-01
2.031441032886505127e-01,2.061396095964132258e-01
2.031441032886505127e-01,1.975143971018064881e-01
1.758806854486465454e-01,1.883141401931725523e-01
1.670619547367095947e-01,1.818851760883276880e-01
1.670619547367095947e-01,1.728036905318485195e-01
2.118712961673737127e-01,1.693235615176333642e-01
2.118712961673737127e-01,1.916540414380285551e-01
1.990658938884735107e-01,2.144950767011383763e-01
1.948491036891937256e-01,2.004433343117869026e-01
1.948491036891937256e-01,1.846266679954142176e-01
1.566408872604369840e-01,1.838295715830198795e-01
1.566408872604369840e-01,1.744643950787837239e-01
1.590297073125839233e-01,1.619839847688228640e-01
1.671897023916244507e-01,1.651866247927128717e-01
1.671897023916244507e-01,1.686374977875190750e-01
1.815824955701828003e-01,1.692408201343394147e-01
1.815824955701828003e-01,1.783065952942676224e-01
2.245292961597442627e-01,1.872039855991292079e-01
2.216224968433380127e-01,1.973035420169422516e-01
2.216224968433380127e-01,2.046475734640761934e-01
2.066582888364792148e-01,2.026049074596610600e-01
2.066582888364792148e-01,1.974543844955349292e-01
1.570345163345336914e-01,1.919446901385580828e-01
1.968932896852493286e-01,1.794234821793196655e-01
1.968932896852493286e-01,1.787738423001833943e-01
2.048864960670471191e-01,1.901119511268919704e-01
2.048864960670471191e-01,1.981851823315506911e-01
1.668177992105484009e-01,2.054163748212228247e-01
1.417246013879776001e-01,1.872988116714324469e-01
1.417246013879776001e-01,1.640654022685089364e-01
1.666631847620010376e-01,1.593116556617065471e-01
1.666631847620010376e-01,1.683800525532946624e-01
1.926406770944595614e-01,1.761866908006983756e-01
2.254680991172790527e-01,1.907428805595449695e-01
2.254680991172790527e-01,2.073818889961702994e-01
2.252101451158524392e-01,2.093715066984924156e-01
2.252101451158524392e-01,2.094744729437979791e-01
2.145293951034545898e-01,2.095876657982794766e-01
1.820016801357269287e-01,2.059601982663461506e-01
1.820016801357269287e-01,1.912836845459514046e-01
1.906076073646545133e-01,1.791919514997029617e-01
1.906076073646545133e-01,1.817488911671590324e-01
1.686857044696807861e-01,1.842106110318039724e-01
1.903967410326004306e-01,1.784111275986215439e-01
1.903967410326004306e-01,1.818231383530471978e-01
2.045876085758208673e-01,1.939254016664564428e-01
2.045876085758208673e-01,1.937298174124546524e-01
1.865548938512802124e-01,1.932143379364398283e-01
1.815108954906464178e-01,1.860542549989067374e-01
1.815108954906464178e-01,1.786416750909056717e-01
2.014583945274352750e-01,1.783898345818415720e-01
2.014583945274352750e-01,1.868896011554896930e-01
2.036586105823516846e-01,1.952874620569266806e-01
1.918114423751831055e-01,1.938796266400453217e-01
1.918114423751831055e-01,1.872236170815454182e-01
1.731049269437789639e-01,1.819650458445994379e-01
1.731049269437789639e-01,1.780738274315692704e-01
1.919497996568680087e-01,1.741389989698671759e-01
1.787570714950561523e-01,1.827233735970173467e-01
1.787570714950561523e-01,1.836505888443026313e-01
1.788225024938583374e-01,1.752488190903374599e-01
1.788225024938583374e-01,1.763910110464967651e-01
1.665375530719757080e-01,1.773708007276013077e-01
1.951155364513396662e-01,1.744729670341179928e-01
1.951155364513396662e-01,1.855103582079233315e-01
1.929849982261657437e-01,2.008537575858882207e-01
1.929849982261657437e-01,1.933669545334543161e-01
1.620820015668869019e-01,1.839991038332159656e-01
1.356869190931320190e-01,1.764063719806840680e-01
1.356869190931320190e-01,1.594941337673988213e-01
1.467041671276092529e-01,1.533301271495013940e-01
1.467041671276092529e-01,1.572494029121757064e-01
1.972582042217254639e-01,1.609312664115413460e-01
1.894697993993758878e-01,1.813418231209282527e-01
1.894697993993758878e-01,1.919913456767381454e-01
1.961945891380310059e-01,1.810702576325289304e-01
1.961945891380310059e-01,1.895208088813026270e-01
2.645494043827056885e-01,1.978711351283371223e-01
2.692976891994476318e-01,2.435433401966120848e-01
2.692976891994476318e-01,2.624930759647007283e-01
2.608369886875153143e-01,2.399986812879289777e-01
2.608369886875153143e-01,2.361576423459196550e-01
2.406771630048751831e-01,2.322028663190822406e-01
3.313829302787780762e-01,2.291669002410499367e-01
3.313829302787780762e-01,3.111995248114921009e-01
3.281686902046204168e-01,3.857977074802791950e-01
3.281686902046204168e-01,3.530726921069159974e-01
2.904906868934631348e-01,3.172818851994530509e-01
2.625965774059296209e-01,2.907540166103204649e-01
2.625965774059296209e-01,2.492672945349513891e-01
1.794345527887344638e-01,2.357735872929074827e-01
1.794345527887344638e-01,2.074519836348190927e-01
1.727855503559112826e-01,1.756610103303596904e-01
2.207822054624556940e-01,1.751147323125823996e-01
2.207822054624556940e-01,2.012842174836314002e-01
2.426082938909530362e-01,2.263202568541728688e-01
2.426082938909530362e-01,2.244735836594415057e-01
2.444625049829483032e-01,2.223009277229859304e-01
2.097309380769729614e-01,2.250961896679263552e-01
2.097309380769729614e-01,2.105821065791387559e-01
1.825350672006606778e-01,1.918913301080423794e-01
1.825350672006606778e-01,1.887086482408223409e-01
1.691226661205291470e-01,1.851295319499718928e-01
1.575669944286346436e-01,1.787083987365398752e-01
1.575669944286346436e-01,1.684339424071933655e-01
1.770704984664916992e-01,1.648097291091996652e-01
1.770704984664916992e-01,1.722485145862926448e-01
1.741859167814254483e-01,1.779816176669983263e-01
1.755136996507644376e-01,1.768320466054908724e-01
1.755136996507644376e-01,1.749818737577008287e-01
1.687776893377304077e-01,1.742461930864356301e-01
1.687776893377304077e-01,1.729280060812292130e-01
1.939594447612762729e-01,1.715187927572357773e-01
1.943469941616058627e-01,1.837553234349078579e-01
1.943469941616058627e-01,1.931187527786195623e-01
2.223779261112213135e-01,1.891503767296388305e-01
2.223779261112213135e-01,2.094876654007115091e-01
2.144328951835632602e-01,2.268921070725913591e-01
1.937792897224426547e-01,2.132772989110753858e-01
1.937792897224426547e-01,1.897831803378620397e-01
1.783622056245803833e-01,1.813291401846311990e-01
1.783622056245803833e-01,1.784319728996776599e-01
1.706998199224472046e-01,1.753955660619946899e-01
1.894924789667129517e-01,1.749288992731879155e-01
1.894924789667129517e-01,1.863787202371367246e-01
2.422726899385452271e-01,1.982795841687273464e-01
2.422726899385452271e-01,2.124587529818538767e-01
2.336400598287582120e-01,2.258133346980846778e-01
2.456458657979964932e-01,2.212738737366286013e-01
2.456458657979964932e-01,2.285733051900053492e-01
2.297928631305694580e-01,2.403144277859066424e-01
2.297928631305694580e-01,2.283897863652907256e-01
2.152034044265747070e-01,2.153658818611864090e-01
2.607180178165435791e-01,2.145017966499418449e-01
2.607180178165435791e-01,2.422581453777824800e-01
2.623189091682434082e-01,2.681164138179843448e-01
2.623189091682434082e-01,2.599697384000551614e-01
2.198584228754044134e-01,2.512333592204346600e-01
3.426670730113983154e-01,2.262285701090258339e-01
3.426670730113983154e-01,2.789488379840474597e-01
3.465315699577331543e-01,3.495043272311901816e-01
3.465315699577331543e-01,3.402538259622149841e-01
2.930460572242736816e-01,3.305310586854380284e-01
2.670845985412597656e-01,2.958500501075763123e-01
2.670845985412597656e-01,2.616505779643418794e-01
2.535850703716278076e-01,2.657741739844954321e-01
2.535850703716278076e-01,2.615148553786903474e-01
2.199364602565765381e-01,2.571714500200606990e-01
2.274277955293655396e-01,2.296104064573534220e-01
2.274277955293655396e-01,2.064752624912640500e-01
1.686184257268905362e-01,2.144552851738299182e-01
1.686184257268905362e-01,1.918698022844843587e-01
1.842167228460311890e-01,1.686520690715211934e-01
1.896838992834091187e-01,1.786635600336665131e-01
1.896838992834091187e-01,1.858305929545156221e-01
1.641370058059692383e-01,1.823177033486171883e-01
1.641370058059692383e-01,1.766182142961897072e-01
2.130100131034850797e-01,1.672816503667386712e-01
2.186074256896972934e-01,1.911485459105635720e-01
2.186074256896972934e-01,2.165903196148626364e-01
2.188677042722702026e-01,2.175024982784855010e-01
2.188677042722702026e-01,2.185617518569222539e-01
2.313981950283050537e-01,2.196442863926482969e-01
2.149903923273086825e-01,2.301164365890840946e-01
2.149903923273086825e-01,2.254718064779395181e-01
2.503419816493988037e-01,2.086396006154946359e-01
2.503419816493988037e-01,2.328352665626540474e-01
2.535111904144287109e-01,2.547310026692583551e-01
2.445873767137527466e-01,2.495162562631771386e-01
2.445873767137527466e-01,2.391929948199839340e-01
2.031902372837066650e-01,2.342474284751482339e-01
2.031902372837066650e-01,2.146659289096176093e-01
2.327843457460403442e-01,1.916732604798227491e-01
2.531769871711730957e-01,2.149974762269933615e-01
2.531769871711730957e-01,2.372401569096551643e-01
2.558321058750153143e-01,2.388263388955969013e-01
2.558321058750153143e-01,2.398737819764032719e-01
2.091450989246368408e-01,2.409277647245791354e-01
2.179704755544662198e-01,2.172554799069464360e-01
2.179704755544662198e-01,2.051214550911723000e-01
2.751700878143310547e-01,2.191364696950866831e-01
2.751700878143310547e-01,2.515723308710963169e-01
2.834362983703612726e-01,2.811488296518097618e-01
5.200669765472412109e-01,2.825889527952127889e-01
5.200669765472412109e-01,4.550310723959043457e-01
5.718095898628234863e-01,6.156179367000313984e-01
5.718095898628234863e-01,5.724081616584698606e-01
5.820317864418029785e-01,5.177944863350667504e-01
5.010549426078796387e-01,5.193933350759941669e-01
5.010549426078796387e-01,4.840844428146181544e-01
2.807539105415344238e-01,4.451152782156241883e-01
2.807539105415344238e-01,3.562918215280170831e-01
2.063424885272980291e-01,2.507638410052623335e-01
2.145204693078994751e-01,2.260903512330333376e-01
2.145204693078994751e-01,1.979891721209434685e-01
2.198818922042846402e-01,1.992590144019085463e-01
2.198818922042846402e-01,2.053006284900758260e-01
2.337387651205062589e-01,2.113882009094776582e-01
2.567627131938934326e-01,2.229006305704784585e-01
2.580747008323668878e-01,2.400608755643573455e-01
2.328460067510605136e-01,2.467358034288828494e-01
2.328460067510605136e-01,2.302714042547139850e-01
1.991674900054931918e-01,2.116951881078156794e-01
1.789865642786026001e-01,1.979613942150807437e-01
1.789865642786026001e-01,1.798430109144638078e-01
1.796395033597946445e-01,1.755143449177497816e-01
1.796395033597946445e-01,1.771293478259698961e-01
1.698227077722549438e-01,1.785234357260148952e-01
1.522479057312011441e-01,1.754353351509835013e-01
1.522479057312011441e-01,1.664503579786148213e-01
1.740261465311050693e-01,1.607136963859725209e-01
1.740261465311050693e-01,1.680557823521204031e-01
1.826220005750656128e-01,1.738430339116089629e-01
1.566141396760940552e-01,1.767536681754525718e-01
1.566141396760940552e-01,1.729923095038978231e-01
1.689846664667129517e-01,1.631643646016819049e-01
1.689846664667129517e-01,1.681559976212546881e-01
1.731435954570770819e-01,1.722907627492431260e-01
1.901344954967498779e-01,1.716556365376612769e-01
1.901344954967498779e-01,1.760811664070246196e-01
1.337733566761016846e-01,1.809023876537062259e-01
1.337733566761016846e-01,1.687148515782375680e-01
1.587713211774826050e-01,1.515791432608737943e-01
3.362798094749451239e-01,1.611786667080447322e-01
3.362798094749451239e-01,2.501195700864329297e-01
3.365317881107330322e-01,3.228958628525310792e-01
3.365317881107330322e-01,3.044662373107150377e-01
3.025190830230712891e-01,2.850190194835766633e-01
2.839955985546112061e-01,2.697261151434600102e-01
2.839955985546112061e-01,2.493228221238551201e-01
1.806526631116867343e-01,2.446838217370679580e-01
1.806526631116867343e-01,2.141847710863329368e-01
1.813106983900070468e-01,1.773035643405603823e-01
2.399948686361312589e-01,1.815201095453872759e-01
2.399948686361312589e-01,2.214129855354523280e-01
2.357428967952728549e-01,2.523287734876437094e-01
2.357428967952728549e-01,2.461946479801747356e-01
2.299271076917648871e-01,2.396775433795602928e-01
2.266699969768523892e-01,2.301810249527923846e-01
2.266699969768523892e-01,2.189312957980679986e-01
2.079305946826934814e-01,2.181008311107279218e-01
2.079305946826934814e-01,2.064154069947153336e-01
2.176461517810821256e-01,1.935227989580446673e-01
2.530807852745056152e-01,2.065655015970942476e-01
2.530807852745056152e-01,2.365271563261044929e-01
2.445257008075714389e-01,2.531045822762916231e-01
2.445257008075714389e-01,2.363644976050107149e-01
2.472106367349624634e-01,2.183099400431618708e-01
2.140260040760040561e-01,2.216550503094378843e-01
2.140260040760040561e-01,2.155426889947088809e-01
3.001447618007659912e-01,2.049022645667769593e-01
3.001447618007659912e-01,2.827997735425948900e-01
4.906117916107178289e-01,3.489040845481948816e-01
3.879201114177703857e-01,4.535137642836122862e-01
3.879201114177703857e-01,4.515453590432900732e-01
3.368788957595825195e-01,3.391921691458648636e-01
3.368788957595825195e-01,3.128923128174341262e-01
2.932540476322174072e-01,2.849726775043446292e-01
1.897923052310943881e-01,2.700944370400676364e-01
1.897923052310943881e-01,2.236376972619921466e-01
2.160292118787765225e-01,1.844254424217821042e-01
2.160292118787765225e-01,2.085287404827181890e-01
3.753999471664429266e-01,2.283214637224423860e-01
3.595648109912872314e-01,2.890777778808491516e-01
3.595648109912872314e-01,3.277220128273673483e-01
3.568296134471892755e-01,3.116310671532974141e-01
3.568296134471892755e-01,3.129179073649030474e-01
2.543200254440308172e-01,3.142912890347714927e-01
1.710169017314910889e-01,2.698450468114937384e-01
1.710169017314910889e-01,1.980041539565567388e-01
1.929912567138671875e-01,1.729018194901460748e-01
1.929912567138671875e-01,1.807574760669606317e-01
1.877582967281341553e-01,1.882316865155519714e-01
1.911910772323608398e-01,1.845384306864612523e-01
1.911910772323608398e-01,1.822382108622711272e-01
2.173696309328078946e-01,1.838478450329330549e-01
2.173696309328078946e-01,1.953597993787213327e-01
2.077021002769470492e-01,2.049297845349781766e-01
2.206149846315383911e-01,1.991006868010259667e-01
2.206149846315383911e-01,2.000977989598352325e-01
2.270559668540954590e-01,2.071737749971539477e-01
2.270559668540954590e-01,2.121882779723393009e-01
2.409625947475433072e-01,2.171744168885981485e-01
2.354097962379456122e-01,2.187748526548022876e-01
2.354097962379456122e-01,2.164610434291284746e-01
2.214455157518386841e-01,2.126187192471808707e-01
2.214455157518386841e-01,2.092854899882424791e-01
1.873570978641510287e-01,2.057348703542831447e-01
1.875694990158081055e-01,1.919158418270398569e-01
1.875694990158081055e-01,1.806981222212092064e-01
1.860239952802658081e-01,1.814250457333128064e-01
1.860239952802658081e-01,1.808117648669740063e-01
2.020407021045684814e-01,1.786703625075388990e-01
1.742038130760192871e-01,1.829536025814934574e-01
1.742038130760192871e-01,1.790273208123328019e-01
1.875655949115752619e-01,1.702169793580956825e-01
1.875655949115752619e-01,1.778539101256982335e-01
1.820583045482635498e-01,1.823030969987525785e-01
1.922361850738525113e-01,1.802682057046175457e-01
1.922361850738525113e-01,1.818932130279998505e-01
2.172528207302093228e-01,1.867768218616610576e-01
2.172528207302093228e-01,1.973226607698157775e-01
2.296049296855926514e-01,2.064530196123085803e-01
2.509359121322631836e-01,2.111802302879506599e-01
2.509359121322631836e-01,2.309874639782077133e-01
2.739968001842498779e-01,2.454909087849397320e-01
2.739968001842498779e-01,2.525541624134067797e-01
2.468370050191879550e-01,2.594671917026208918e-01
2.319672256708144864e-01,2.393734081699407379e-01
2.319672256708144864e-01,2.123435866749153744e-01
2.044411897659301480e-01,2.065748107388756527e-01
2.044411897659301480e-01,2.010729571242487745e-01
2.075911909341812134e-01,1.940777269809732253e-01
2.634023129940032959e-01,2.006325088500168219e-01
2.634023129940032959e-01,2.434461281846145297e-01
3.036424219608306885e-01,2.758067472371505402e-01
3.036424219608306885e-01,2.991953198025234517e-01
3.236212432384490967e-01,3.218873684260660228e-01
3.383783698081970215e-01,3.365887975704212609e-01
3.383783698081970215e-01,3.513500384260310749e-01
3.256455063819885254e-01,3.513531646302969769e-01
3.256455063819885254e-01,3.378214666200807792e-01
3.199611008167266846e-01,3.236125479619599843e-01
3.445942103862762451e-01,3.282346660799639326e-01
3.445942103862762451e-01,3.356229393462876187e-01
3.591096997261047363e-01,3.381513659035551567e-01
3.591096997261047363e-01,3.319796085555435372e-01
3.462464511394500732e-01,3.254418825655289171e-01
3.135047256946564276e-01,3.189044804349894791e-01
3.135047256946564276e-01,3.001007616649536414e-01
2.611905336380004883e-01,2.875137498191455143e-01
2.611905336380004883e-01,2.690631288086763884e-01
2.517339885234832764e-01,2.492038516774308932e-01
2.365340739488601407e-01,2.459399487135847107e-01
2.365340739488601407e-01,2.361877376480579216e-01
2.257324606180191040e-01,2.294794617574736351e-01
2.257324606180191040e-01,2.188702023835828459e-01
2.135377526283263883e-01,2.074160262858840698e-01
1.833177059888839999e-01,2.020911157716384632e-01
1.833177059888839999e-01,1.867039264132706045e-01
2.036423683166503629e-01,1.767008537792687517e-01
2.036423683166503629e-01,1.869530692692922547e-01
2.443349212408065518e-01,1.975444345946584523e-01
2.420464009046554288e-01,2.149637552579324040e-01
2.420464009046554288e-01,2.312896509362803443e-01
1.904003769159317017e-01,2.321495294596528092e-01
1.904003769159317017e-01,2.059800091177024228e-01
1.422279328107833862e-01,1.785405530613729808e-01
1.802364736795425137e-01,1.681504998160319175e-01
1.802364736795425137e-01,1.692605339158265443e-01
1.587783545255661011e-01,1.780527245315629004e-01
1.587783545255661011e-01,1.726998891049405516e-01
1.564234346151351929e-01,1.643097677680566970e-01
1.458736360073089600e-01,1.650123912428086981e-01
1.458736360073089600e-01,1.627027126817888192e-01
1.534039974212646484e-01,1.591312159827825423e-01
1.534039974212646484e-01,1.606688292776563831e-01
1.587697118520736694e-01,1.621975907304579190e-01
1.766731888055801669e-01,1.643126702203883127e-01
1.766731888055801669e-01,1.718653662165686435e-01
1.735716015100479404e-01,1.762943513935129880e-01
1.735716015100479404e-01,1.748714877722603589e-01
1.556300967931747437e-01,1.729610000970891737e-01
1.678923070430755615e-01,1.684620586177174306e-01
1.678923070430755615e-01,1.663568900294292996e-01
1.889611035585403442e-01,1.697739561080489623e-01
1.889611035585403442e-01,1.809652607558443482e-01
1.857852935791015903e-01,1.922087460163097727e-01
1.759144961833954135e-01,1.855079947069988022e-01
1.759144961833954135e-01,1.759699586292597373e-01
1.993034631013870239e-01,1.733312979052453184e-01
1.993034631013870239e-01,1.847863980933389660e-01
1.905056983232498447e-01,1.965262076799504654e-01
1.746108233928680142e-01,1.903934521643662892e-01
1.746108233928680142e-01,1.790276397199534464e-01
1.891844570636748990e-01,1.733715155284773768e-01
1.891844570636748990e-01,1.808991279636490701e-01
1.795153021812438965e-01,1.883365746111088368e-01
2.012605071067810059e-01,1.818643265922235963e-01
2.012605071067810059e-01,1.873372591564966827e-01
2.108775675296783170e-01,2.013562093039720780e-01
2.108775675296783170e-01,2.056425991752543203e-01
1.980962008237838745e-01,2.098412273441276343e-01
1.666497588157653809e-01,1.995092192460634350e-01
1.666497588157653809e-01,1.788593910187225855e-01
1.744651794433593750e-01,1.680904431824823964e-01
1.744651794433593750e-01,1.724717956138513419e-01
1.693953573703765869e-01,1.758890732463072315e-01
1.666028350591659546e-01,1.732770187641142767e-01
1.666028350591659546e-01,1.691029278386383949e-01
1.645158231258392612e-01,1.690108972055119341e-01
1.645158231258392612e-01,1.691767990149048717e-01
1.785626411437988281e-01,1.693812957757453996e-01
2.016437053680419922e-01,1.734823375400534051e-01
2.016437053680419922e-01,1.854173325001197414e-01
2.162254005670547485e-01,1.941170714795317498e-01
2.162254005670547485e-01,1.975413833849383460e-01
1.915986984968185425e-01,2.004736842255355200e-01
1.954402029514312744e-01,1.907740173161245611e-01
1.954402029514312744e-01,1.868755802402942978e-01
2.037038058042526800e-01,1.932016266339406652e-01
2.037038058042526800e-01,1.936600737865346034e-01
1.996463239192962369e-01,1.939834561790928225e-01
1.804761737585068027e-01,1.930057319560682660e-01
1.804761737585068027e-01,1.846612047586914107e-01
1.873520165681838989e-01,1.770813444479163723e-01
1.873520165681838989e-01,1.810138941895749753e-01
1.970120966434478760e-01,1.850388951797367343e-01
2.032908946275711060e-01,1.851842804652208963e-01
2.032908946275711060e-01,1.908891062788035387e-01
1.883477419614791870e-01,1.978325729416471057e-01
1.883477419614791870e-01,1.888035381972589799e-01
2.073840051889420111e-01,1.793752725912273194e-01
1.903086006641387939e-01,1.907364818394629291e-01
1.903086006641387939e-01,1.920616901991618330e-01
1.647335141897201538e-01,1.810174826266110204e-01
1.647335141897201538e-01,1.750978329542103862e-01
1.856785118579864502e-01,1.679604685271776920e-01
2.097074985504150668e-01,1.734099046096736207e-01
2.097074985504150668e-01,1.939176356890785491e-01
1.964578926563262939e-01,2.094971422906848069e-01
1.964578926563262939e-01,1.972041889030702044e-01
2.250059992074966431e-01,1.840159554161717170e-01
2.485178858041763583e-01,2.028550826494503745e-01
2.485178858041763583e-01,2.315548027275957932e-01
2.478968948125838678e-01,2.416396316447909642e-01
2.478968948125838678e-01,2.337878554852815816e-01
2.352291047573089877e-01,2.254517357194640026e-01
2.200151830911636630e-01,2.193496380109005162e-01
2.200151830911636630e-01,2.077040785279740120e-01
1.695966720581054688e-01,2.021078807007160028e-01
1.695966720581054688e-01,1.869584483502702843e-01
2.001868933439254483e-01,1.715377740456802691e-01
1.837853938341140747e-01,1.817056409244477699e-01
1.837853938341140747e-01,1.844355156828209330e-01
1.719795018434524536e-01,1.761064533427758871e-01
1.719795018434524536e-01,1.734581450252218326e-01
1.722060889005661011e-01,1.707490953441631043e-01
2.091183662414551059e-01,1.723526310035760623e-01
2.091183662414551059e-01,1.829127749750284748e-01
1.962699592113494873e-01,1.919115637470210911e-01
1.962699592113494873e-01,1.871094876276392371e-01
2.345576137304306030e-01,1.820178676892408587e-01
2.212668955326080600e-01,2.048270078119142634e-01
2.212668955326080600e-01,2.162048355049387416e-01
2.321032136678695679e-01,2.035478846534298780e-01
2.321032136678695679e-01,2.134963821002528461e-01
2.424474954605102262e-01,2.233492277834625284e-01
2.362180352210998258e-01,2.222222671837837393e-01
2.362180352210998258e-01,2.189406782620833269e-01
2.033241987228393277e-01,2.169426921630610017e-01
2.033241987228393277e-01,2.025430249434763963e-01
1.746149510145187655e-01,1.873794801206240812e-01
1.879347711801528931e-01,1.828423837032146226e-01
1.879347711801528931e-01,1.813079437038979391e-01
1.927646994590759555e-01,1.842934830153885595e-01
1.927646994590759555e-01,1.838601279146319101e-01
1.995158940553664884e-01,1.829134070927836697e-01
1.902115345001220981e-01,1.922740462766985292e-01
1.902115345001220981e-01,1.948705680202801604e-01
1.989603042602539062e-01,1.872126211587896993e-01
2.005373090505599976e-01,1.928877838595349226e-01
1.870438009500503540e-01,1.988323592371189497e-01
1.557538956403732577e-01,1.899595630054708717e-01
1.557538956403732577e-01,1.726236286145794163e-01
1.348650753498077393e-01,1.629099334965451729e-01
1.348650753498077393e-01,1.585034051714608316e-01
1.567980051040649414e-01,1.535783701569764237e-01
1.943633109331130981e-01,1.607392045068352371e-01
1.943633109331130981e-01,1.826463106926821955e-01
2.161478996276855746e-01,1.986260277081598469e-01
2.161478996276855746e-01,2.052293433723068328e-01
2.312179952859878540e-01,2.116668179402589889e-01
1.992108970880508423e-01,2.197225082947083241e-01
1.992108970880508423e-01,2.081732561110700153e-01
3.674222230911255438e-01,1.863464821573674046e-01
3.674222230911255438e-01,3.213157655746802233e-01
4.058226048946381170e-01,4.365335406879259916e-01
4.052526056766510010e-01,3.895042149401724552e-01
4.052526056766510010e-01,3.393687752639826249e-01
3.688966929912567139e-01,3.397042806330631270e-01
3.688966929912567139e-01,3.241425297165254071e-01
2.675450444221497137e-01,3.079584800617476970e-01
2.104666233062744141e-01,2.752535341869042917e-01
2.104666233062744141e-01,2.274885637194392352e-01
2.505743205547332764e-01,2.160845341074718040e-01
2.505743205547332764e-01,2.232157911900913561e-01
2.567990124225616455e-01,2.299407015188560943e-01
2.333147972822189053e-01,2.394262168774133059e-01
2.333147972822189053e-01,2.305791784307397174e-01
1.871584951877593994e-01,2.106226523143104046e-01
1.871584951877593994e-01,1.957499702822476650e-01
1.702336072921752930e-01,1.793220071952731365e-01
1.787967979907989502e-01,1.760884268164547017e-01
1.787967979907989502e-01,1.741346559095590107e-01
2.178041040897369107e-01,1.754638925429092555e-01
2.178041040897369107e-01,2.004880111056423220e-01
2.256611436605453214e-01,2.243372589745504797e-01
2.151906937360763827e-01,2.188223212680566743e-01
2.151906937360763827e-01,2.048520553752719853e-01
2.004701942205429077e-01,1.966740116740616495e-01
2.004701942205429077e-01,1.913215709937315101e-01
1.993511021137237549e-01,1.858396106896939848e-01
2.054219990968704224e-01,1.874499704958025037e-01
2.054219990968704224e-01,1.905477707365096363e-01
2.202302068471908569e-01,1.922578095042637991e-01
2.202302068471908569e-01,2.020329203793838346e-01
2.543391883373260498e-01,2.114020829878807961e-01
2.307367920875549039e-01,2.313144857340193594e-01
2.307367920875549039e-01,2.321821556770059247e-01
2.086869627237319946e-01,2.127930022830285262e-01
2.086869627237319946e-01,2.023129094541568085e-01
1.803357303142547607e-01,1.913435365329336502e-01
1.733369380235671997e-01,1.842203506793376189e-01
1.733369380235671997e-01,1.750268264758557957e-01
1.888285428285598755e-01,1.730864519421070336e-01
1.888285428285598755e-01,1.799037708584723394e-01
1.801446974277496338e-01,1.862574440420315114e-01
1.690454930067062378e-01,1.813365823465843130e-01
1.690454930067062378e-01,1.726228063561927595e-01
1.937783956527709961e-01,1.698781117147880326e-01
1.937783956527709961e-01,1.799833939061693533e-01
1.963465064764022827e-01,1.890540786238502080e-01
1.779485940933227817e-01,1.877788042531741419e-01
1.779485940933227817e-01,1.807465244611205779e-01
1.642222702503204623e-01,1.738718848857529475e-01
1.642222702503204623e-01,1.714304670307088274e-01
2.063633054494857511e-01,1.689656641088739253e-01
2.183381021022796631e-01,1.876310517490637764e-01
2.183381021022796631e-01,2.072865545348324678e-01
1.926020979881286621e-01,2.076532179104581266e-01
1.926020979881286621e-01,1.945657206626160429e-01
1.817457973957061768e-01,1.810088705965072764e-01
1.791574060916900912e-01,1.799647470213269762e-01
1.791574060916900912e-01,1.774826805775189809e-01
1.796555072069168091e-01,1.765462738978360591e-01
1.796555072069168091e-01,1.763138249096098953e-01
1.755983978509902954e-01,1.759558936025805431e-01
1.700639575719833374e-01,1.753480609526455458e-01
1.700639575719833374e-01,1.734951000446665614e-01
1.699959039688110629e-01,1.720604685797227640e-01
1.699959039688110629e-01,1.711663477564809854e-01
1.770231574773788452e-01,1.699154396012870771e-01
1.734361052513122836e-01,1.719741698130370922e-01
1.734361052513122836e-01,1.736561335363586978e-01
1.864347159862518588e-01,1.734255494480138882e-01
1.864347159862518588e-01,1.776071820741200180e-01
1.702874004840850830e-01,1.805920501136400735e-01
1.785273402929306030e-01,1.766477790889696142e-01
1.785273402929306030e-01,1.717594487649112822e-01
1.290820986032485962e-01,1.740579121376109595e-01
1.290820986032485962e-01,1.633612463708690454e-01
1.158849000930786133e-01,1.491514849667462672e-01
1.127520129084587236e-01,1.470254590724690003e-01
1.127520129084587236e-01,1.444399531182101182e-01
1.570463031530380249e-01,1.440277880902582353e-01
1.570463031530380249e-01,1.560469398208589875e-01
1.757429093122482577e-01,1.659786710549291111e-01
1.788239777088165561e-01,1.725258368642533791e-01
1.788239777088165561e-01,1.783913372580347434e-01
2.061250060796737393e-01,1.788600579573620120e-01
2.061250060796737393e-01,2.084898240868706398e-01
2.961472272872924805e-01,2.335881269393002280e-01
2.668476104736328125e-01,2.737786639073369055e-01
2.668476104736328125e-01,2.763547044165091116e-01
2.756402194499968927e-01,2.369667444808543355e-01
2.756402194499968927e-01,2.473311583288376747e-01
2.648843526840210516e-01,2.578669878361732337e-01
3.272587060928344727e-01,2.744674817281277379e-01
3.272587060928344727e-01,3.114457481361554425e-01
2.934317588806152344e-01,3.317922376484155889e-01
2.934317588806152344e-01,2.981849938866998895e-01
2.612319886684417725e-01,2.613468446573022352e-01
2.073775231838226596e-01,2.459494287502823062e-01
2.073775231838226596e-01,2.123147191938832556e-01
1.807138323783874234e-01,1.921496535785771897e-01
1.807138323783874234e-01,1.849864277309543892e-01
1.843436211347579956e-01,1.774933265450460984e-01
2.054681032896041870e-01,1.791663774485781346e-01
2.054681032896041870e-01,1.933247629750947938e-01
1.878930032253265381e-01,2.044650740411434742e-01
1.878930032253265381e-01,1.922570010585198663e-01
2.013643831014632624e-01,1.793511912403310260e-01
1.992990970611572821e-01,1.863289433373931381e-01
1.992990970611572821e-01,1.908147711717637918e-01
2.207290083169937134e-01,1.878974099380825158e-01
2.207290083169937134e-01,2.066151607526348077e-01
2.184396982192992609e-01,2.233093979283217734e-01
2.160932719707489014e-01,2.147238517615365772e-01
2.160932719707489014e-01,2.036524999879250342e-01
1.800702065229415616e-01,2.021144051067471081e-01
1.800702065229415616e-01,1.886817443442614650e-01
1.806241124868392944e-01,1.749035973889216389e-01
1.736052930355072021e-01,1.776548703326937817e-01
1.736052930355072021e-01,1.764652035343206027e-01
1.964215040206908625e-01,1.710073979056518645e-01
1.964215040206908625e-01,1.848254669976228948e-01
2.613951861858367920e-01,1.989556905082235927e-01
2.367069572210311890e-01,2.258329752611573649e-01
2.367069572210311890e-01,2.339640926771545115e-01
1.817331761121749878e-01,2.166059674143564762e-01
1.817331761121749878e-01,1.950995984260635863e-01
1.872550845146179199e-01,1.729595936050594696e-01
1.708921939134597501e-01,1.798705899096767202e-01
1.708921939134597501e-01,1.786950540630614370e-01
1.886087059974670410e-01,1.719175797601219524e-01
1.886087059974670410e-01,1.811196671525852897e-01
1.907265037298202515e-01,1.904493650215464684e-01
1.932464987039565762e-01,1.859641156311625243e-01
1.932464987039565762e-01,1.833247476409373411e-01
1.732929944992065707e-01,1.851258171456379442e-01
1.732929944992065707e-01,1.794686554212888696e-01
2.095063477754592896e-01,1.712963828511110675e-01
4.538556933403015692e-01,1.994458038250314924e-01
4.538556933403015692e-01,3.806192242869161912e-01
4.529328942298889160e-01,5.180992317477400855e-01
4.529328942298889160e-01,4.508178396570457491e-01
4.376089870929718018e-01,3.796515399818232162e-01
4.101786911487578791e-01,3.720717745960105960e-01
4.115216732025146484e-01,3.582037009941819727e-01
2.999480962753295898e-01,3.526908572626015759e-01
2.999480962753295898e-01,3.231550691605328818e-01
2.755359113216400146e-01,2.903656230160827634e-01
2.636764347553253174e-01,2.904433548030239676e-01
2.636764347553253174e-01,2.736092791029701710e-01
3.030085861682891846e-01,2.550018301921258557e-01
3.030085861682891846e-01,2.792574303880731024e-01
2.883977890014648438e-01,3.024501180697397595e-01
2.769187986850738525e-01,2.886535218013590587e-01
2.769187986850738525e-01,2.735596132858122975e-01
2.645944654941558838e-01,2.732012117396418471e-01
2.645944654941558838e-01,2.709638350974469256e-01
3.595731556415557861e-01,2.687378203454115488e-01
3.489974141120910645e-01,3.123786570391086648e-01
3.489974141120910645e-01,3.397716551293373799e-01
3.149650990962982178e-01,3.257569656761725718e-01
3.149650990962982178e-01,3.058296965487531383e-01
2.530409693717956543e-01,2.846506684711955781e-01
2.099061757326126376e-01,2.569614461342266676e-01
2.099061757326126376e-01,2.197501293319231719e-01
2.237384021282196045e-01,2.128141760524502324e-01
2.237384021282196045e-01,2.172514173204923016e-01
2.169338017702102661e-01,2.216334213763746230e-01
2.123453021049499789e-01,2.173766851047744808e-01
2.123453021049499789e-01,2.141854896984982104e-01
2.144929021596908569e-01,2.155378018801644147e-01
2.144929021596908569e-01,2.131861975113224228e-01
2.123427987098693570e-01,2.106258267869897394e-01
2.086919993162154874e-01,2.100457863080682219e-01
2.086919993162154874e-01,2.065256788792208809e-01
2.024399936199187955e-01,2.033964311953377346e-01
2.024399936199187955e-01,1.973033933548252461e-01
1.932131946086883545e-01,1.905826674474620230e-01
1.812405437231064120e-01,1.871479405104277682e-01
1.812405437231064120e-01,1.808697910132286979e-01
1.841152161359786987e-01,1.782748808476224966e-01
1.841152161359786987e-01,1.785992990370414701e-01
2.009199708700180054e-01,1.788618627536699424e-01
1.946409046649933139e-01,1.891640107016359929e-01
1.946409046649933139e-01,1.933977328133240359e-01
1.966055035591125211e-01,1.864483538418806041e-01
1.966055035591125211e-01,1.921580719378173652e-01
1.737543940544128418e-01,1.972229313025596342e-01
1.790176033973693848e-01,1.848404342304637293e-01
1.790176033973693848e-01,1.736658919168851956e-01
2.000912129878997525e-01,1.754377766099345926e-01
2.000912129878997525e-01,1.853343959185741741e-01
1.695824414491653442e-01,1.955568813567791220e-01
1.927433013916015903e-01,1.828379799973787745e-01
1.927433013916015903e-01,1.796969526416199725e-01
2.038794755935668945e-01,1.896221913437895756e-01
2.038794755935668945e-01,2.004971741827663856e-01
2.095497995615005216e-01,2.100506712415568800e-01
2.050999999046325406e-01,2.037404266314786216e-01
2.050999999046325406e-01,1.962709329107389378e-01
1.882844567298888883e-01,1.961610662912246505e-01
1.882844567298888883e-01,1.892123152247129902e-01
2.005678713321685513e-01,1.812412458378752922e-01
1.948222815990447998e-01,1.891989747593768867e-01
1.948222815990447998e-01,1.921117680879151635e-01
1.851616054773330688e-01,1.870851601847817458e-01
1.851616054773330688e-01,1.834468929393966441e-01
1.811457574367523193e-01,1.797080980869172617e-01
1.909579336643218717e-01,1.800432957294968994e-01
1.909579336643218717e-01,1.872799881120349175e-01
2.015465050935744962e-01,1.936769509922607047e-01
2.015465050935744962e-01,1.934642020714870680e-01
1.874635964632034579e-01,1.929517107006556154e-01
2.141288071870804111e-01,1.863943344963870652e-01
2.141288071870804111e-01,2.013688701900837041e-01
2.041694968938827515e-01,2.216205812219136650e-01
2.041694968938827515e-01,2.072923270529727080e-01
2.533474564552307129e-01,1.906400117852607712e-01
2.678037881851196289e-01,2.383966062781640027e-01
2.678037881851196289e-01,2.601905826517393328e-01
3.017286956310272217e-01,2.390039448642658215e-01
3.017286956310272217e-01,2.837892795706130622e-01
3.658618927001953125e-01,3.256385406935112803e-01
3.397559225559234619e-01,3.955634227786893331e-01
3.397559225559234619e-01,4.061633895885556345e-01
2.932764291763305664e-01,3.445449426855642372e-01
2.932764291763305664e-01,3.023469482880176140e-01
2.594402134418487549e-01,2.557976574185009677e-01
1.747480928897857388e-01,2.444527556799899470e-01
1.747480928897857388e-01,2.074438265491366229e-01
1.857970058917999545e-01,1.786955539031629403e-01
1.857970058917999545e-01,1.810975361817152851e-01
2.116256058216094971e-01,1.831470445585018092e-01
2.045923024415969571e-01,2.017156704891359120e-01
2.045923024415969571e-01,2.047491025385110019e-01
2.080095559358596802e-01,1.902749716526250245e-01
2.080095559358596802e-01,1.922628041147573241e-01
2.008861005306243896e-01,1.943341633811045688e-01
2.219119668006896973e-01,1.960480736607513874e-01
2.219119668006896973e-01,2.120436125626707635e-01
2.171941995620727539e-01,2.248133137186587860e-01
2.171941995620727539e-01,2.155537522644836168e-01
2.135767042636871615e-01,2.051554813473460137e-01
2.023674994707107544e-01,2.006888859073306386e-01
2.023674994707107544e-01,1.929043340156264275e-01
1.955586671829223910e-01,1.895030860185501209e-01
1.955586671829223910e-01,1.948945228600382218e-01
1.969362944364548285e-01,2.003065858837872748e-01
1.962438523769378385e-01,1.937261751604974214e-01
1.962438523769378385e-01,1.870277347229461207e-01
2.066201269626617154e-01,1.881603551690723963e-01
2.080711275339126587e-01,2.007752793936584956e-01
2.266834974288940152e-01,2.123244441338106581e-01
2.307016998529434482e-01,2.086594016422699815e-01
2.307016998529434482e-01,2.064284891565144331e-01
2.064162045717239380e-01,2.091406338045398994e-01
2.064162045717239380e-01,2.003157114491451174e-01
2.136748582124710083e-01,1.908241335252105209e-01
2.115589976310729703e-01,2.080913418373063206e-01
2.115589976310729703e-01,2.095101413891213848e-01
2.210098206996917447e-01,1.930902305188059165e-01
2.210098206996917447e-01,1.974631906664119918e-01
2.002004534006119052e-01,2.019488652663052330e-01
2.026610970497131625e-01,1.945424063248862578e-01
2.026610970497131625e-01,1.936941458577620678e-01
1.840810924768447876e-01,2.010452626011434707e-01
1.840810924768447876e-01,1.893543877422502741e-01
1.918098330497741699e-01,1.771754057783426206e-01
1.945068985223769864e-01,1.832995319217090024e-01
1.945068985223769864e-01,1.907862665859030860e-01
1.860962957143784124e-01,1.921155505067684288e-01
1.860962957143784124e-01,1.865384696009267373e-01
3.239021003246307373e-01,1.802131749115539749e-01
2.998737990856171209e-01,2.694389526848917082e-01
2.998737990856171209e-01,3.042916518939960957e-01
2.647733092308044434e-01,2.612053815780964183e-01
2.647733092308044434e-01,2.458764259314240030e-01
2.435151785612106601e-01,2.297244045871713602e-01
1.468971520662307462e-01,2.221715244405166878e-01
1.468971520662307462e-01,1.873437729935891749e-01
1.675205081701278687e-01,1.599092549399347973e-01
1.675205081701278687e-01,1.661168833594154348e-01
1.691907048225402832e-01,1.713730634441288647e-01
1.851512044668197354e-01,1.708432265296047914e-01
1.851512044668197354e-01,1.772138154459528270e-01
1.919896006584167758e-01,1.827687371888003509e-01
1.919896006584167758e-01,1.828845563005327690e-01
1.983390152454376221e-01,1.825909718434944040e-01
2.193651050329208652e-01,1.857978577019479549e-01
2.193651050329208652e-01,1.986577726264099064e-01
2.147694528102874756e-01,2.071033442838773053e-01
2.147694528102874756e-01,2.075779164950933009e-01
2.910268306732177734e-01,2.081419811719931734e-01
2.744570672512054443e-01,2.571121099520914943e-01
2.744570672512054443e-01,2.743260242175196706e-01
2.695364058017731268e-01,2.463615988142908442e-01
2.695364058017731268e-01,2.457290852709722029e-01
2.071107774972916205e-01,2.451243717977022729e-01
1.958816945552826205e-01,2.212211282904963938e-01
1.958816945552826205e-01,1.935658866856720395e-01
1.965135931968688965e-01,1.941318714703814396e-01
1.965135931968688965e-01,1.915057963969331589e-01
1.876440942287445068e-01,1.883894480664979054e-01
2.025545984506607056e-01,1.843696971609976587e-01
2.025545984506607056e-01,1.915866210402949465e-01
1.871117651462554932e-01,2.026904934785686008e-01
1.871117651462554932e-01,1.922302002729917025e-01
1.973968744277954102e-01,1.802482856244412568e-01
2.005362063646316528e-01,1.917830000524387013e-01
2.005362063646316528e-01,1.953083425171936449e-01
2.371928393840789517e-01,1.874624085044840627e-01
2.371928393840789517e-01,2.160627376853642978e-01
2.252300232648849210e-01,2.417686865352144387e-01
2.096156179904937467e-01,2.256837519361679367e-01
2.096156179904937467e-01,2.009873291852715127e-01
1.828726381063461304e-01,1.939428524690733902e-01
1.828726381063461304e-01,1.866370858126457921e-01
2.188799381256103516e-01,1.786467163220611942e-01
2.092117965221405029e-01,1.975345278812257466e-01
2.092117965221405029e-01,2.072914670199277609e-01
2.991323173046112061e-01,1.990600664138466591e-01
2.991323173046112061e-01,2.832402743742978846e-01
3.725849986076354980e-01,3.539370060228726467e-01
3.703671991825104315e-01,3.587201002490180701e-01
7.407343983650208630e-01,3.598689436159614452e-01
3.411498963832855225e-01,5.582062214747550710e-01
3.411498963832855225e-01,5.412000209149487873e-01
2.537753880023956299e-01,3.136162409192844169e-01
2.660570144653320312e-01,2.750472192315586151e-01
2.660570144653320312e-01,2.518585692296115841e-01
2.583504617214202881e-01,2.716631477348161461e-01
2.583504617214202881e-01,2.550050428076795495e-01
2.349327653646469116e-01,2.368244494695379010e-01
1.964800357818603238e-01,2.268956100031481737e-01
1.964800357818603238e-01,2.018557326706836297e-01
2.010751813650131226e-01,1.853478107810618558e-01
2.010751813650131226e-01,1.938031690283365527e-01
2.233009040355682373e-01,2.020429813160923571e-01
2.107799947261810303e-01,2.060412878445542495e-01
2.107799947261810303e-01,2.016256501956742164e-01
2.084790617227554876e-01,1.930805605733704189e-01
2.084790617227554876e-01,2.008222050537332160e-01
2.135446965694427490e-01,2.089678133230298551e-01
2.063921540975570679e-01,2.124482383363948124e-01
2.063921540975570679e-01,2.068224618617993116e-01
1.915937960147857388e-01,1.963310840821892445e-01
1.915937960147857388e-01,1.886337109060055028e-01
1.907173544168472568e-01,1.803708203934928644e-01
2.065229862928390780e-01,1.802351627679613377e-01
2.065229862928390780e-01,1.857673122250319553e-01
2.108760029077530185e-01,1.915308801719847187e-01
2.108760029077530185e-01,1.934472409404038307e-01
1.930121034383773526e-01,1.953979950430389245e-01
1.988846510648727417e-01,1.883318070053089099e-01
1.988846510648727417e-01,1.847054433324406553e-01
2.141418009996414462e-01,1.878887773140699713e-01
2.141418009996414462e-01,1.932394711631180151e-01
2.070428282022475919e-01,1.979494320335139779e-01
3.285667896270751953e-01,1.945410888955478590e-01
3.285667896270751953e-01,2.835033211505229578e-01
4.495427012443543036e-01,3.629603092628892469e-01
4.495427012443543036e-01,4.127223551417326664e-01
4.017376005649567206e-01,4.605476712715804166e-01
3.919491171836853027e-01,4.050084189264032131e-01
3.933891355991364081e-01,3.399301698304922348e-01
3.275258541107177734e-01,3.353090846192802177e-01
3.275258541107177734e-01,3.084579194436217753e-01
2.748836874961853027e-01,2.791040597509810151e-01
2.869270443916320801e-01,2.663828694486699566e-01
2.869270443916320801e-01,2.619990534137411897e-01
2.935220301151276190e-01,2.713439084407752167e-01
2.935220301151276190e-01,2.707977956400222652e-01
3.149933218955993652e-01,2.701649376316716533e-01
3.063029944896697998e-01,2.845508711482238051e-01
3.063029944896697998e-01,2.895621880633424405e-01
2.829472124576569159e-01,2.799081816931820454e-01
2.829472124576569159e-01,2.649293061758828394e-01
2.236190885305404663e-01,2.491396732158557281e-01
2.047974467277526855e-01,2.255514108954755070e-01
2.047974467277526855e-01,1.973422095139548693e-01
1.970064640045166016e-01,1.936764772161279902e-01
1.970064640045166016e-01,1.901832163754063887e-01
2.168944925069808682e-01,1.864655131084153039e-01
2.222929000854491910e-01,1.941523081348003055e-01
2.222929000854491910e-01,2.105221227788130200e-01
2.163385450839996615e-01,2.198979647297710505e-01
2.163385450839996615e-01,2.145155009895010068e-01
2.129120975732803622e-01,2.087058722905333064e-01
2.239284068346024115e-01,2.065150367783996632e-01
2.239284068346024115e-01,2.169462090316605363e-01
2.111652940511703491e-01,2.287281878542259672e-01
2.111652940511703491e-01,2.130926837378326610e-01
2.037166059017181119e-01,1.953477625067374102e-01
1.949672847986221313e-01,1.928717570844063478e-01
1.949672847986221313e-01,1.885368696861410009e-01
2.212041467428207397e-01,1.864099057729327047e-01
2.212041467428207397e-01,2.067100060116862092e-01
2.242754995822906772e-01,2.239420180047893283e-01
2.110134959220886508e-01,2.176261335180615930e-01
2.110134959220886508e-01,2.043980355504810831e-01
1.880159825086593350e-01,1.976535282633564150e-01
1.880159825086593350e-01,1.885826379196659519e-01
1.926469951868057251e-01,1.792660114642093128e-01
1.927028000354766846e-01,1.807610159764476976e-01
1.927028000354766846e-01,1.834472294573523676e-01
2.360453009605407992e-01,1.842057174512751194e-01
2.360453009605407992e-01,2.064814818877449276e-01
2.494726628065108975e-01,2.253229325071638700e-01
2.352280020713806430e-01,2.290039708855064471e-01
2.352280020713806430e-01,2.265073441864181303e-01
1.843072175979614535e-01,2.201284516163747873e-01
1.843072175979614535e-01,1.999336955748410027e-01
1.996876001358031949e-01,1.778789160304550532e-01
1.958325058221817294e-01,1.837754576623893688e-01
1.958325058221817294e-01,1.877244093261484226e-01
1.888218969106674472e-01,1.856299963768618666e-01
1.888218969106674472e-01,1.832737075464953014e-01
1.885980367660522461e-01,1.808720531851013558e-01
1.783643960952758512e-01,1.837904358526718795e-01
1.783643960952758512e-01,1.813063019530116726e-01
1.893583983182907104e-01,1.745443189329518863e-01
1.893583983182907104e-01,1.783966932408567740e-01
1.769174039363861084e-01,1.814361229227299255e-01
1.822073012590408603e-01,1.781185748864087814e-01
1.822073012590408603e-01,1.747670272381020851e-01
1.726381331682205200e-01,1.765357358541922439e-01
1.726381331682205200e-01,1.743998319284659482e-01
1.796488463878631314e-01,1.721154929944561096e-01
1.893453001976012628e-01,1.739171752253166336e-01
1.893453001976012628e-01,1.778309830890499044e-01
2.041255980730056763e-01,1.800016956879907926e-01
2.041255980730056763e-01,1.867724076437486114e-01
2.021193057298660556e-01,1.937401619385732132e-01
1.950753927230834961e-01,1.919504471033355586e-01
1.950753927230834961e-01,1.869238725155093206e-01
1.913484036922454834e-01,1.836284714727106637e-01
1.913484036922454834e-01,1.834649224428219760e-01
1.940153539180755893e-01,1.828583290982283838e-01
2.548274099826812744e-01,1.836907729254335930e-01
2.548274099826812744e-01,2.244300786999924580e-01
2.428829520940780917e-01,2.582777966859713947e-01
2.428829520940780917e-01,2.430624945268280990e-01
2.269057929515838345e-01,2.263270962160829347e-01
2.461629658937454501e-01,2.191092542471052285e-01
2.461629658937454501e-01,2.244321447407136572e-01
2.363652586936950961e-01,2.369006823421131447e-01
2.363652586936950961e-01,2.297127404810151707e-01
2.234285175800323764e-01,2.220784850022996526e-01
2.153740972280502597e-01,2.156255267834953082e-01
2.153740972280502597e-01,2.041939755965290759e-01
2.169086933135986606e-01,1.993972688720774267e-01
2.169086933135986606e-01,2.038945437811682804e-01
1.956495195627212524e-01,2.085550139478292431e-01
1.911730021238327304e-01,1.956870479604869706e-01
1.911730021238327304e-01,1.815465298104593506e-01
1.911281347274780273e-01,1.807035587225227224e-01
1.911281347274780273e-01,1.831094308405435134e-01
1.682610064744949341e-01,1.844876717736656513e-01
1.873182952404022494e-01,1.780553017832402496e-01
1.873182952404022494e-01,1.747884745134588025e-01
1.789516657590866089e-01,1.799972275849532621e-01
1.789516657590866089e-01,1.776456803594180789e-01
1.870546638965606689e-01,1.742554875548245619e-01
2.044772058725357056e-01,1.777765457393294390e-01
2.044772058725357056e-01,1.863234488636609232e-01
1.983377933502197266e-01,1.920588006558643923e-01
1.983377933502197266e-01,1.887197644685735809e-01
2.032073587179183960e-01,1.851121750792577292e-01
2.265556752681731900e-01,1.872040800441730490e-01
2.265556752681731900e-01,2.003945536264110927e-01
2.234009951353073398e-01,2.109672725408972271e-01
2.234009951353073398e-01,2.066112111219139957e-01
2.426621168851852417e-01,2.020371813407263739e-01
2.588768005371093750e-01,2.138263587556205880e-01
2.588768005371093750e-01,2.286927965682564456e-01
2.521358132362365723e-01,2.315026399889136832e-01
2.521358132362365723e-01,2.323861197517578525e-01
2.280115038156509122e-01,2.333950394762089875e-01
1.778044104576111117e-01,2.199205818239112209e-01
1.778044104576111117e-01,1.897273861202427303e-01
1.634968966245651245e-01,1.734521751317041338e-01
1.634968966245651245e-01,1.696403411808832806e-01
1.860933601856231967e-01,1.649500392702683005e-01
1.859123855829238892e-01,1.737081911564696546e-01
1.859123855829238892e-01,1.795352746016629364e-01
1.739067137241363525e-01,1.793826429698370528e-01
1.739067137241363525e-01,1.763114887072886883e-01
1.785075962543487549e-01,1.719400262583190842e-01
1.885641068220138550e-01,1.739994381434887549e-01
1.885641068220138550e-01,1.792066079620716068e-01
2.542034089565277100e-01,1.816271431874822706e-01
5.084068179130554199e-01,2.159015996745554666e-01
2.529518902301788330e-01,3.698269695561549053e-01
2.264477610588073453e-01,3.653554299232820712e-01
2.264477610588073453e-01,2.166918232947248890e-01
2.110380530357360562e-01,2.033066668849857206e-01
2.110380530357360562e-01,2.000195311411806509e-01
2.390624135732651034e-01,1.962140958830203563e-01
2.233908027410507202e-01,2.113384715055724450e-01
2.233908027410507202e-01,2.141407178596797800e-01
2.384739071130753119e-01,2.021768390416807393e-01
2.384739071130753119e-01,2.177242946971822968e-01
2.096938937902450562e-01,2.331580198753629429e-01
2.205873429775238037e-01,2.136303739973287596e-01
2.205873429775238037e-01,1.997419176898293791e-01
1.979559957981109619e-01,2.074999341485004867e-01
1.979559957981109619e-01,1.980096856921859383e-01
2.239636480808257779e-01,1.872355611308053336e-01
1.824693381786346436e-01,2.022074391519743108e-01
1.824693381786346436e-01,1.950994312414513210e-01
1.944653987884521484e-01,1.737693665661446119e-01
1.944653987884521484e-01,1.782418079400669153e-01
1.623506993055343628e-01,1.822506346993904569e-01
1.634901016950607300e-01,1.747217844368946227e-01
1.634901016950607300e-01,1.666494824974874556e-01
1.519308984279632568e-01,1.667000796837078136e-01
1.519308984279632568e-01,1.639572953055443427e-01
1.773174256086349487e-01,1.609015362415507355e-01
2.009179741144180575e-01,1.713223677670163148e-01
2.009179741144180575e-01,1.832504192779528807e-01
1.831925064325332642e-01,1.866865460951574185e-01
1.831925064325332642e-01,1.812624805205385881e-01
1.519723981618881226e-01,1.754077979517665309e-01
1.608350872993469238e-01,1.679286080317845264e-01
1.608350872993469238e-01,1.624220059384265391e-01
1.576898992061614990e-01,1.655670127931860580e-01
1.576898992061614990e-01,1.648499790085480587e-01
1.789468824863433838e-01,1.640996245211375493e-01
1.863833963871002197e-01,1.709365801713921551e-01
1.863833963871002197e-01,1.772395576862751398e-01
1.762941032648086548e-01,1.776825545121195893e-01
1.762941032648086548e-01,1.750317615703068375e-01
1.410365849733352661e-01,1.721477049366990641e-01
1.918971985578536987e-01,1.645021542201182130e-01
1.918971985578536987e-01,1.740815539158128977e-01
2.020718008279800415e-01,1.889846039340527528e-01
2.020718008279800415e-01,1.895468367104075624e-01
2.467120736837387085e-01,1.898063523703896194e-01
2.503778040409088135e-01,2.291982466469266178e-01
2.503778040409088135e-01,2.540536593538012533e-01
2.420776039361953735e-01,2.443131272665719222e-01
2.420776039361953735e-01,2.389223744312498621e-01
2.059547007083892822e-01,2.332718551636744353e-01
1.608465462923049927e-01,2.118595776588938773e-01
1.608465462923049927e-01,1.771632971286148661e-01
1.329861283302307129e-01,1.648440469040606537e-01
1.329861283302307129e-01,1.591061272960586914e-01
1.673102676868438721e-01,1.526094800408217822e-01
1.795337647199630737e-01,1.619907459762580937e-01
1.795337647199630737e-01,1.749977755709084815e-01
1.848126053810119906e-01,1.790925066648005881e-01
1.848126053810119906e-01,1.802075628562136433e-01
2.060592025518417636e-01,1.811227595113094058e-01
1.993591934442519864e-01,1.950925604340789932e-01
1.993591934442519864e-01,1.980954179471400289e-01
2.019896209239959994e-01,1.877162309763819315e-01
2.019896209239959994e-01,1.940762825197831221e-01
1.895201951265335083e-01,2.003802044962380291e-01
2.597720026969909668e-01,1.902273970067003828e-01
2.597720026969909668e-01,2.224058984171231601e-01
2.444770485162734985e-01,2.617129953266498221e-01
2.444770485162734985e-01,2.376772691795120129e-01
2.407727241516113281e-01,2.121473537891637173e-01
2.282528877258301336e-01,2.106195577190456414e-01
2.282528877258301336e-01,2.062836662341799854e-01
1.719890981912612915e-01,2.032811587558638056e-01
1.719890981912612915e-01,1.880656922735264025e-01
2.107089906930923462e-01,1.721447215128474317e-01
2.091155946254730780e-01,1.907211086989717974e-01
2.091155946254730780e-01,2.085162383593139601e-01
1.978048980236053467e-01,2.073315464090349503e-01
1.978048980236053467e-01,2.008131050360787706e-01
2.423519939184189120e-01,1.934831915785047984e-01
2.733131051063537598e-01,2.279467924108757593e-01
2.733131051063537598e-01,2.814096395032046893e-01
2.591018974781036377e-01,3.045328652659923252e-01
2.591018974781036377e-01,2.739976471181153617e-01
2.398502230644226352e-01,2.391879260453778633e-01
2.027270048856735229e-01,2.284301916727211890e-01
2.027270048856735229e-01,2.019870282927005434e-01
1.646265089511871338e-01,1.862790794716164822e-01
1.646265089511871338e-01,1.777641356055284505e-01
1.514579057693481445e-01,1.692451368300748882e-01
1.715828478336334229e-01,1.659053625404032783e-01
1.715828478336334229e-01,1.675781061868333588e-01
2.222049087285995206e-01,1.724272004818010462e-01
2.222049087285995206e-01,1.954388576432333213e-01
2.350890487432479858e-01,2.183275764501188543e-01
2.281305044889450073e-01,2.198843967946133848e-01
2.281305044889450073e-01,2.141569375231232031e-01
2.251530140638351440e-01,2.066317056172420896e-01
2.251530140638351440e-01,2.068572673668656325e-01
2.360830008983612061e-01,2.071322569601524999e-01
2.331852018833160400e-01,2.131305623341380462e-01
2.331852018833160400e-01,2.196376374834093370e-01
1.995675563812256414e-01,2.202526752892416395e-01
1.995675563812256414e-01,2.032430822999392317e-01
2.020958065986633301e-01,1.851907045005582453e-01
1.845946013927459994e-01,1.901142362342164993e-01
1.845946013927459994e-01,1.862725513060999316e-01
1.881015300750732422e-01,1.765260262959302551e-01
1.881015300750732422e-01,1.792041635728027493e-01
2.119678109884262085e-01,1.807383022769208092e-01
2.234034091234207153e-01,1.921327179238953853e-01
2.234034091234207153e-01,2.162574808630843004e-01
2.446219176054001132e-01,2.286939111660949986e-01
2.446219176054001132e-01,2.245609436467934927e-01
2.418016940355300903e-01,2.199979246985143966e-01
2.144879996776580811e-01,2.169377596205827041e-01
2.144879996776580811e-01,2.034599177578171603e-01
2.017266303300857544e-01,1.928325914358968163e-01
2.017266303300857544e-01,1.942239634384956559e-01
1.734066754579544067e-01,1.946596530235575329e-01
1.667926013469696045e-01,1.840003377886799407e-01
1.667926013469696045e-01,1.703774006683740350e-01
1.653245985507965088e-01,1.671510212248252802e-01
1.653245985507965088e-01,1.676331055240618262e-01
1.766120344400405884e-01,1.681088135472605105e-01
2.292105853557586670e-01,1.756383309850044483e-01
2.292105853557586670e-01,2.080161246870655123e-01
2.151339054107666016e-01,2.311098502668558208e-01
2.151339054107666016e-01,2.177999261211985838e-01
2.032367140054703036e-01,2.026536227750747043e-01
2.899451851844788153e-01,1.972170451940192526e-01
2.899451851844788153e-01,2.633466095564409026e-01
3.044671118259429932e-01,3.237935545272489501e-01
3.044671118259429932e-01,3.003287703296736999e-01
2.927406132221221924e-01,2.745584949844572797e-01
2.604539990425110418e-01,2.689163077235041110e-01
2.604539990425110418e-01,2.487029740518056364e-01
2.598164081573486328e-01,2.333836031440770231e-01
2.598164081573486328e-01,2.463186434773859401e-01
2.464921027421951572e-01,2.593836328917349388e-01
2.179778963327408114e-01,2.429224085418107970e-01
2.179778963327408114e-01,2.103933961134500374e-01
2.073534131050110141e-01,1.952681630241395183e-01
2.073534131050110141e-01,1.957677003719989206e-01
2.050486057996749878e-01,1.954441440424556642e-01
2.097736448049545011e-01,1.946924070071706092e-01
2.097736448049545011e-01,1.983833265723327910e-01
2.061820030212402621e-01,2.027734002936189828e-01
2.061820030212402621e-01,2.042524977536460951e-01
1.972219944000243863e-01,2.057786806932796753e-01
1.988296955823898593e-01,1.967192495526998153e-01
1.988296955823898593e-01,1.904323292567527415e-01
2.057753950357436856e-01,1.946851049304035575e-01
2.057753950357436856e-01,1.942759839945022993e-01
2.033157944679260809e-01,1.936900052174420628e-01
1.759992837905883789e-01,1.939827294444836092e-01
1.759992837905883789e-01,1.840643619502318751e-01
2.031327337026596069e-01,1.728705187870940019e-01
2.031327337026596069e-01,1.908611620482277560e-01
2.274394929409027100e-01,2.093628794672343363e-01
2.340615987777710238e-01,2.164585066739643515e-01
2.340615987777710238e-01,2.294075903123165838e-01
2.466137260198592862e-01,2.353292468025013351e-01
2.466137260198592862e-01,2.346958877398861720e-01
2.308412343263626099e-01,2.339103392625177802e-01
2.145392149686813354e-01,2.222237839461417841e-01
2.145392149686813354e-01,2.071409427882433263e-01
1.903560012578963956e-01,2.043631509713225158e-01
1.903560012578963956e-01,1.943289343880640896e-01
2.080181986093521118e-01,1.824222774213198617e-01
2.246207594871520996e-01,1.959418795889461828e-01
2.246207594871520996e-01,2.167629687882825507e-01
2.103735655546188354e-01,2.255146173655229180e-01
2.103735655546188354e-01,2.125242187185941989e-01
1.986407041549682617e-01,1.976449231860352707e-01
1.817755550146102905e-01,1.920554584398865561e-01
1.817755550146102905e-01,1.834600442757662597e-01
1.930263042449951172e-01,1.805527931591790758e-01
1.930263042449951172e-01,1.826043143086266141e-01
1.930966228246688565e-01,1.844515378491694557e-01
1.897509992122649869e-01,1.847536950053585980e-01
1.897509992122649869e-01,1.851366629499054117e-01
1.693823039531707764e-01,1.853148862610188574e-01
1.693823039531707764e-01,1.788025940101029831e-01
1.858561486005782803e-01,1.697660754486953194e-01
1.774827986955642423e-01,1.751290063624155735e-01
1.774827986955642423e-01,1.770603629313758365e-01
1.667204946279525757e-01,1.738985754424987595e-01
1.667204946279525757e-01,1.713559304670889682e-01
1.615741997957229614e-01,1.685083642672824955e-01
1.936000734567642489e-01,1.678506273707896512e-01
1.936000734567642489e-01,1.793521782258352126e-01
2.084788978099822998e-01,1.905144638409756730e-01
2.084788978099822998e-01,1.989713541318092194e-01
2.083924710750580112e-01,2.067054367365824263e-01
1.912561953067779541e-01,2.052157870658228855e-01
1.912561953067779541e-01,1.925559744194063894e-01
1.796658039093017578e-01,1.809666170701384746e-01
1.796658039093017578e-01,1.778952060100099375e-01
1.821167021989822388e-01,1.746160379382894201e-01
2.010916024446487427e-01,1.788312159925677103e-01
2.010916024446487427e-01,1.887057931845645964e-01
1.848223060369492132e-01,1.948158273610291757e-01
1.848223060369492132e-01,1.863617960311198807e-01
1.947717964649200439e-01,1.773495826933635389e-01
1.730353981256484985e-01,1.836420885192451835e-01
1.730353981256484985e-01,1.812309806897567654e-01
1.828583031892776767e-01,1.704996223769275343e-01
1.828583031892776767e-01,1.745493635744602423e-01
1.498861461877822876e-01,1.776244342683205302e-01
1.527018994092941284e-01,1.704808925827198118e-01
1.527018994092941284e-01,1.614344027318702079e-01
1.779081076383590698e-01,1.624096556807898828e-01
1.779081076383590698e-01,1.714594072142345549e-01
1.696159988641738892e-01,1.782257426892896457e-01
1.754582375288009644e-01,1.749434070854443135e-01
1.754582375288009644e-01,1.726822885747178182e-01
1.580465734004974365e-01,1.749177652852771103e-01
1.580465734004974365e-01,1.708348806362835481e-01
1.843986064195632935e-01,1.654713315282579644e-01
1.731242984533309937e-01,1.724983564107655520e-01
1.731242984533309937e-01,1.757383711230520451e-01
1.698645055294036865e-01,1.728376637198453247e-01
1.698645055294036865e-01,1.715473092045689818e-01
2.204860746860503873e-01,1.699170106828754578e-01
2.881226837635040283e-01,2.056134715878178698e-01
2.881226837635040283e-01,2.826576244649253722e-01
2.816658914089202881e-01,3.219180276639110883e-01
2.816658914089202881e-01,3.008855751709745840e-01
2.804358899593353271e-01,2.778592223568529529e-01
3.555045723915100098e-01,2.829154721081367230e-01
3.555045723915100098e-01,3.589163457507288379e-01
3.446882963180542547e-01,4.249154124218003092e-01
3.446882963180542547e-01,3.622077341766944403e-01
3.495651185512543280e-01,2.931164037726540772e-01
3.308182954788208008e-01,2.965247530653560282e-01
3.308182954788208008e-01,2.925213779731023478e-01
2.400473654270172119e-01,2.847969377915341438e-01
2.400473654270172119e-01,2.529968297508376485e-01
1.951503008604049405e-01,2.166010533189655640e-01
1.843069046735763550e-01,2.012675107813639008e-01
1.843069046735763550e-01,1.807923997870060639e-01
1.784625351428985596e-01,1.775802145745445371e-01
1.784625351428985596e-01,1.770949860887223171e-01
1.679867953062057495e-01,1.765977898198806406e-01
1.683609932661056519e-01,1.736960789891079382e-01
1.683609932661056519e-01,1.693640620978933697e-01
2.073428332805633267e-01,1.690547935117670542e-01
2.073428332805633267e-01,1.933348142803776593e-01
3.081569075584412176e-01,2.181545050168383348e-01
3.016481101512908936e-01,2.541523241065555827e-01
3.016481101512908936e-01,2.749221861220637053e-01
3.267253041267395020e-01,2.622739214837683797e-01
3.267253041267395020e-01,2.790401376502150144e-01
2.592641115188598633e-01,2.957798305209685119e-01
2.114182710647583008e-01,2.659704470287916345e-01
2.114182710647583008e-01,2.209598271134378400e-01
2.050412595272063931e-01,2.075763640738041149e-01
2.050412595272063931e-01,2.004491555441898221e-01
2.347255051136017123e-01,1.925421016559169529e-01
2.621370851993560791e-01,2.176178939210840213e-01
2.621370851993560791e-01,2.382599329716996173e-01
2.531891763210297186e-01,2.364056904151521921e-01
2.531891763210297186e-01,2.311829609422800802e-01
2.543610632419586182e-01,2.257722769841028765e-01
2.207816988229751587e-01,2.356998121445820216e-01
2.207816988229751587e-01,2.257413508971947702e-01
2.424586564302444458e-01,2.031488686604575877e-01
2.424586564302444458e-01,2.248624829712403961e-01
2.450377047061920166e-01,2.451493303944967672e-01
2.463154047727585394e-01,2.351988085267836537e-01
2.463154047727585394e-01,2.297437600054274554e-01
2.298433184623718539e-01,2.352047444193779979e-01
2.298433184623718539e-01,2.345734807386124221e-01
2.683678865432739258e-01,2.340675434222626028e-01
2.317014038562774658e-01,2.636280402257902278e-01
2.317014038562774658e-01,2.531469953628709968e-01
2.536134123802185059e-01,2.091587498981588578e-01
2.536134123802185059e-01,2.272924149148971007e-01
2.278259247541427890e-01,2.450034458161919060e-01
2.511056959629058838e-01,2.358454901790240921e-01
2.511056959629058838e-01,2.331889149589367050e-01
2.406570017337798795e-01,2.399801578040245131e-01
2.406570017337798795e-01,2.307476784828972616e-01
2.355776131153106967e-01,2.209244428705161578e-01
2.084955275058746338e-01,2.221295494104414958e-01
2.084955275058746338e-01,2.135798732629638486e-01
2.014831006526947021e-01,2.027368850122553967e-01
2.014831006526947021e-01,1.963621708898995732e-01
2.134985029697418490e-01,1.893840600524311080e-01
1.968656927347183228e-01,2.040493724289039468e-01
1.968656927347183228e-01,2.022691212545650319e-01
1.748276948928833008e-01,1.850379452808516012e-01
1.748276948928833008e-01,1.789736718828744133e-01
1.675257831811904907e-01,1.720154040561940323e-01
1.819289028644561490e-01,1.708086496354545014e-01
1.819289028644561490e-01,1.777569502709794302e-01
2.163158357143401822e-01,1.854671398623864154e-01
2.163158357143401822e-01,1.985316974846530746e-01
1.956270039081573209e-01,2.107801856899586268e-01
1.841740161180495938e-01,1.965573405257629025e-01
1.841740161180495938e-01,1.784697926950178926e-01
2.603065371513367254e-01,1.750147296180955547e-01
2.603065371513367254e-01,2.257949499214228772e-01
2.706716060638427734e-01,2.742741823687288028e-01
2.765875160694122314e-01,2.639264464916014630e-01
2.765875160694122314e-01,2.653978376842686671e-01
3.321622908115386963e-01,2.780152220459714552e-01
3.321622908115386963e-01,3.291166267946284418e-01
3.372164070606232245e-01,3.769255829826950732e-01
3.424106836318969727e-01,3.643112536325397999e-01
3.424106836318969727e-01,3.569265543646786276e-01
3.502804040908812366e-01,3.629914475379545924e-01
3.502804040908812366e-01,3.574826205185163142e-01
3.334882259368896484e-01,3.516889714600356931e-01
3.048415184020996094e-01,3.339175147231372431e-01
3.048415184020996094e-01,3.008896223486985377e-01
2.241699099540710449e-01,2.859251527023171646e-01
2.241699099540710449e-01,2.502146107412047127e-01
2.231916040182113370e-01,2.086242229042301333e-01
2.127934992313385010e-01,2.150405615470172838e-01
2.127934992313385010e-01,2.116315721842216280e-01
2.555466890335083008e-01,2.005815181906004385e-01
2.555466890335083008e-01,2.318737088229531618e-01
2.643494009971619207e-01,2.595352265644013112e-01
2.531680464744567871e-01,2.620641739528006275e-01
2.531680464744567871e-01,2.536005737288578588e-01
2.339650541543961126e-01,2.418193702026449621e-01
2.339650541543961126e-01,2.349294146395655425e-01
2.333215028047561368e-01,2.277317389352097599e-01
2.242033332586288452e-01,2.281897839670397055e-01
2.242033332586288452e-01,2.206264910952325520e-01
2.012783437967300415e-01,2.119090504149669651e-01
2.012783437967300415e-01,2.005597111464112736e-01
1.966407001018523892e-01,1.881623157890108811e-01
2.178835868835448664e-01,1.863549893324921158e-01
2.178835868835448664e-01,1.977983134750460059e-01
2.213913053274154663e-01,2.109288114300494899e-01
2.213913053274154663e-01,2.097493268215209206e-01
1.959984004497528076e-01,2.084595962026649374e-01
1.992403119802474976e-01,1.952783783332725231e-01
1.992403119802474976e-01,1.828518839984306643e-01
1.625297963619232178e-01,1.841680203860096010e-01
1.625297963619232178e-01,1.748442589208242803e-01
1.901159286499023160e-01,1.647579052695409829e-01
1.898488998413085660e-01,1.740402093323882848e-01
1.898488998413085660e-01,1.805766566732980305e-01
2.000212967395782748e-01,1.788806667574176779e-01
2.000212967395782748e-01,1.839983546223774857e-01
1.874057054519653043e-01,1.884814862997070961e-01
1.881960034370422363e-01,1.855228480222149701e-01
1.881960034370422363e-01,1.815008432905406421e-01
2.220781892538070956e-01,1.790517636631014931e-01
2.220781892538070956e-01,2.007754506115998483e-01
2.257640063762665072e-01,2.220593789826230124e-01
2.163868844509125033e-01,2.182030809759619716e-01
2.163868844509125033e-01,2.106492480884683827e-01
1.905837059020996371e-01,2.071509682193347635e-01
1.905837059020996371e-01,1.941654351914363641e-01
2.389943003654479980e-01,1.805749087423752508e-01
2.126784026622771939e-01,2.050438917513676962e-01
2.126784026622771939e-01,2.110060170849228367e-01
2.203326970338821411e-01,1.927398719897767954e-01
2.203326970338821411e-01,1.986031293282031207e-01
1.995152980089187900e-01,2.046893129900665964e-01
1.767843067646026611e-01,1.966691212569805780e-01
1.767843067646026611e-01,1.805863385418789158e-01
2.036905288696289062e-01,1.706454518233988249e-01
2.036905288696289062e-01,1.822235210039458153e-01
1.890024542808532715e-01,1.922325674959118880e-01
1.914628148078918457e-01,1.865754761800641481e-01
1.914628148078918457e-01,1.815177226365627949e-01
2.303853929042815885e-01,1.823037661282236599e-01
2.303853929042815885e-01,2.032686319377041417e-01
2.602671086788176935e-01,2.221083670862553650e-01
2.651697993278503418e-01,2.433562848550314683e-01
2.651697993278503418e-01,2.571519415912539297e-01
2.410915046930312833e-01,2.507011740958960400e-01
2.410915046930312833e-01,2.338212662894679217e-01
2.030028998851776123e-01,2.157392770497658652e-01
2.060085982084274570e-01,2.034210847990227666e-01
2.060085982084274570e-01,1.897616139743931452e-01
1.778325885534286221e-01,1.899949729641532692e-01
1.778325885534286221e-01,1.812696082823323229e-01
1.719783544540405551e-01,1.714756078300016251e-01
1.757052987813949585e-01,1.703748574475786037e-01
1.757052987813949585e-01,1.718160857792040974e-01
1.694041937589645386e-01,1.737923405671785160e-01
1.694041937589645386e-01,1.715431652021992270e-01
1.635388135910034180e-01,1.683258501451313505e-01
1.943304240703582764e-01,1.672277262754899296e-01
1.943304240703582764e-01,1.819272030359508907e-01
2.042852044105529508e-01,1.975630476481684827e-01
2.042852044105529508e-01,1.937915783499118139e-01
2.030708640813827792e-01,1.896031856220378176e-01
1.812596023082733154e-01,1.902887731323797682e-01
1.812596023082733154e-01,1.835735753369585610e-01
2.182700932025909146e-01,1.756582356088257357e-01
2.182700932025909146e-01,1.940911988857207116e-01
2.186232060194015225e-01,2.127298109817064298e-01
2.044367194175720215e-01,2.101709863106097087e-01
2.044367194175720215e-01,1.990160378548538334e-01
1.787614673376083374e-01,1.900666235233576529e-01
1.787614673376083374e-01,1.828324034830535461e-01
2.417660057544708530e-01,1.755342775198512895e-01
2.367322593927383423e-01,2.171300377734844411e-01
2.367322593927383423e-01,2.388614795607357510e-01
2.201220840215682983e-01,2.209869977016818421e-01
2.201220840215682983e-01,2.123897992272539559e-01
2.190245538949966431e-01,2.031886998447035297e-01
2.470148950815201083e-01,2.076924884943013583e-01
2.470148950815201083e-01,2.331695926215545944e-01
2.227835953235626498e-01,2.522616662768261686e-01
2.227835953235626498e-01,2.283853260143201280e-01
2.453936934471130371e-01,2.017029157001482276e-01
2.456143051385879794e-01,2.197717881002428375e-01
2.456143051385879794e-01,2.343269115328978913e-01
2.149323076009750366e-01,2.310187626104044378e-01
2.149323076009750366e-01,2.151662345880642202e-01
1.782320737838745117e-01,1.977249393848046211e-01
1.983320713043212891e-01,1.862929359135506724e-01
1.983320713043212891e-01,1.816911373069833024e-01
1.837121993303298950e-01,1.883652667164048000e-01
1.837121993303298950e-01,1.830042231233527938e-01
2.150899022817612249e-01,1.766075236406297877e-01
2.187249064445495883e-01,1.914631941726609443e-01
2.187249064445495883e-01,2.098431141962547875e-01
1.953707039356231689e-01,2.129726232269607278e-01
1.953707039356231689e-01,1.991189681762128572e-01
2.260476946830749234e-01,1.839451877988993178e-01
2.273865938186644953e-01,2.019477818082193177e-01
2.273865938186644953e-01,2.160579778834494646e-01
2.131565511226654053e-01,2.129451886575074449e-01
2.131565511226654053e-01,2.051248204618308091e-01
1.765360683202743253e-01,1.968135749401229984e-01
2.150828540325164517e-01,1.851387765260720242e-01
2.150828540325164517e-01,1.992797079461950949e-01
3.349621891975402832e-01,2.251177118968701318e-01
3.349621891975402832e-01,2.773984259578709533e-01
3.160460889339447021e-01,3.244670873719337489e-01
3.057914972305297852e-01,2.990117447998708045e-01
3.057914972305297852e-01,2.687007432386361305e-01
2.454170137643814087e-01,2.654712618893096399e-01
4.908340275287628174e-01,2.416772215280386105e-01
2.043210864067077637e-01,3.219442779371161634e-01
2.795807123184204102e-01,3.156342816600497536e-01
2.795807123184204102e-01,2.522970367584294049e-01
2.639636099338531494e-01,3.026624110545807489e-01
2.639636099338531494e-01,2.688664913718605831e-01
2.800608277320861816e-01,2.312795881432326006e-01
2.840686142444610596e-01,2.460425014050224013e-01
2.840686142444610596e-01,2.587096829356537175e-01
2.698352336883544922e-01,2.563146549702019494e-01
2.698352336883544922e-01,2.476029172507966669e-01
2.565046846866608221e-01,2.385249755911274250e-01
1.737418919801712036e-01,2.345153100165928151e-01
1.737418919801712036e-01,2.011872116565589785e-01
1.598615348339080811e-01,1.707189309264481314e-01
1.598615348339080811e-01,1.686834901845445656e-01
1.806169450283050815e-01,1.667123529888956124e-01
1.780257374048233032e-01,1.721669433255443582e-01
1.780257374048233032e-01,1.763643192969111262e-01
1.924792230129241943e-01,1.760447604470770644e-01
1.924792230129241943e-01,1.797842713100748224e-01
1.990472823381423950e-01,1.833013883815739764e-01
1.957502663135528842e-01,1.861648486344754938e-01
1.969612538814544955e-01,1.937521474747342654e-01
1.883261650800704956e-01,1.987400259963526816e-01
1.883261650800704956e-01,1.920449155464847846e-01
1.797540038824081421e-01,1.826309826020407479e-01
1.916811913251877109e-01,1.798830273695486426e-01
3.833623826503754217e-01,1.807091820573046570e-01
2.141620814800262729e-01,2.788546021729833013e-01
2.141620814800262729e-01,2.880206287955965339e-01
2.216559946537017267e-01,2.062153995682749763e-01
2.209348082542419434e-01,2.059240981539690596e-01
2.209348082542419434e-01,2.079540165956151043e-01
2.184751033782958984e-01,2.105609630488216866e-01
2.184751033782958984e-01,2.169158875024015110e-01
2.180604040622711182e-01,2.231189272894624209e-01
2.504481077194213867e-01,2.203479982480482380e-01
2.504481077194213867e-01,2.385898081743845767e-01
2.412912994623183927e-01,2.582478909204965478e-01
2.412912994623183927e-01,2.418072839048021339e-01
2.391991466283798218e-01,2.235448265475242224e-01
2.296963632106781283e-01,2.318179760445706061e-01
2.296963632106781283e-01,2.256178415047866981e-01
2.403284162282944003e-01,2.097062707147175076e-01
2.403284162282944003e-01,2.176249444000654121e-01
2.240518331527710516e-01,2.255693390951616639e-01
2.023217231035232544e-01,2.172828697747871962e-01
2.023217231035232544e-01,2.003047794111294799e-01
2.082566022872924805e-01,1.911761922718485940e-01
2.082566022872924805e-01,1.960029958454414523e-01
2.085203975439071933e-01,2.007410949768781150e-01
1.949775964021682739e-01,2.031314618433578689e-01
1.949775964021682739e-01,1.938216583475531329e-01
1.989800930023193637e-01,1.815216443760265808e-01
1.989800930023193637e-01,1.833625387289059827e-01
1.869141757488250732e-01,1.851433535235935957e-01
1.943044960498809814e-01,1.819353584799207335e-01
1.943044960498809814e-01,1.822357444199982912e-01
2.154057025909424106e-01,1.852260232319452027e-01
2.154057025909424106e-01,1.975452774237633491e-01
2.246519029140472690e-01,2.083976191979054482e-01
1.886185854673385343e-01,2.115274703589325456e-01
1.886185854673385343e-01,1.962193594523623241e-01
1.838601976633071899e-01,1.772019570460174887e-01
1.838601976633071899e-01,1.764006552427682395e-01
1.893669962882995883e-01,1.755901957846529859e-01
1.995205432176589966e-01,1.792426140613612995e-01
1.995205432176589966e-01,1.845131062772974451e-01
1.813428401947021207e-01,1.873821322789601396e-01
1.813428401947021207e-01,1.821083466291842923e-01
1.920076012611389160e-01,1.767402006180587848e-01
2.081632465124130527e-01,1.792634675906282782e-01
2.081632465124130527e-01,1.958901811908091151e-01
1.980955004692077914e-01,2.097735062021029162e-01
1.980955004692077914e-01,1.979405561060427754e-01
2.022272646427154819e-01,1.851298961270277099e-01
1.925842463970184604e-01,1.879134675660888154e-01
1.925842463970184604e-01,1.871324996019928244e-01
2.055149674415588656e-01,1.833164860467815793e-01
2.055149674415588656e-01,1.923437582906957211e-01
1.921776980161666870e-01,2.008544770847966177e-01
1.974076032638549527e-01,1.913072141625233868e-01
1.974076032638549527e-01,1.851065609079087793e-01
1.978288739919662476e-01,1.886000738000282173e-01
1.978288739919662476e-01,1.906562554376218799e-01
1.947185993194580078e-01,1.927320837558194333e-01
1.929751932621002475e-01,1.882285672070137805e-01
1.929751932621002475e-01,1.832364807928230643e-01
1.787372082471847534e-01,1.830659455083689102e-01
1.787372082471847534e-01,1.791862897324745241e-01
1.773243993520736694e-01,1.745875482946513402e-01
1.954015046358108521e-01,1.743788332866656188e-01
1.954015046358108521e-01,1.822315623830872977e-01
1.786402463912963867e-01,1.900294788224118625e-01
1.786402463912963867e-01,1.827562727829825096e-01
1.929298043251037598e-01,1.743569141369865350e-01
1.924515962600708285e-01,1.787227726959792762e-01
1.924515962600708285e-01,1.823696154571501915e-01
1.982013732194900513e-01,1.818104254540456877e-01
1.982013732194900513e-01,1.874483576143888830e-01
2.029816657304764072e-01,1.933862673980307478e-01
2.076473981142044067e-01,1.919903376347343038e-01
2.076473981142044067e-01,1.916465119156934016e-01
1.996106952428817471e-01,1.927918843310248986e-01
1.996106952428817471e-01,1.910320632816563668e-01
1.837998628616333285e-01,1.890405884117011270e-01
3.492729067802429199e-01,1.854876920048342259e-01
3.492729067802429199e-01,2.812437847649372769e-01
3.385715782642364502e-01,3.636603277255183175e-01
3.385715782642364502e-01,3.412235729145416951e-01
3.246645033359528143e-01,3.172797454772023906e-01
2.590272426605225164e-01,3.085480495336496709e-01
2.590272426605225164e-01,2.707871834027076874e-01
2.013491839170455933e-01,2.390059930432380797e-01
2.013491839170455933e-01,2.239159219511945575e-01
2.125197052955627441e-01,2.076686785637535670e-01
2.082609981298446655e-01,2.069996957498865808e-01
2.082609981298446655e-01,2.031988007475256930e-01
2.026299685239791870e-01,2.001211757591514484e-01
2.026299685239791870e-01,1.957243103697827724e-01
1.967180371284484863e-01,1.909730968218498193e-01
1.891978979110717218e-01,1.888700659256196679e-01
1.891978979110717218e-01,1.836637434761775600e-01
1.683970987796783447e-01,1.802546699296972976e-01
1.683970987796783447e-01,1.753070531214836192e-01
1.529303938150405884e-01,1.694865304053793098e-01
1.571273952722549438e-01,1.656387931546586534e-01
1.571273952722549438e-01,1.627889969700087591e-01
1.925273537635803223e-01,1.644919982405469716e-01
1.925273537635803223e-01,1.817171519445872074e-01
2.034381031990051547e-01,1.990898716395596846e-01
1.979987621307373047e-01,1.981166839847612882e-01
1.979987621307373047e-01,1.920295314460888914e-01
1.713397651910782415e-01,1.869430221399047687e-01
1.713397651910782415e-01,1.793965455858269054e-01
1.605434864759445190e-01,1.699611572268162341e-01
1.448902040719985962e-01,1.684653433516493104e-01
1.448902040719985962e-01,1.624476128612188375e-01
1.455924957990646362e-01,1.565657553892840781e-01
1.455924957990646362e-01,1.568880878562635972e-01
1.324006021022796631e-01,1.572280271060661205e-01
1.147388964891433438e-01,1.543755287407274079e-01
1.147388964891433438e-01,1.477726740109161774e-01
1.390763670206069946e-01,1.439756453529695557e-01
1.390763670206069946e-01,1.513654712178041095e-01
1.773481070995331088e-01,1.580409205900284442e-01
1.872349977493286133e-01,1.672329109951372628e-01
1.872349977493286133e-01,1.807209145361189095e-01
1.716542840003967285e-01,1.866799417923128424e-01
1.716542840003967285e-01,1.795427118567655689e-01
1.901565045118331909e-01,1.705782534392625005e-01
2.085365056991576593e-01,1.802437833364032849e-01
2.085365056991576593e-01,1.937813425517766197e-01
2.105930447578430453e-01,1.980495892738019514e-01
2.105930447578430453e-01,2.010596450428841497e-01
2.011387944221496860e-01,2.040842856705320230e-01
1.981692165136337280e-01,1.975331526618531452e-01
1.981692165136337280e-01,1.916014611268757883e-01
1.862777769565582553e-01,1.931470122610869367e-01
1.862777769565582553e-01,1.906194254160566148e-01
2.313299924135208130e-01,1.881448393921674456e-01
2.665236890316008966e-01,2.288141277074720037e-01
2.665236890316008966e-01,2.583418892362654429e-01
2.672828137874603271e-01,2.528434976538723733e-01
2.672828137874603271e-01,2.533372716246493073e-01
2.530894875526428223e-01,2.538409879977668315e-01
2.939947843551635742e-01,2.509576255909003462e-01
2.939947843551635742e-01,2.701601839938851390e-01
2.766048014163970947e-01,2.912537347495358642e-01
2.766048014163970947e-01,2.757938462479087027e-01
2.432340085506438654e-01,2.592445896456302412e-01
2.223459333181380670e-01,2.395790345073239846e-01
2.223459333181380670e-01,2.164175009634484448e-01
2.186183035373688022e-01,2.145295603519141170e-01
2.186183035373688022e-01,2.128147534106659688e-01
2.029476463794708530e-01,2.110488466295585563e-01
1.907453685998916626e-01,2.011819067822162299e-01
1.907453685998916626e-01,1.868702903617941169e-01
1.951031982898712158e-01,1.828089818720590454e-01
1.951031982898712158e-01,1.878062968243543462e-01
2.226422727108001431e-01,1.923545539210120003e-01
2.252217978239059448e-01,2.123795496283606976e-01
2.252217978239059448e-01,2.248213432639276366e-01
2.214518934488296509e-01,2.193063673583757478e-01
2.214518934488296509e-01,2.202295683086087363e-01
2.066775113344192505e-01,2.212089282074006791e-01
2.097374200820922852e-01,2.093511786187371715e-01
2.097374200820922852e-01,2.010378740215069127e-01
2.612883150577545166e-01,2.062777493892097858e-01
2.612883150577545166e-01,2.416890709096055356e-01
2.342368513345718384e-01,2.729220972014665958e-01
2.237651944160461148e-01,2.459586404838557949e-01
2.237651944160461148e-01,2.111885037443518298e-01
2.170636057853698730e-01,2.070792084778541320e-01
2.170636057853698730e-01,2.140806449493812547e-01
2.301114946603775024e-01,2.211110138256712210e-01
2.086910158395767212e-01,2.242863320782355896e-01
2.086910158395767212e-01,2.116523692102200704e-01
2.047397941350936890e-01,1.938488069985009055e-01
2.047397941350936890e-01,1.978743193450134275e-01
2.222295254468917569e-01,2.021629485743270671e-01
2.279004752635956088e-01,2.042876890776027521e-01
2.279004752635956088e-01,2.135976571423211512e-01
2.129457294940948486e-01,2.210196225239264567e-01
2.129457294940948486e-01,2.144420491929793504e-01
1.926552951335906982e-01,2.074095566466530594e-01
1.835393011569976807e-01,1.957968034351821596e-01
1.835393011569976807e-01,1.803340876224595324e-01
1.722192019224166870e-01,1.776094781222440633e-01
1.722192019224166870e-01,1.757806951210825752e-01
1.875299960374831876e-01,1.739888263034715665e-01
1.739563494920730591e-01,1.781851317080876407e-01
1.739563494920730591e-01,1.780344578461012517e-01
1.938352584838867188e-01,1.726199744665694868e-01
1.938352584838867188e-01,1.825920397730242950e-01
1.973450034856796265e-01,1.926502054601427483e-01
1.942632943391799927e-01,1.895539683699784539e-01
1.942632943391799927e-01,1.849024869224444034e-01
2.034828513860702515e-01,1.836620359632915589e-01
2.034828513860702515e-01,1.923922134617311597e-01
1.873460412025451938e-01,2.011067125573214320e-01
2.008862048387527743e-01,1.900435704418323712e-01
2.008862048387527743e-01,1.836608330590561444e-01
1.905569285154342651e-01,1.887235372539348699e-01
1.905569285154342651e-01,1.852498180965424235e-01
1.927679926156997403e-01,1.816914903485737087e-01
1.832018047571182529e-01,1.839525657341335441e-01
1.832018047571182529e-01,1.825165879481952247e-01
2.027056962251663208e-01,1.784312815577963618e-01
2.027056962251663208e-01,1.843118198324684431e-01
1.902956068515777588e-01,1.900443381523492514e-01
1.815531253814697266e-01,1.852122722444044522e-01
1.815531253814697266e-01,1.793754884961313301e-01
1.891089975833892822e-01,1.782487185928801066e-01
1.891089975833892822e-01,1.811668055791401943e-01
1.840091049671173096e-01,1.840234805583189359e-01
1.819614022970199863e-01,1.817160736100895402e-01
1.819614022970199863e-01,1.784336249746638070e-01
1.854998767375946045e-01,1.775183802520449161e-01
1.854998767375946045e-01,1.807147132229138253e-01
2.226949036121368408e-01,1.840305754014950057e-01
2.071253955364227572e-01,2.047498596001313953e-01
2.071253955364227572e-01,2.090127007706461815e-01
2.009170949459075928e-01,1.933979001606658810e-01
2.009170949459075928e-01,1.931658107216272235e-01
1.885115951299667636e-01,1.929887263781485118e-01
1.943915784358978549e-01,1.865581806556448619e-01
1.943915784358978549e-01,1.827108715623544100e-01
1.774574071168899536e-01,1.852874698650265051e-01
1.774574071168899536e-01,1.801311529023338909e-01
1.960569024085998535e-01,1.721489050511409713e-01
1.895107030868530551e-01,1.815226390927950073e-01
1.895107030868530551e-01,1.853151129770611860e-01
2.074400931596755981e-01,1.809538382356720154e-01
2.074400931596755981e-01,1.901869545732901012e-01
2.042641043663024902e-01,1.994050838248009327e-01
2.000678032636642456e-01,1.948311067383131368e-01
2.000678032636642456e-01,1.885803277945292677e-01
1.733694821596145352e-01,1.871419133002266422e-01
1.733694821596145352e-01,1.800529392090372827e-01
1.849348992109298706e-01,1.726341705291394579e-01
1.688267737627029419e-01,1.773304543142817380e-01
1.688267737627029419e-01,1.768018038802551539e-01
1.914010494947433194e-01,1.707923445456972500e-01
1.914010494947433194e-01,1.780480662676456327e-01
1.822085529565811157e-01,1.835441579657885736e-01
2.055577039718627930e-01,1.807409511043341632e-01
2.055577039718627930e-01,1.920774584869250623e-01
2.419840693473815640e-01,2.084609410095489834e-01
2.419840693473815640e-01,2.183424099359568549e-01
2.256706357002258578e-01,2.277212421451526025e-01
2.096177935600280762e-01,2.176489506445240807e-01
2.096177935600280762e-01,2.003894554221803959e-01
1.874290108680725098e-01,1.935336007300910155e-01
1.874290108680725098e-01,1.889403363551332704e-01
1.834661066532135010e-01,1.830960705391934951e-01
1.931275576353073398e-01,1.809891764283715343e-01
1.931275576353073398e-01,1.839795609263203680e-01
1.979932039976119995e-01,1.900296994402332906e-01
1.979932039976119995e-01,1.894736848243610272e-01
1.810770928859710693e-01,1.887233721917412899e-01
4.031366109848023571e-01,1.826401859599643129e-01
4.031366109848023571e-01,3.100433243479382428e-01
4.604647159576416016e-01,4.265489557255761066e-01
4.604647159576416016e-01,4.049962622257897160e-01
5.008617043495178223e-01,3.821918401724516690e-01
4.378605186939240057e-01,4.022366482406710131e-01
4.378605186939240057e-01,3.941740080529594903e-01
2.561259269714355469e-01,3.646902212098299123e-01
2.561259269714355469e-01,3.070286479965035342e-01
2.273572981357574463e-01,2.392094385462983086e-01
2.201671004295349399e-01,2.229609776739443494e-01
2.201671004295349399e-01,2.017820368063728831e-01
1.984222531318664551e-01,1.979742870738208649e-01
1.984222531318664551e-01,1.911645234210461453e-01
1.943005025386810580e-01,1.841087951861547223e-01
1.805235445499419888e-01,1.867610275007986487e-01
1.805235445499419888e-01,1.824925331549784036e-01
1.998776346445083896e-01,1.748095870553922904e-01
1.998776346445083896e-01,1.852462614929390738e-01
2.088513970375061035e-01,1.958253479798315322e-01
2.052325755357742865e-01,1.949471632083777384e-01
2.052325755357742865e-01,1.935852154777823464e-01
2.000157982110976618e-01,1.934136905932234973e-01
2.000157982110976618e-01,1.909224222761340128e-01
1.864733994007110596e-01,1.883225314065058720e-01
1.736753731966018677e-01,1.834917978290480645e-01
1.736753731966018677e-01,1.753689948331838278e-01
1.885808259248733243e-01,1.726496587339383937e-01
1.885808259248733243e-01,1.796191860234690185e-01
1.996680051088333130e-01,1.858760175164956008e-01
2.059511989355087558e-01,1.873001103938514433e-01
2.059511989355087558e-01,1.937822542703607209e-01
1.754488945007323941e-01,1.991136160662580756e-01
1.754488945007323941e-01,1.861627011485195160e-01
2.038332223892211914e-01,1.725141007543153637e-01
2.094203978776931763e-01,1.873684891279409626e-01
2.094203978776931763e-01,2.011032477532721796e-01
1.958734989166260043e-01,1.992786001019450637e-01
1.958734989166260043e-01,1.928555325532706199e-01
1.724482625722885132e-01,1.857365884635599762e-01
1.776420623064041138e-01,1.794642486433976891e-01
1.776420623064041138e-01,1.745405375415686189e-01
1.713635921478271207e-01,1.767153701934145171e-01
1.713635921478271207e-01,1.743069629442468849e-01
1.787484437227248868e-01,1.705445635625235101e-01
1.702087521553039551e-01,1.736945603592831566e-01
1.702087521553039551e-01,1.740905209718099922e-01
1.913181245326995850e-01,1.714612998010731082e-01
1.913181245326995850e-01,1.789043724212988073e-01
1.938814073801040649e-01,1.849152474371878185e-01
2.021497935056686401e-01,1.845451820410628774e-01
2.021497935056686401e-01,1.896536581421557344e-01
1.973596364259720126e-01,1.959996561687921413e-01
1.973596364259720126e-01,1.925774101979443043e-01
1.818598955869674683e-01,1.887509341081095304e-01
1.518772840499877930e-01,1.828056588611787492e-01
1.518772840499877930e-01,1.683726329353467943e-01
1.797889769077301025e-01,1.594842543249040678e-01
1.797889769077301025e-01,1.690789891602831330e-01
1.766516566276550571e-01,1.761896892880872589e-01
2.190984636545181274e-01,1.745145817242195752e-01
2.190984636545181274e-01,1.963381402921898500e-01
2.368807047605514526e-01,2.224103745658111142e-01
2.368807047605514526e-01,2.309084932103079857e-01
2.723162174224852961e-01,2.392149582401465469e-01
2.842651307582855225e-01,2.761187010578641243e-01
2.842651307582855225e-01,2.947831614799806266e-01
3.610217571258544922e-01,2.781466831997786437e-01
3.610217571258544922e-01,3.360355542914190141e-01
3.393641114234924316e-01,3.899616855750215327e-01
2.713941931724548340e-01,3.532922732817084799e-01
2.713941931724548340e-01,2.747298638376143853e-01
2.359429746866226474e-01,2.325207946153685368e-01
2.359429746866226474e-01,2.222241568787771404e-01
1.764906942844390869e-01,2.108666211113676137e-01
1.933852136135101596e-01,1.926285843461907898e-01
1.933852136135101596e-01,1.810750757994484816e-01
2.070471495389938354e-01,1.879346696980010445e-01
2.070471495389938354e-01,1.976818740480723036e-01
2.076206952333450317e-01,2.062570403242696970e-01
2.084009945392608920e-01,2.026965464626446223e-01
2.084009945392608920e-01,1.967114967285056859e-01
2.094228416681289395e-01,1.945382870518703178e-01
2.094228416681289395e-01,1.962066007014288127e-01
1.959958970546722412e-01,1.979702998599105201e-01
2.029076218605041226e-01,1.904334558831650426e-01
2.029076218605041226e-01,1.865311104928987773e-01
1.715861856937408447e-01,1.904362205654320239e-01
1.715861856937408447e-01,1.812218282452291995e-01
1.853289008140563965e-01,1.711195645859743264e-01
1.865625381469726562e-01,1.763122655717841991e-01
1.865625381469726562e-01,1.799241382361801145e-01
1.824795007705688199e-01,1.796251431430118395e-01
1.824795007705688199e-01,1.784733224021176901e-01
1.865475177764893133e-01,1.770743222124404881e-01
1.910450011491775513e-01,1.800103189135062454e-01
1.910450011491775513e-01,1.824346996034404977e-01
1.947984993457794467e-01,1.819564183045256078e-01
1.947984993457794467e-01,1.846972716552528204e-01
1.942836940288543701e-01,1.875863055461282625e-01
1.823579072952270508e-01,1.862172834726879000e-01
1.823579072952270508e-01,1.808923794001659480e-01
1.863520592451095859e-01,1.753184917550432709e-01
1.863520592451095859e-01,1.782532089918760498e-01
2.122309356927871982e-01,1.799333402399066195e-01
2.061766982078551969e-01,1.897477237046598653e-01
2.061766982078551969e-01,1.957969502487592883e-01
2.002694308757781982e-01,1.926504109657404540e-01
4.005388617515563965e-01,1.913403577856658266e-01
2.036442905664443970e-01,2.855081335861260894e-01
2.041575908660888672e-01,2.904223895029840463e-01
2.041575908660888672e-01,1.957078847289439871e-01
2.072980999946594793e-01,1.916848340845401233e-01
2.072980999946594793e-01,1.939441219570093300e-01
1.624802798032760620e-01,1.962701746357551347e-01
2.047239691019058228e-01,1.817279134216537306e-01
2.047239691019058228e-01,1.858531684251167881e-01
1.887350976467132846e-01,2.069729616585202492e-01
1.887350976467132846e-01,1.927218016095300079e-01
1.948221027851104736e-01,1.778008453830030311e-01
1.866550594568252841e-01,1.818089275778125569e-01
1.866550594568252841e-01,1.822929994687679800e-01
2.063589692115783969e-01,1.800442530753023629e-01
2.063589692115783969e-01,1.916319039965185822e-01
1.990336924791336060e-01,2.025155032941556854e-01
1.980886012315750122e-01,1.954819174569833728e-01
1.980886012315750122e-01,1.919340482108186641e-01
2.041638940572738370e-01,1.963312070386683816e-01
2.041638940572738370e-01,1.997392119890265272e-01
1.967703551054001132e-01,2.030664761581928712e-01
1.815092116594314853e-01,1.949183501109424677e-01
1.815092116594314853e-01,1.810931405263480343e-01
1.704124957323074618e-01,1.757024401570924099e-01
1.704124957323074618e-01,1.737149095407895805e-01
1.662842035293579102e-01,1.717581394875895839e-01
1.620960831642150879e-01,1.706072268258601865e-01
1.620960831642150879e-01,1.683099149891028046e-01
2.050786018371582031e-01,1.672343572180806370e-01
2.050786018371582031e-01,1.906742256255990198e-01
2.152855992317199985e-01,2.147014956004871244e-01
2.119203954935073575e-01,2.078532875677209513e-01
2.119203954935073575e-01,1.969388649036293293e-01
2.017627954483031949e-01,1.936856563720252000e-01
2.017627954483031949e-01,1.922038945196309634e-01
1.966343224048614502e-01,1.902128475960344345e-01
1.994546651840210238e-01,1.915981497057840655e-01
1.994546651840210238e-01,1.940180047311682865e-01
1.848202943801880160e-01,1.948281833527523710e-01
1.848202943801880160e-01,1.863442584653052236e-01
1.885830014944076538e-01,1.772677652022422445e-01
1.749152988195419034e-01,1.812155263773042035e-01
1.749152988195419034e-01,1.795859561395342641e-01
1.777306050062179565e-01,1.733492966689296477e-01
1.777306050062179565e-01,1.743652530118385835e-01
1.724444031715393066e-01,1.753401817392927498e-01
1.696542352437973022e-01,1.737350503410403368e-01
1.696542352437973022e-01,1.718930246391657535e-01
1.860917955636977872e-01,1.721156888955885644e-01
1.860917955636977872e-01,1.769943924827151460e-01
1.783816069364547452e-01,1.804881666109146021e-01
1.954015940427779596e-01,1.785123486598783338e-01
1.954015940427779596e-01,1.859744934786925763e-01
1.979020982980727872e-01,1.972713726025299708e-01
1.979020982980727872e-01,1.933016013664521915e-01
1.943283975124359408e-01,1.884737470613848109e-01
1.862878054380416870e-01,1.878359007504571132e-01
1.862878054380416870e-01,1.833556959647663909e-01
1.807115972042084018e-01,1.786403887727445738e-01
1.807115972042084018e-01,1.773912566679415881e-01
1.901234537363052368e-01,1.761425572912232729e-01
1.879478991031646729e-01,1.806445675305097809e-01
1.879478991031646729e-01,1.826476083293144259e-01
1.885761320590972900e-01,1.804218014520063973e-01
1.885761320590972900e-01,1.829465830793713388e-01
1.930653005838394443e-01,1.857448189474763811e-01
1.887152642011642456e-01,1.845719173541562064e-01
1.887152642011642456e-01,1.816942729506200727e-01
2.012016028165817261e-01,1.804233787140910594e-01
2.012016028165817261e-01,1.869719789844310753e-01
2.029483020305633267e-01,1.937706333441984174e-01
1.880519986152648648e-01,1.911919844303271165e-01
1.880519986152648648e-01,1.832037274820266515e-01
1.938583850860595981e-01,1.779512684714877890e-01
1.938583850860595981e-01,1.847233816256082795e-01
1.818363368511199951e-01,1.910804072770999340e-01
1.934503465890884122e-01,1.838148432021029233e-01
1.934503465890884122e-01,1.813815498227477063e-01
1.825065016746520719e-01,1.860536878863192634e-01
1.825065016746520719e-01,1.819389659230373768e-01
1.718572974205017090e-01,1.765283441955151911e-01
1.888858973979949951e-01,1.743987629790554883e-01
1.888858973979949951e-01,1.778682913751924444e-01
1.934519559144973477e-01,1.817766554389851075e-01
1.934519559144973477e-01,1.837616827713003109e-01
2.148046046495437345e-01,1.856200778601727608e-01
1.987380981445312500e-01,1.972846371520733944e-01
1.987380981445312500e-01,1.964338335431895788e-01
2.087343037128448486e-01,1.850210825281826954e-01
2.087343037128448486e-01,1.929152841381481520e-01
1.829220354557037631e-01,2.011807405261835935e-01
1.861628443002700806e-01,1.894135839857160886e-01
1.861628443002700806e-01,1.778576329508091136e-01
1.987580806016921997e-01,1.784752501503923672e-01
1.987580806016921997e-01,1.867725975322152010e-01
2.008325010538100641e-01,1.954529622512674036e-01
1.991298943758010864e-01,1.922453248495444300e-01
1.991298943758010864e-01,1.905065670916740450e-01
1.789479851722717285e-01,1.924927444084502115e-01
1.789479851722717285e-01,1.841973744518896339e-01
1.960126012563705167e-01,1.754368370212419925e-01
1.769941002130508423e-01,1.870224710872780971e-01
1.769941002130508423e-01,1.864304692876499470e-01
1.811666339635848999e-01,1.732792436204796949e-01
1.811666339635848999e-01,1.781880461318616771e-01
2.170765548944473267e-01,1.824545056307471103e-01
2.228865027427673340e-01,1.923992675439015754e-01
2.228865027427673340e-01,2.049755322962195925e-01
1.981754004955292026e-01,2.086074071120458950e-01
1.981754004955292026e-01,1.974965144512025594e-01
1.650676876306533813e-01,1.855948746683175055e-01
1.990987807512283603e-01,1.780209799284415972e-01
1.990987807512283603e-01,1.821061881872996779e-01
1.952784955501556396e-01,1.939900866473790730e-01
1.952784955501556396e-01,1.899438184888792847e-01
1.885309964418411255e-01,1.854493743064249134e-01
1.826629936695098877e-01,1.845893851276450837e-01
1.826629936695098877e-01,1.812023833228418035e-01
2.290190458297728937e-01,1.780086578061144675e-01
2.290190458297728937e-01,2.095485009058994097e-01
2.735207974910736084e-01,2.375272612297142372e-01
2.842034697532653809e-01,2.391617359184448621e-01
2.842034697532653809e-01,2.472605573258384037e-01
2.687470018863677979e-01,2.543340533338088183e-01
2.687470018863677979e-01,2.515220197365843902e-01
2.419617027044296542e-01,2.486978136570426878e-01
2.585682272911071777e-01,2.337057352742161198e-01
2.585682272911071777e-01,2.357931715933934413e-01
2.487231940031051913e-01,2.535794266947655751e-01
2.487231940031051913e-01,2.395217733577538199e-01
2.237731963396072388e-01,2.244222344228713195e-01
2.095130234956741055e-01,2.123819164032828555e-01
2.095130234956741055e-01,1.967210951495246274e-01
1.998770385980606079e-01,1.930879348296692388e-01
1.998770385980606079e-01,1.965744918734776414e-01
2.012569010257720947e-01,2.004460194827392960e-01
2.061658948659896851e-01,1.961920265396344398e-01
2.061658948659896851e-01,1.950346368371277672e-01
1.921332776546478549e-01,1.987528797110718892e-01
1.921332776546478549e-01,1.910322804745430425e-01
1.658605039119720459e-01,1.826881366952028685e-01
1.724504977464676181e-01,1.766265123993805142e-01
1.724504977464676181e-01,1.716025851123597068e-01
1.866747587919235229e-01,1.739062505308726636e-01
1.866747587919235229e-01,1.831662219167573269e-01
1.559437066316604614e-01,1.927853463334071038e-01
1.450039297342300415e-01,1.783382108132022525e-01
1.450039297342300415e-01,1.586458342069834992e-01
1.372807174921035767e-01,1.559659768542415448e-01
1.372807174921035767e-01,1.545889223777225929e-01
1.404531002044677457e-01,1.531925563553813985e-01
1.343677937984466553e-01,1.550359194782628403e-01
1.343677937984466553e-01,1.545468225248675109e-01
1.512558013200759888e-01,1.518725539054388840e-01
1.512558013200759888e-01,1.568329315227996734e-01
1.571162045001983365e-01,1.614234958878619508e-01
1.624787002801895142e-01,1.641230547554259345e-01
1.624787002801895142e-01,1.666795555115552219e-01
1.773491054773330688e-01,1.665558531484841176e-01
1.773491054773330688e-01,1.726996589659436365e-01
1.815999448299408237e-01,1.773522913882585594e-01
1.852913051843643188e-01,1.793555734905473986e-01
1.852913051843643188e-01,1.805053933737989780e-01
1.884922981262207031e-01,1.793590944630633066e-01
1.884922981262207031e-01,1.798407011978685188e-01
1.918683052062988559e-01,1.799435780173930799e-01
2.261683344841003418e-01,1.848311320471008878e-01
2.261683344841003418e-01,2.041548898779317334e-01
2.014196962118148804e-01,2.167755455484221272e-01
2.014196962118148804e-01,2.024166276855949853e-01
1.973526030778884888e-01,1.870308852625371665e-01
1.941564679145812711e-01,1.866670092763828837e-01
1.941564679145812711e-01,1.862890843898369342e-01
2.078395932912826538e-01,1.864501247556884234e-01
2.078395932912826538e-01,1.952953167841348647e-01
1.838871985673904419e-01,2.030701857209800398e-01
2.030725032091140747e-01,1.897430911508722340e-01
2.030725032091140747e-01,1.885865681235585622e-01
1.920516937971115112e-01,2.018667316637134945e-01
1.920516937971115112e-01,1.926242101751627911e-01
1.887007951736450473e-01,1.824366073647993303e-01
1.887437999248504916e-01,1.814424811969326534e-01
1.887437999248504916e-01,1.858720835239379143e-01
1.873788982629775723e-01,1.916266166387002867e-01
1.873788982629775723e-01,1.860896575922974805e-01
1.891151070594787875e-01,1.799932230695357183e-01
1.895716041326522827e-01,1.821577782305943416e-01
1.895716041326522827e-01,1.839615620962687659e-01
1.892361938953399936e-01,1.835117024001569619e-01
1.892361938953399936e-01,1.846783794627488429e-01
1.986678987741470614e-01,1.857594263779577259e-01
2.600212097167968750e-01,1.905904763200967633e-01
2.600212097167968750e-01,2.347914099020876333e-01
2.536996603012084961e-01,2.688293082437644976e-01
2.536996603012084961e-01,2.490763422380868064e-01
2.486595213413238525e-01,2.274254974567806453e-01
2.238901853561401645e-01,2.242255810874670408e-01
2.238901853561401645e-01,2.141001836385515444e-01
1.916601955890655518e-01,2.065942081436682731e-01
1.916601955890655518e-01,1.961934424349612016e-01
1.912304461002349576e-01,1.834510132787761927e-01
2.217618972063064853e-01,1.843941680650212911e-01
2.217618972063064853e-01,2.105462306557787655e-01
2.349424958229065219e-01,2.313033571828914947e-01
2.349424958229065219e-01,2.293392891738130490e-01
2.342955172061919888e-01,2.270914416735316799e-01
2.245461940765380859e-01,2.327646923959729719e-01
2.245461940765380859e-01,2.322792325589782270e-01
2.107733041048049649e-01,2.258018112835857572e-01
2.107733041048049649e-01,2.115015513496256716e-01
2.195045053958892822e-01,1.953881784115265308e-01
1.867112517356872836e-01,2.053687488356981672e-01
1.867112517356872836e-01,1.983927311653545245e-01
1.782344579696655551e-01,1.795606878530856820e-01
1.782344579696655551e-01,1.780562369680253054e-01
1.810989975929260531e-01,1.766104764058352150e-01
1.992904990911484042e-01,1.764484365608154359e-01
1.992904990911484042e-01,1.861369117087924852e-01
2.188781946897506436e-01,1.968352273448545353e-01
2.188781946897506436e-01,2.099979908987443522e-01
3.330821096897125244e-01,2.219744386721449192e-01
2.986789345741271973e-01,3.095955203859004912e-01
2.986789345741271973e-01,3.292556982174563718e-01
3.000943064689636230e-01,2.650021488113347146e-01
3.000943064689636230e-01,2.698587069983434672e-01
2.386572659015655518e-01,2.748804835666800450e-01
2.014694958925247192e-01,2.464414335991355620e-01
2.014694958925247192e-01,2.076693461650224171e-01
2.121156007051467896e-01,1.997836793026007418e-01
2.121156007051467896e-01,2.046578504261054865e-01
2.050123065710068027e-01,2.093847242055900115e-01
1.987702995538711548e-01,2.026863825467849767e-01
1.987702995538711548e-01,1.908472316496913068e-01
1.788948029279709140e-01,1.863494031861612499e-01
1.788948029279709140e-01,1.805033548227664708e-01
2.083670347929000577e-01,1.739722537673420166e-01
2.080235034227371216e-01,1.914160986139013532e-01
2.080235034227371216e-01,2.076107710655979988e-01
1.859974563121796209e-01,2.057001263310406225e-01
1.859974563121796209e-01,1.919616771205451267e-01
2.174742072820663452e-01,1.776663533454365118e-01
2.246447950601577481e-01,2.028423652068919170e-01
2.246447950601577481e-01,2.211554885441599227e-01
2.117234021425247192e-01,2.142124760861484067e-01
2.117234021425247192e-01,2.043223754359586308e-01
2.041544467210769376e-01,1.939112622221942639e-01
2.146971523761749268e-01,1.977832702363923334e-01
2.146971523761749268e-01,2.131622747325784550e-01
2.150782048702239990e-01,2.234256078644322463e-01
2.150782048702239990e-01,2.154193410996578240e-01
2.338068932294845581e-01,2.062546727733435559e-01
3.202091157436370850e-01,2.271694767938746695e-01
3.202091157436370850e-01,3.056378109547395749e-01
3.246116042137145996e-01,3.600212637214768585e-01
3.246116042137145996e-01,3.417044689114380196e-01
3.107064068317412775e-01,3.220315743045565893e-01
3.095698356628417969e-01,3.037755130939421844e-01
3.095698356628417969e-01,2.987787203434419392e-01
2.792485058307648260e-01,3.133354990894498537e-01
2.792485058307648260e-01,3.043542526321126873e-01
2.426900416612625122e-01,2.951470435060111752e-01
2.526278495788574219e-01,2.681390902316446723e-01
2.526278495788574219e-01,2.480398467396146001e-01
2.839281857013702393e-01,2.580570436980375582e-01
2.839281857013702393e-01,2.786377269848008265e-01
2.947731912136077881e-01,2.984983075270697950e-01
2.706804275512695312e-01,3.054087782440292331e-01
2.706804275512695312e-01,2.869045905403131425e-01
2.213104963302612582e-01,2.588361087229230639e-01
2.213104963302612582e-01,2.320832184955905764e-01
2.309004068374633234e-01,2.019153559699709000e-01
2.387782931327820102e-01,2.174034221452993410e-01
2.387782931327820102e-01,2.388835669955511054e-01
2.419604510068892878e-01,2.451871637682868366e-01
2.419604510068892878e-01,2.523916013978669826e-01
2.565485239028931219e-01,2.595209821549402385e-01
2.649432718753815252e-01,2.498758114271078246e-01
2.649432718753815252e-01,2.564266114686060694e-01
2.552419006824492853e-01,2.731194526215696694e-01
2.552419006824492853e-01,2.574563838880883915e-01
2.503576874732971191e-01,2.403189225041359456e-01
2.851879894733428955e-01,2.385373713424985831e-01
2.851879894733428955e-01,2.776293442216564711e-01
3.117785453796387274e-01,3.149701123656810098e-01
3.117785453796387274e-01,3.288693145391109462e-01
2.945955097675323486e-01,3.427297548065303401e-01
3.066652119159698486e-01,3.089203265962575662e-01
3.066652119159698486e-01,2.851527160724030563e-01
2.395841330289840698e-01,2.988508284949961680e-01
2.395841330289840698e-01,2.587786983287014841e-01
1.883951872587203979e-01,2.135363733797888408e-01
1.851434856653213223e-01,1.995686742082858900e-01
1.851434856653213223e-01,1.837754199090276264e-01
2.226487994194030762e-01,1.858092696178225423e-01
2.226487994194030762e-01,2.087137060117022491e-01
2.192545831203460693e-01,2.287101505740749274e-01
2.097330987453460693e-01,2.157364545183252380e-01
2.097330987453460693e-01,1.972838368739703585e-01
1.943479031324386597e-01,1.931600107173412628e-01
1.943479031324386597e-01,1.882286396342186807e-01
1.941306889057159424e-01,1.831083777402584822e-01
2.030006051063537598e-01,1.847936942230272717e-01
2.030006051063537598e-01,1.886085672723587514e-01
1.910956948995590765e-01,1.905431406286269280e-01
1.910956948995590765e-01,1.862592330389573336e-01
1.403214633464813232e-01,1.818592885892875710e-01
1.376174986362457275e-01,1.707566289361681089e-01
1.376174986362457275e-01,1.550105027228659282e-01
1.550265699625015259e-01,1.552328938485076359e-01
1.550265699625015259e-01,1.606797978083124023e-01
2.001304924488067905e-01,1.655718848094795970e-01
1.929156184196471613e-01,1.822177902574752262e-01
1.929156184196471613e-01,1.915034285846753392e-01
1.806230992078780850e-01,1.833568785647343713e-01
1.806230992078780850e-01,1.798336362176482239e-01
1.619705408811569214e-01,1.753007065386188168e-01
1.889210045337677280e-01,1.717445306823154050e-01
1.905120015144347867e-01,1.767743334342726791e-01
1.788192987442016324e-01,1.838410634439418267e-01
1.788192987442016324e-01,1.807207083764652278e-01
1.769654452800750732e-01,1.759174855647582525e-01
1.813704073429107944e-01,1.749316704479070839e-01
1.813704073429107944e-01,1.754351240196323769e-01
2.045527994632720947e-01,1.770644564519020248e-01
2.045527994632720947e-01,1.897195876254066105e-01
2.115447074174881259e-01,2.023980054999452161e-01
2.114014774560928622e-01,1.985808842270571639e-01
2.114014774560928622e-01,1.951995858413504425e-01
1.859614849090575894e-01,1.960420741617888152e-01
1.859614849090575894e-01,1.878365482110362361e-01
1.966694146394729614e-01,1.791886706615996305e-01
1.941680759191513339e-01,1.857750796651159719e-01
1.941680759191513339e-01,1.905965315945614691e-01
1.857832968235015869e-01,1.882958769353307860e-01
1.857832968235015869e-01,1.840001163303290888e-01
1.800334155559539795e-01,1.794705971779933518e-01
2.057538926601410190e-01,1.780169434253321137e-01
2.057538926601410190e-01,1.923025452818510617e-01
2.078094035387039185e-01,2.081799373106444084e-01
2.078094035387039185e-01,2.012204596097456888e-01
2.086281329393386841e-01,1.934638637130395300e-01
2.044339925050735474e-01,1.954568914366820731e-01
2.044339925050735474e-01,1.932327897448911647e-01
2.053123414516448975e-01,1.884951032632442569e-01
2.053123414516448975e-01,1.901054133739915886e-01
2.010436654090881625e-01,1.916843959539542008e-01
1.927201002836227417e-01,1.921242705874015300e-01
1.927201002836227417e-01,1.870278580754401454e-01
1.994760930538177490e-01,1.794774075375954736e-01
1.994760930538177490e-01,1.818891552938529110e-01
1.575461775064468384e-01,1.843007135811962349e-01
1.327996999025344849e-01,1.736358238422545663e-01
1.327996999025344849e-01,1.570769815483927245e-01
1.607619971036911011e-01,1.523014587701279343e-01
1.607619971036911011e-01,1.606318908776880883e-01
1.669837534427642822e-01,1.676711125802623492e-01
1.829388290643691739e-01,1.688023335239918765e-01
1.829388290643691739e-01,1.761832974004183539e-01
1.954613029956817627e-01,1.810626268642545056e-01
1.954613029956817627e-01,1.895539970615365832e-01
1.971024274826049250e-01,1.972971621058445535e-01
2.063226997852324884e-01,1.956279402965348801e-01
2.063226997852324884e-01,1.945557160069236180e-01
2.025007009506225308e-01,1.952493371968923308e-01
2.025007009506225308e-01,1.939466987304983014e-01
1.924629509449005405e-01,1.926038522813688092e-01
2.318105995655060092e-01,1.921137612825839225e-01
2.318105995655060092e-01,2.024115649027391772e-01
2.230467796325683871e-01,2.116018153319184636e-01
2.230467796325683871e-01,2.068683130428977113e-01
2.142658680677413940e-01,2.019709499708874922e-01
1.877232939004898071e-01,1.997639520554352344e-01
1.877232939004898071e-01,1.888100421318073541e-01
2.017925977706908625e-01,1.797376418674116183e-01
2.017925977706908625e-01,1.883075968015821000e-01
2.051866054534912109e-01,1.971559938056424710e-01
1.975956559181213379e-01,1.947721264781428485e-01
1.975956559181213379e-01,1.902127952632073071e-01
2.050545066595077237e-01,1.880784029851312322e-01
2.050545066595077237e-01,1.903395732871358548e-01
1.966183036565780640e-01,1.922890528097827012e-01
1.954053044319152832e-01,1.880482088848465794e-01
1.954053044319152832e-01,1.829434275977963320e-01
1.642142683267593384e-01,1.825619120585480204e-01
1.642142683267593384e-01,1.749970796679059248e-01
1.847266256809234619e-01,1.668567940103541924e-01
1.668477952480316162e-01,1.750898021391541215e-01
1.668477952480316162e-01,1.758369358929277315e-01
1.522195041179656982e-01,1.673401873643760862e-01
1.522195041179656982e-01,1.636699205615841091e-01
4.099152088165283203e-01,1.594662741622229762e-01
4.086518883705139160e-01,2.831569947896013795e-01
4.086518883705139160e-01,3.901979582281904224e-01
4.332959949970245361e-01,3.833266664206325114e-01
4.332959949970245361e-01,3.837837149193271680e-01
4.238381981849669855e-01,3.840446724618403196e-01
4.020000100135803778e-01,3.832238261640104615e-01
4.020000100135803778e-01,3.648752692732911140e-01
