1.742661595344543457e-01,2.055416950581417657e-01
1.572303026914596558e-01,1.866475620518844303e-01
1.941800117492676059e-01,1.707889988334683473e-01
1.970258951187133512e-01,1.982359399451183168e-01
1.859861761331558505e-01,2.040960281366352436e-01
1.705197989940643033e-01,1.949547509747905361e-01
1.844120919704437256e-01,1.820751044800862639e-01
1.779371052980423251e-01,1.916268168425456775e-01
3.004232645034790039e-01,1.882789634875944862e-01
3.969086110591887873e-01,2.815777597851690794e-01
8.820003867149353027e-01,3.676182114238247256e-01
6.841114759445190430e-01,7.585349752195658102e-01
2.116497457027435580e-01,6.422566184731844929e-01
2.014262527227401733e-01,2.403247082386008870e-01
2.061583995819092074e-01,1.957458972612312054e-01
3.160260915756225586e-01,2.103663034644472629e-01
3.489396274089813232e-01,2.957255362421567502e-01
1.544443815946578979e-01,3.309455033082662201e-01
1.959947794675827026e-01,1.810903365851025404e-01
1.894801408052444180e-01,1.949848742013718939e-01
4.474425017833709162e-01,1.985418052182205406e-01
3.771362304687500555e-01,3.966303838551138994e-01
1.889318972826004028e-01,3.651261812024435560e-01
1.752775162458419522e-01,2.066847777075618564e-01
1.822472065687180121e-01,1.814476445697497109e-01
1.866402029991149902e-01,1.903130224698855177e-01
1.715678423643112183e-01,1.946329267379975358e-01
1.676391065120696744e-01,1.833057030238920693e-01
1.773854047060013095e-01,1.788685534471101679e-01
1.872433423995972235e-01,1.863580087610239022e-01
3.204146027565002441e-01,1.948600187439778475e-01
3.134283721446990967e-01,2.980519927243460709e-01
3.171058297157288153e-01,3.042602346347466624e-01
2.202603369951247891e-01,3.030878597222971815e-01
1.659800857305526733e-01,2.288321034543622789e-01
1.415748745203018188e-01,1.785927475873029524e-01
1.852595061063766479e-01,1.576302970830786299e-01
1.814238876104354858e-01,1.902374242882186872e-01
1.905867606401443481e-01,1.917512152541335224e-01
1.810430586338043213e-01,1.973325051928734586e-01
1.954265981912612915e-01,1.909245583835344762e-01
2.029463946819305142e-01,2.008736667096132633e-01
1.862521618604660034e-01,2.081458440810604604e-01
4.038094580173492432e-01,1.956474714574037432e-01
3.743042349815369207e-01,3.620965768832820619e-01
2.572054266929626465e-01,3.590752606975267103e-01
2.253161966800689420e-01,2.600650430417202341e-01
1.787700653076171875e-01,2.258903767974763388e-01
1.761920750141143799e-01,1.903280701252387241e-01
1.861467957496643066e-01,1.850702011343997033e-01
1.954011768102645874e-01,1.936350761225544004e-01
1.907722949981689176e-01,2.016657675057821619e-01
1.898660957813262939e-01,1.986811203192893616e-01
2.001174986362457275e-01,1.973466949276767857e-01
1.922753006219863892e-01,2.052414262877441942e-01
1.810636967420578003e-01,2.001540159665250174e-01
1.635809391736984530e-01,1.906182506899814499e-01
1.916799396276473999e-01,1.764569171370261313e-01
2.058236002922058105e-01,1.967074589603794443e-01
1.857409924268722812e-01,2.104638025761270681e-01
1.752161234617233276e-01,1.956031294227995876e-01
1.845117062330245972e-01,1.854252929408096995e-01
2.143009155988692682e-01,1.921217436537834833e-01
2.104043960571289062e-01,2.160450430776192920e-01
2.088565975427628119e-01,2.154442116304546295e-01
1.900728046894073209e-01,2.131608322591188598e-01
1.872539073228836337e-01,1.987171988109556753e-01
1.799222826957702359e-01,1.949452629535773085e-01
1.978618204593658170e-01,1.895561621191077240e-01
1.711323857307434082e-01,2.027257641791991583e-01
1.677809953689575195e-01,1.840157128982758683e-01
2.158481031656264981e-01,1.786569346723939355e-01
1.768843084573745450e-01,2.158617073749102000e-01
1.834106147289276123e-01,1.903027387481043553e-01
1.911945044994354526e-01,1.906675906811670651e-01
2.066745012998580655e-01,1.981837581208124588e-01
2.195876985788345337e-01,2.105736354489422812e-01
1.944769918918609342e-01,2.216555128207544634e-01
1.787724494934081754e-01,2.031310131310891665e-01
1.796004772186279574e-01,1.885677253165193579e-01
1.640222966670989990e-01,1.884543182176743326e-01
1.769366562366485596e-01,1.770052266967120647e-01
1.665234863758087158e-01,1.854952198874532110e-01
1.732649058103561124e-01,1.790545840735222882e-01
1.832000017166137418e-01,1.829725477804706735e-01
2.088083624839782715e-01,1.914296573664512613e-01
2.025922685861587247e-01,2.117629367614871361e-01
1.863885968923568726e-01,2.089980105889965578e-01
1.885485500097274780e-01,1.953839164688567220e-01
1.833238750696182529e-01,1.957709144242046617e-01
2.197588831186294278e-01,1.923670123527099207e-01
2.151579260826110840e-01,2.197947265869418521e-01
1.312076449394226074e-01,2.196056204328092065e-01
1.684847325086593628e-01,1.540348855317237309e-01
1.677834987640380859e-01,1.752615938889551805e-01
1.778024435043334961e-01,1.801016608331799662e-01
1.968562752008438388e-01,1.867673674074654955e-01
1.775619983673095148e-01,2.022591568806777207e-01
1.751745045185089389e-01,1.889012935905970136e-01
1.833387613296508789e-01,1.849011539296037676e-01
2.103900015354156772e-01,1.914258082913968539e-01
1.892182081937789917e-01,2.129407503641750354e-01
1.846891939640044888e-01,1.988789586970153567e-01
1.597519963979721069e-01,1.928672884149971734e-01
1.763989776372909546e-01,1.739248922267265796e-01
1.978137493133544922e-01,1.845811937132335601e-01
1.773964017629623136e-01,2.030721473943083444e-01
2.039294093847275058e-01,1.888939239335989118e-01
2.793866395950316828e-01,2.068898523043956883e-01
2.514718174934387207e-01,2.678134397262884603e-01
2.833725214004517157e-01,2.522970377813210097e-01
2.856159806251525879e-01,2.725197467750185010e-01
1.691618561744689664e-01,2.777975657226477435e-01
1.986771523952484131e-01,1.876116083177096217e-01
1.824937760829925260e-01,1.999266967045452426e-01
2.099210023880004883e-01,1.930548314640274377e-01
1.662387549877166748e-01,2.119133623786360054e-01
1.823978126049041193e-01,1.812656762414041334e-01
2.158337980508804876e-01,1.891066497790181711e-01
1.994820386171340942e-01,2.172623257533209951e-01
1.810178905725479126e-01,2.072509348271058816e-01
1.886273920536041260e-01,1.908207058949219770e-01
1.838997006416320801e-01,1.954376346810920151e-01
2.386641800403594971e-01,1.929500892996770245e-01
3.205133974552154541e-01,2.343746406537150218e-01
3.201048076152800959e-01,3.025443687121743830e-01
3.317869901657104492e-01,3.081316089678930448e-01
2.349332422018050870e-01,3.150652600951986404e-01
2.282197028398513516e-01,2.412517640999397583e-01
1.862514019012451172e-01,2.272301305809519556e-01
1.881189942359924594e-01,1.968738782577601765e-01
2.293289005756378451e-01,1.947846487059301801e-01
2.285813987255096436e-01,2.276289027857567038e-01
2.966041862964630127e-01,2.306454099651102929e-01
2.234010547399520874e-01,2.819838252441924653e-01
2.144542932510375977e-01,2.315816670467450988e-01
1.961078941822052002e-01,2.165262941670853258e-01
1.801499277353287021e-01,2.035081552175944941e-01
1.831340938806533536e-01,1.898945490994170260e-01
1.912952065467834195e-01,1.912393691832979525e-01
2.476447969675064087e-01,1.981543533390152101e-01
2.153915017843246182e-01,2.420782972167608849e-01
1.901023983955383578e-01,2.220435717672637199e-01
1.967433989048003873e-01,1.983765661010610526e-01
1.806160062551498413e-01,2.020547950108327884e-01
1.939498037099838534e-01,1.909199522829583828e-01
1.982128173112869540e-01,1.995491882632547120e-01
1.926424354314804077e-01,2.043962947271919517e-01
1.697379499673843384e-01,2.001649986878679954e-01
1.767573058605194092e-01,1.820311679019361584e-01
1.786662638187408170e-01,1.855315986173473874e-01
1.912915557622909268e-01,1.881846857064337630e-01
1.682408750057220459e-01,1.978442475460119032e-01
1.219834238290786743e-01,1.812588970833833024e-01
1.387385427951812744e-01,1.436198012751143116e-01
1.894755959510803223e-01,1.529257765150638937e-01
1.874510943889617920e-01,1.943240006043997214e-01
2.440665513277053833e-01,1.968096127401290640e-01
2.219963967800140381e-01,2.388235934921009995e-01
1.947617977857589444e-01,2.269008598146819156e-01
1.859644204378128052e-01,2.026189705183343570e-01
1.870556026697158536e-01,1.940388595957878715e-01
2.049419134855270386e-01,1.947871877464479040e-01
3.850685060024261475e-01,2.088155309101689117e-01
3.382981419563292902e-01,3.495840121511342713e-01
2.311079055070877075e-01,3.288891908541192177e-01
1.962449550628661832e-01,2.372387678776072262e-01
1.784480065107345581e-01,2.021837958191162465e-01
1.857410371303558627e-01,1.881848556462453192e-01
1.818749755620956698e-01,1.930826471106651676e-01
1.790819615125656128e-01,1.912108002296088738e-01
1.867637038230895719e-01,1.885495846317686852e-01
3.074838817119598389e-01,1.942832948251146663e-01
2.563236057758331299e-01,2.879581740775184473e-01
3.016590476036071777e-01,2.589651769563679484e-01
3.871228992938994806e-01,2.863708869120426548e-01
2.734268903732300360e-01,3.580848922427152248e-01
1.934034079313278476e-01,2.763262805514745679e-01
1.849085837602615912e-01,2.024996388360667532e-01
2.682054042816162109e-01,1.918167625179879321e-01
2.072546035051345548e-01,2.570939811985360479e-01
1.928880363702774048e-01,2.177683917471973374e-01
1.899161785840987882e-01,1.992779491156704275e-01
1.885657012462616244e-01,1.972725389641404037e-01
1.931996941566467563e-01,1.963384462798014596e-01
1.296745538711548129e-01,1.998453367013115767e-01
1.567745953798294067e-01,1.517280264965467085e-01
2.412368059158324918e-01,1.667331862621530547e-01
4.479171633720397949e-01,2.354495744029396487e-01
7.546014785766600452e-01,4.026838634508280168e-01
6.383669972419738770e-01,6.623880935349261145e-01
3.489852249622344971e-01,5.925029014292911844e-01
3.183498978614807129e-01,3.458498953236894824e-01
2.614668905735015869e-01,2.991188657455193245e-01
2.569813728332519531e-01,2.597789660575907655e-01
2.274889498949050903e-01,2.520546425875920260e-01
1.593737602233886719e-01,2.303927447469843459e-01
2.165970057249068659e-01,1.756857616252881227e-01
2.079710960388183871e-01,2.142736501467879806e-01
1.930765211582184115e-01,2.144132138090016626e-01
2.153376042842864990e-01,2.007853772099386647e-01
5.549836754798889160e-01,2.167688392317957125e-01
5.099799633026123047e-01,4.835026933852500375e-01
2.535916566848754883e-01,4.784189866265272650e-01
1.850019842386245450e-01,2.654908564172012153e-01
1.727939993143081387e-01,1.912278487834290219e-01
1.761609017848968506e-01,1.823067093206729161e-01
1.905422955751419345e-01,1.855355580576820984e-01
1.684180349111557007e-01,1.971497783211558219e-01
1.689333617687225342e-01,1.813916467121264864e-01
1.980420649051666537e-01,1.794839721126281207e-01
1.612316220998764038e-01,2.023720879195050892e-01
1.442013978958130160e-01,1.767357469039686491e-01
1.259213238954544067e-01,1.597755995111370397e-01
1.400409787893295288e-01,1.452734267125630752e-01
1.946723610162734708e-01,1.548648264405501629e-01
1.781254708766936978e-01,1.983201820854265940e-01
1.895092576742171964e-01,1.900911395063771825e-01
2.166133970022201261e-01,1.959800823888965815e-01
1.696722060441970548e-01,2.181876079139903890e-01
2.109026014804839810e-01,1.843032089845770549e-01
2.371999472379684448e-01,2.110850401817983835e-01
1.463003754615783414e-01,2.361136812607368130e-01
4.047906100749969482e-01,1.677041739018115540e-01
3.577617108821868896e-01,3.583958440466844531e-01
2.219824343919754028e-01,3.473021833221333621e-01
2.553716301918030340e-01,2.314399744587560814e-01
2.273367345333099365e-01,2.463202272882482335e-01
1.758806854486465454e-01,2.311321130658448020e-01
2.118712961673736850e-01,1.883397040103374220e-01
1.948491036891937256e-01,2.121045460823842432e-01
1.590297073125839233e-01,2.035135282142652713e-01
1.815824955701828280e-01,1.736944441011863127e-01
2.216224968433380127e-01,1.882288625401051241e-01
1.570345163345336914e-01,2.218183347863063315e-01
2.048864960670471191e-01,1.752769585436077249e-01
1.417246013879776001e-01,2.052320089312603957e-01
1.926406770944595614e-01,1.627324806831547122e-01
2.252101451158524115e-01,1.949233077641992773e-01
1.820016801357269287e-01,2.259879304348734463e-01
1.686857044696807861e-01,1.944185817999589394e-01
2.045876085758208673e-01,1.796146855248421659e-01
1.815108954906463901e-01,2.070267552791115739e-01
2.036586105823516846e-01,1.928334203894261356e-01
1.731049269437789917e-01,2.068734842952106856e-01
1.787570714950561523e-01,1.859939019788736936e-01
1.665375530719757080e-01,1.870803549317461845e-01
1.929849982261657437e-01,1.789967328644388456e-01
1.356869190931320190e-01,1.980252713559999544e-01
1.972582042217254639e-01,1.568459879009040936e-01
1.961945891380310059e-01,1.982296588586452968e-01
2.692976891994476318e-01,2.042726616011520668e-01
2.406771630048752109e-01,2.588384989104428047e-01
3.281686902046204168e-01,2.432828454293635700e-01
2.625965774059296209e-01,3.064767912351692436e-01
1.727855503559112271e-01,2.642720454266314634e-01
2.426082938909530362e-01,1.872367288451731726e-01
2.097309380769729892e-01,2.345556249500982682e-01
1.691226661205291470e-01,2.177188325453353612e-01
1.770704984664917270e-01,1.819439554741454357e-01
1.755136996507644653e-01,1.852875810599108330e-01
1.939594447612762451e-01,1.858149713497158351e-01
2.223779261112213135e-01,1.996035536392908039e-01
1.937792897224426825e-01,2.230738162437838623e-01
1.706998199224472046e-01,2.031621062711753967e-01
2.422726899385452271e-01,1.822592754077591304e-01
2.456458657979964932e-01,2.358541932386294948e-01
2.152034044265747070e-01,2.453638434542886326e-01
2.623189091682434082e-01,2.204348160925382327e-01
3.426670730113983154e-01,2.539141818283912055e-01
2.930460572242736816e-01,3.210374890626473965e-01
2.535850703716278076e-01,2.885438011218104393e-01
2.274277955293655396e-01,2.516181735466780922e-01
1.842167228460311890e-01,2.292472969265350047e-01
1.641370058059692383e-01,1.947758894142386232e-01
2.186074256896972656e-01,1.762755106026320795e-01
2.313981950283050260e-01,2.173287396782784542e-01
2.503419816493988037e-01,2.324713983665193384e-01
2.445873767137527466e-01,2.468044390715856684e-01
2.327843457460403720e-01,2.437246720071282180e-01
2.558321058750153143e-01,2.336519038078904709e-01
2.179704755544662476e-01,2.504985143651619617e-01
2.834362983703612726e-01,2.236992874277148047e-01
5.718095898628234863e-01,2.701930878895423827e-01
5.010549426078796387e-01,5.023488331031437104e-01
2.063424885272980014e-01,4.711427161494170512e-01
2.198818922042846680e-01,2.278620603546560042e-01
2.567627131938934326e-01,2.140339744633674435e-01
1.991674900054931918e-01,2.510427962330213369e-01
1.796395033597946167e-01,2.096687547853290645e-01
1.522479057312011441e-01,1.887082475908069823e-01
1.826220005750656128e-01,1.675001627562584805e-01
1.689846664667129517e-01,1.888117795265820964e-01
1.901344954967498779e-01,1.817313833703230741e-01
1.587713211774826050e-01,1.959591807092037619e-01
3.365317881107330322e-01,1.741607246582796142e-01
2.839955985546112061e-01,3.076759456433837414e-01
1.813106983900070190e-01,2.836337629971095176e-01
2.357428967952728549e-01,1.954353297968912384e-01
2.266699969768523892e-01,2.294878789118243723e-01
2.176461517810821533e-01,2.299143172483562592e-01
2.445257008075714111e-01,2.208023481153829071e-01
2.140260040760040561e-01,2.409047358736475519e-01
4.906117916107177734e-01,2.200536230728792064e-01
3.368788957595825195e-01,4.314107582924790463e-01
1.897923052310943881e-01,3.370146284552181792e-01
3.753999471664429266e-01,2.027108366540698592e-01
3.568296134471892755e-01,3.368656037865204178e-01
1.710169017314910889e-01,3.428222967199345272e-01
1.877582967281341553e-01,1.929774186880606757e-01
2.173696309328079224e-01,1.899353043505797589e-01
2.206149846315383634e-01,2.187935168130077379e-01
2.409625947475433072e-01,2.234750952520952738e-01
2.214455157518387118e-01,2.386601471851766409e-01
1.875694990158081055e-01,2.253650051295718049e-01
2.020407021045684814e-01,1.971363437156473108e-01
1.875655949115752896e-01,2.057408915439534469e-01
1.922361850738525113e-01,1.967719551493614660e-01
2.296049296855926514e-01,1.987136019296114886e-01
2.739968001842498779e-01,2.281712521377929903e-01
2.319672256708145142e-01,2.655541181301113163e-01
2.075911909341812134e-01,2.361475178990380119e-01
3.036424219608306885e-01,2.125832712358725063e-01
3.383783698081970215e-01,2.854925819465505832e-01
3.199611008167266846e-01,3.215968782760270095e-01
3.591096997261047363e-01,3.079557935830301019e-01
3.135047256946564276e-01,3.358169520525776663e-01
2.517339885234832764e-01,3.043846455539873652e-01
2.257324606180191318e-01,2.515874079149921783e-01
1.833177059888839999e-01,2.272633815236985155e-01
2.443349212408065518e-01,1.939848499695410178e-01
1.904003769159317017e-01,2.377470762922640479e-01
1.802364736795425137e-01,2.027720379940460560e-01
1.564234346151351929e-01,1.887079698636776326e-01
1.534039974212646484e-01,1.709617790501219980e-01
1.766731888055801392e-01,1.668256136217394214e-01
1.556300967931747437e-01,1.849447574721177490e-01
1.889611035585403165e-01,1.709722695261713110e-01
1.759144961833954135e-01,1.940368675976803792e-01
1.905056983232498447e-01,1.875048517300241802e-01
1.891844570636749268e-01,1.966929334490833403e-01
2.012605071067810059e-01,1.972917916023255724e-01
1.980962008237838468e-01,2.060647001740997519e-01
1.744651794433594028e-01,2.047341868759982586e-01
1.666028350591659546e-01,1.860498485296488425e-01
1.785626411437988559e-01,1.780424531346546102e-01
2.162254005670547485e-01,1.870950874928381802e-01
1.954402029514312467e-01,2.172158068861293756e-01
1.996463239192962369e-01,2.042823259977742945e-01
1.873520165681839267e-01,2.047289969457699588e-01
2.032908946275711060e-01,1.961996342522137060e-01
2.073840051889420111e-01,2.072301499851705864e-01
1.647335141897201538e-01,2.120840269170591874e-01
2.097074985504150391e-01,1.793692387129171006e-01
2.250059992074966431e-01,2.099661001284928441e-01
2.478968948125839233e-01,2.267555179946315336e-01
2.200151830911636630e-01,2.445810592856771937e-01
2.001868933439254761e-01,2.247668160099383916e-01
1.719795018434524536e-01,2.065080895470906008e-01
2.091183662414550781e-01,1.838598364701059529e-01
2.345576137304306030e-01,2.103335639979125316e-01
2.321032136678696234e-01,2.338648213845673507e-01
2.362180352210998535e-01,2.332846898707595096e-01
1.746149510145187100e-01,2.355896212680479163e-01
1.927646994590759555e-01,1.887361531207175369e-01
1.902115345001220703e-01,1.971194711055556659e-01
1.870438009500503540e-01,1.983101023637965921e-01
1.348650753498077393e-01,1.952016572080252088e-01
1.943633109331131259e-01,1.551066083408503271e-01
2.312179952859878818e-01,1.960893264784673018e-01
3.674222230911254883e-01,2.309321571353425417e-01
4.052526056766510010e-01,3.380219742163037555e-01
2.675450444221497137e-01,3.787900725332736807e-01
2.505743205547332764e-01,2.717211752484082199e-01
2.333147972822189053e-01,2.454548922747295803e-01
1.702336072921752930e-01,2.341538085769719058e-01
2.178041040897369385e-01,1.846634088798207174e-01
2.151906937360763550e-01,2.160098590486028980e-01
1.993511021137237271e-01,2.197890759659617832e-01
2.202302068471908847e-01,2.062010580968406115e-01
2.307367920875549316e-01,2.208970232086795160e-01
1.803357303142547607e-01,2.312151788763832094e-01
1.888285428285598755e-01,1.929337372738118561e-01
1.690454930067062100e-01,1.947449657116044897e-01
1.963465064764022827e-01,1.816162921753951554e-01
1.642222702503204623e-01,2.005680114463182784e-01
2.183381021022796631e-01,1.788708185983427790e-01
1.817457973957061490e-01,2.168232536621949591e-01
1.796555072069168091e-01,1.943341438240991648e-01
1.700639575719833096e-01,1.881572913251877699e-01
1.770231574773788730e-01,1.815551783905252625e-01
1.864347159862518588e-01,1.860902171949978534e-01
1.785273402929306030e-01,1.941477828662066252e-01
1.158849000930785994e-01,1.887447299827411107e-01
1.570463031530380249e-01,1.399946993516374694e-01
1.788239777088165283e-01,1.661020885267272817e-01
2.961472272872924805e-01,1.879299769704621537e-01
2.756402194499968927e-01,2.790478637539576257e-01
3.272587060928344727e-01,2.730726593225109022e-01
2.612319886684417725e-01,3.082052292464302901e-01
1.807138323783874512e-01,2.622500584111357447e-01
2.054681032896041870e-01,1.932100681952633181e-01
2.013643831014632901e-01,2.067631671437722418e-01
2.207290083169936856e-01,2.078246640663654332e-01
2.160932719707489014e-01,2.217033340495969118e-01
1.806241124868393222e-01,2.199539021005450790e-01
1.964215040206908625e-01,1.918552704052836066e-01
2.367069572210312167e-01,2.009567672505886970e-01
1.872550845146179199e-01,2.341777249543496309e-01
1.886087059974670688e-01,1.993595072476088692e-01
1.932464987039566040e-01,1.950343065798568754e-01
2.095063477754592896e-01,1.999520317128740676e-01
4.529328942298888605e-01,2.127962957378771447e-01
4.101786911487578791e-01,4.028029052078507810e-01
2.743109166622161865e-01,3.909133106280762715e-01
3.030085861682891846e-01,2.752135206109028176e-01
2.769187986850738525e-01,2.864014729513540969e-01
3.595731556415557861e-01,2.722418188649151083e-01
3.149650990962982178e-01,3.332286283260946225e-01
2.099061757326126099e-01,3.066569200420596886e-01
2.169338017702102661e-01,2.195195330762599317e-01
2.144929021596908847e-01,2.167772458016215265e-01
2.086919993162155151e-01,2.181743985091440519e-01
1.932131946086883545e-01,2.133282826720151459e-01
1.841152161359787265e-01,2.010065615057434751e-01
1.946409046649932861e-01,1.928214452260799405e-01
1.737543940544128418e-01,2.004754676260741830e-01
2.000912129878997803e-01,1.856338209009406048e-01
1.927433013916016180e-01,2.037061911742219511e-01
2.095497995615005216e-01,2.009163916232837854e-01
1.882844567298888883e-01,2.124955694513419868e-01
1.948222815990447998e-01,1.978526300479295785e-01
1.811457574367523193e-01,2.005695465334852989e-01
2.015465050935744962e-01,1.912025692925083675e-01
2.141288071870804111e-01,2.054677820211558426e-01
2.533474564552307129e-01,2.172645445008158649e-01
3.017286956310272217e-01,2.480235812634044024e-01
3.397559225559234619e-01,2.885373471190215144e-01
2.594402134418487549e-01,3.213248169500906304e-01
1.857970058917999545e-01,2.613141490827387003e-01
2.045923024415969571e-01,1.966319687036526265e-01
2.008861005306243896e-01,2.065839974784835775e-01
2.171941995620727539e-01,2.072524916606867107e-01
2.023674994707107544e-01,2.189682110742770804e-01
1.969362944364548007e-01,2.091179019185249732e-01
2.066201269626617154e-01,2.032362205771337804e-01
2.307016998529434482e-01,2.105593213310067435e-01
2.136748582124710083e-01,2.300473607069560000e-01
2.210098206996917447e-01,2.188431568499355495e-01
2.026610970497131625e-01,2.223674524822489840e-01
1.918098330497741422e-01,2.093565934901116810e-01
1.860962957143784124e-01,1.992363978835103300e-01
2.998737990856171209e-01,1.943671966708069854e-01
2.435151785612106601e-01,2.816898492783697638e-01
1.675205081701278687e-01,2.484322707980680667e-01
1.851512044668197632e-01,1.822438823673539765e-01
1.983390152454375943e-01,1.904818967773309335e-01
2.147694528102874478e-01,2.040490142114441685e-01
2.744570672512054443e-01,2.173725922352228723e-01
2.071107774972915927e-01,2.644382262268797357e-01
1.965135931968688965e-01,2.174551464474191176e-01
2.025545984506606778e-01,2.018866503583007233e-01
1.973968744277953824e-01,2.072836158221152969e-01
2.371928393840789517e-01,2.041270696650496763e-01
2.096156179904937467e-01,2.340827399172750178e-01
2.188799381256103238e-01,2.165312189087283679e-01
2.991323173046112061e-01,2.202093513620398679e-01
3.703671991825103760e-01,2.835777445831608734e-01
2.537753880023956299e-01,3.457705323111945339e-01
2.583504617214202881e-01,2.597259858005395716e-01
1.964800357818603516e-01,2.511102358246977140e-01
2.233009040355682373e-01,2.068920001505877293e-01
2.084790617227554599e-01,2.219125727350799437e-01
2.063921540975570679e-01,2.144572281101164157e-01
1.907173544168472290e-01,2.108728975104343928e-01
2.108760029077530185e-01,1.990429211280959620e-01
1.988846510648727417e-01,2.131759281559883479e-01
2.070428282022476196e-01,2.061464798498294504e-01
4.495427012443543591e-01,2.108406030613160231e-01
3.919491171836853027e-01,3.997825182561091650e-01
2.748836874961853027e-01,3.764246204323053457e-01
2.935220301151276190e-01,2.741210272700128625e-01
3.063029944896697998e-01,2.795808115281386286e-01
2.236190885305404663e-01,2.941068772554905619e-01
1.970064640045165738e-01,2.309638196567035950e-01
2.222929000854491910e-01,2.029145972371594053e-01
2.129120975732803622e-01,2.220618718054553631e-01
2.111652940511703491e-01,2.177587012436389413e-01
1.949672847986221313e-01,2.149522370588799747e-01
2.242754995822906494e-01,2.026086214548353248e-01
1.880159825086593350e-01,2.237198472933775717e-01
1.927028000354766846e-01,1.988858410572504620e-01
2.494726628065109253e-01,1.985507459683380771e-01
1.843072175979614535e-01,2.434864350102298458e-01
1.958325058221817017e-01,1.983169187620305030e-01
1.885980367660522738e-01,1.999884322514371704e-01
1.893583983182907104e-01,1.970993775454860653e-01
1.822073012590408603e-01,1.967557332981571538e-01
1.796488463878631592e-01,1.915275466252668035e-01
2.041255980730056763e-01,1.889216842541409092e-01
1.950753927230834961e-01,2.076321008146748415e-01
1.940153539180755893e-01,2.029104896627383359e-01
2.428829520940780917e-01,2.006849611212269957e-01
2.461629658937454224e-01,2.383511416944960604e-01
2.234285175800323486e-01,2.452252200287147743e-01
2.169086933135986328e-01,2.267854031734843345e-01
1.911730021238327026e-01,2.196868528286836653e-01
1.682610064744949341e-01,1.999404199307743546e-01
1.789516657590866366e-01,1.803028012434728655e-01
2.044772058725357056e-01,1.871181237943749243e-01
2.032073587179183960e-01,2.081921567165896381e-01
2.234009951353073120e-01,2.091956766530036760e-01
2.588768005371093750e-01,2.239438307653148774e-01
2.280115038156508844e-01,2.530633312552104108e-01
1.634968966245651245e-01,2.319248807814884017e-01
1.859123855829238892e-01,1.788363043083024129e-01
1.785075962543487549e-01,1.911013446917891878e-01
2.542034089565277100e-01,1.890240822607995586e-01
2.264477610588073730e-01,2.459271340318677224e-01
2.390624135732651312e-01,2.314450720660682914e-01
2.384739071130753119e-01,2.367811710074718967e-01
2.205873429775238037e-01,2.381459372565261912e-01
2.239636480808258334e-01,2.240196337574471008e-01
1.944653987884521207e-01,2.250506493470946501e-01
1.634901016950607300e-01,2.031565315165523022e-01
1.773174256086349487e-01,1.767663952485539480e-01
1.831925064325332364e-01,1.853660889763920905e-01
1.608350872993469238e-01,1.918562062940951662e-01
1.789468824863433838e-01,1.749203523803434801e-01
1.762941032648086548e-01,1.866634262900944696e-01
1.918971985578536987e-01,1.867853224656866318e-01
2.467120736837387363e-01,1.980446241288177645e-01
2.420776039361953180e-01,2.415867164122966482e-01
1.608465462923049927e-01,2.424716029236794190e-01
1.673102676868438443e-01,1.783490977988717585e-01
1.848126053810119906e-01,1.762849929613909961e-01
1.993591934442519864e-01,1.922843191957579467e-01
1.895201951265335083e-01,2.048067634281917904e-01
2.444770485162734985e-01,1.981032766299319070e-01
2.282528877258301059e-01,2.390721766921863889e-01
2.107089906930923739e-01,2.316954409063878839e-01
1.978048980236053189e-01,2.153940555128780743e-01
2.733131051063537598e-01,2.043574735149041588e-01
2.398502230644225797e-01,2.617370806657621785e-01
1.646265089511871338e-01,2.429605946526572913e-01
1.715828478336334229e-01,1.803760571431760884e-01
2.350890487432480136e-01,1.799387345009094419e-01
2.251530140638351440e-01,2.311445468729094455e-01
2.331852018833160400e-01,2.289362105616891407e-01
2.020958065986633301e-01,2.326290328464194201e-01
1.881015300750732422e-01,2.097056910270045926e-01
2.234034091234207153e-01,1.960387369641905797e-01
2.418016940355300903e-01,2.226733479266433113e-01
2.017266303300857266e-01,2.402936386242422728e-01
1.667926013469696045e-01,2.102255626037917713e-01
1.766120344400405884e-01,1.794800407959451782e-01
2.151339054107666016e-01,1.849335883023079941e-01
2.899451851844788153e-01,2.162010999665218147e-01
2.927406132221221924e-01,2.769831276684875943e-01
2.598164081573486328e-01,2.848157306196822391e-01
2.179778963327408114e-01,2.577325984686948956e-01
2.050486057996749878e-01,2.225418181180215949e-01
2.061820030212402344e-01,2.097575894713213651e-01
1.988296955823898593e-01,2.105437954677628065e-01
2.033157944679260809e-01,2.053298398587765639e-01
2.031327337026596347e-01,2.080947996720516613e-01
2.340615987777710238e-01,2.085347627624216105e-01
2.308412343263625821e-01,2.321617522468901462e-01
1.903560012578963956e-01,2.324216239479280632e-01
2.246207594871520996e-01,2.002718796950228586e-01
1.986407041549682617e-01,2.230812658863139675e-01
1.930263042449951172e-01,2.071785303725832139e-01
1.897509992122649869e-01,1.997241619658826906e-01
1.858561486005783081e-01,1.973750687561829920e-01
1.667204946279525757e-01,1.942449019750323302e-01
1.936000734567642767e-01,1.793408623587385564e-01
2.083924710750580112e-01,1.983338311396618814e-01
1.796658039093017578e-01,2.125249625355269123e-01
2.010916024446487427e-01,1.911276706251478774e-01
1.947717964649200439e-01,2.046466737352179988e-01
1.828583031892776489e-01,2.024103807404686595e-01
1.527018994092941284e-01,1.921871416613886163e-01
1.696159988641738892e-01,1.682389872731853697e-01
1.580465734004974365e-01,1.788211113372432659e-01
1.731242984533310214e-01,1.722179410189610127e-01
2.204860746860503873e-01,1.823054575763694563e-01
2.816658914089202881e-01,2.202244497955521130e-01
3.555045723915100098e-01,2.711514206195020371e-01
3.495651185512542725e-01,3.326046327016345394e-01
2.400473654270172119e-01,3.330331043036408034e-01
1.843069046735763550e-01,2.458680785349244557e-01
1.679867953062057495e-01,1.935387990775600253e-01
2.073428332805633267e-01,1.789096752716265171e-01
3.016481101512908936e-01,2.090204589439248195e-01
2.592641115188598633e-01,2.855572728774167235e-01
2.050412595272063931e-01,2.601933957053966240e-01
2.621370851993560791e-01,2.123339782729181113e-01
2.543610632419586182e-01,2.525287476147278776e-01
2.424586564302444458e-01,2.529675677285650459e-01
2.463154047727585116e-01,2.416625943978344682e-01
2.683678865432739258e-01,2.437761576215534132e-01
2.536134123802185059e-01,2.614173344214734684e-01
2.511056959629058838e-01,2.518964671853416992e-01
2.355776131153106967e-01,2.480982585845245003e-01
2.014831006526947021e-01,2.362942414523419299e-01
1.968656927347183505e-01,2.087917488488737761e-01
1.675257831811904907e-01,2.026410299822529182e-01
2.163158357143402100e-01,1.806274698295696757e-01
1.841740161180495938e-01,2.155487192353116310e-01
2.706716060638427734e-01,1.959333196080070283e-01
3.321622908115386963e-01,2.583492558428646668e-01
3.424106836318969727e-01,3.144249331444846640e-01
3.334882259368896484e-01,3.256652890493462182e-01
2.241699099540710449e-01,3.180812505406317436e-01
2.127934992313385010e-01,2.325540390044158190e-01
2.643494009971619207e-01,2.143884994818694156e-01
2.339650541543960849e-01,2.558107638718365440e-01
2.242033332586288452e-01,2.372574743645404216e-01
1.966407001018524170e-01,2.257616294627331488e-01
2.213913053274154663e-01,2.045083817635240664e-01
1.992403119802474976e-01,2.213222587083681636e-01
1.901159286499023438e-01,2.071956170551156051e-01
2.000212967395782748e-01,1.976280120906902804e-01
1.881960034370422363e-01,2.049761661941321977e-01
2.257640063762665072e-01,1.970132911301640255e-01
1.905837059020996094e-01,2.245478490200032706e-01
2.126784026622772217e-01,2.011554575260162681e-01
1.995152980089188177e-01,2.140587085772339415e-01
2.036905288696289340e-01,2.067922049824176545e-01
1.914628148078918457e-01,2.082787849321787454e-01
2.602671086788176935e-01,1.996024456799572466e-01
2.410915046930313388e-01,2.512943684616503193e-01
2.060085982084274570e-01,2.429226576838517948e-01
1.719783544540405273e-01,2.125189879790228276e-01
1.694041937589645386e-01,1.838400253464858025e-01
1.943304240703582764e-01,1.797675899152410828e-01
2.030708640813827515e-01,1.994789826599670524e-01
2.182700932025909146e-01,2.084383836662709877e-01
2.044367194175719937e-01,2.202463544573207144e-01
2.417660057544708807e-01,2.107451862845124702e-01
2.201220840215682983e-01,2.378255530240496463e-01
2.470148950815201083e-01,2.248277220392048137e-01
2.453936934471130094e-01,2.426577768628664367e-01
2.149323076009750366e-01,2.443368879014625183e-01
1.983320713043212891e-01,2.200845556875140607e-01
2.150899022817611972e-01,2.047013512747031805e-01
1.953707039356231689e-01,2.168661197195740353e-01
2.273865938186644953e-01,2.036307285876418072e-01
1.765360683202743530e-01,2.260470019581623802e-01
3.349621891975402832e-01,1.903554011527108236e-01
3.057914972305297852e-01,3.070922843939186686e-01
2.043210864067077914e-01,2.999135070904708766e-01
2.639636099338531494e-01,2.150422834636928904e-01
2.840686142444610596e-01,2.526932567025789167e-01
2.565046846866608221e-01,2.760761103492191393e-01
1.598615348339080811e-01,2.550690889808811535e-01
1.780257374048233032e-01,1.779230619691404558e-01
1.990472823381423950e-01,1.840301592019862043e-01
1.883261650800704956e-01,2.041582377508878166e-01
1.916811913251876831e-01,1.973319035545614830e-01
2.216559946537017545e-01,1.984305886917422934e-01
2.184751033782958707e-01,2.219944991488979891e-01
2.504481077194213867e-01,2.221099908345045004e-01
2.391991466283798495e-01,2.456652790627065763e-01
2.403284162282944003e-01,2.399128340009827887e-01
2.023217231035232822e-01,2.389777611114921041e-01
2.085203975439071933e-01,2.101539330511778270e-01
1.989800930023193359e-01,2.115341407279021091e-01
1.943044960498809537e-01,2.057197385233387743e-01
2.246519029140472412e-01,2.011392835070422158e-01
1.838601976633071899e-01,2.242585020438369325e-01
1.995205432176589966e-01,1.957513280788511778e-01
1.920076012611389160e-01,2.034013530701679617e-01
1.980955004692077637e-01,2.000476663190005888e-01
1.925842463970184604e-01,2.036589257904977412e-01
1.921776980161666870e-01,2.001590171072800128e-01
1.978288739919662476e-01,1.992094247084371661e-01
1.929751932621002752e-01,2.036442960680049374e-01
1.773243993520736694e-01,2.004309194506379566e-01
1.786402463912963867e-01,1.878748194735762045e-01
1.924515962600708008e-01,1.876300217761840694e-01
2.029816657304764072e-01,1.987165527183553382e-01
1.996106952428817471e-01,2.079715954980338455e-01
3.492729067802428644e-01,2.059647068729132668e-01
3.246645033359528143e-01,3.208745513839932895e-01
2.013491839170455933e-01,3.152355560994086758e-01
2.082609981298446655e-01,2.140638662132223480e-01
1.967180371284484863e-01,2.091228976409999496e-01
1.683970987796783170e-01,2.039868131908370019e-01
1.571273952722549438e-01,1.811105745784373500e-01
2.034381031990051547e-01,1.703040678210416270e-01
1.713397651910782415e-01,2.054712002914974023e-01
1.448902040719985962e-01,1.852370823193201232e-01
1.324006021022796631e-01,1.610499717719380830e-01
1.390763670206069946e-01,1.500174919512400618e-01
1.872349977493286133e-01,1.546780958544122231e-01
1.901565045118331909e-01,1.923755841165379066e-01
2.105930447578430453e-01,1.986770873723190112e-01
1.981692165136337003e-01,2.133927881494359913e-01
2.313299924135208130e-01,2.055870322425790431e-01
2.672828137874603271e-01,2.294389472699297494e-01
2.939947843551635742e-01,2.603757980241795389e-01
2.432340085506438931e-01,2.833569842836321517e-01
2.186183035373688022e-01,2.456369607923736265e-01
1.907453685998916626e-01,2.215390738315237140e-01
2.226422727108001431e-01,1.992641456505807596e-01
2.214518934488296509e-01,2.219043986321052875e-01
2.097374200820922852e-01,2.245079641425593020e-01
2.342368513345718384e-01,2.145998916229459597e-01
2.170636057853698730e-01,2.324211249972311655e-01
2.086910158395767212e-01,2.216792561902342085e-01
2.222295254468917569e-01,2.131174023624737013e-01
2.129457294940948764e-01,2.232094605379813246e-01
1.835393011569976807e-01,2.174838845764010820e-01
1.875299960374831876e-01,1.937734804702849478e-01
1.938352584838866910e-01,1.944796817199450079e-01
1.942632943391799927e-01,2.004020247065311233e-01
1.873460412025452215e-01,2.011840848366221179e-01
1.905569285154342651e-01,1.957623231581846202e-01
1.832018047571182529e-01,1.976034683949497439e-01
1.902956068515777588e-01,1.924258705524194424e-01
1.891089975833892822e-01,1.971323003913902916e-01
1.819614022970199863e-01,1.970319675409550053e-01
2.226949036121368408e-01,1.912746362443168147e-01
2.009170949459075928e-01,2.219156299192605875e-01
1.943915784358978271e-01,2.089669687187807046e-01
1.960569024085998535e-01,2.010192760332146222e-01
2.074400931596755704e-01,2.022705659679332468e-01
2.000678032636642178e-01,2.113122654093460839e-01
1.849348992109298984e-01,2.066168185134408530e-01
1.914010494947433472e-01,1.940830045161010264e-01
2.055577039718627930e-01,1.978920921324875404e-01
2.256706357002258856e-01,2.096965120236040925e-01
1.874290108680725098e-01,2.262259134841000385e-01
1.931275576353073120e-01,1.982919278619232617e-01
1.810770928859710693e-01,1.987894866117090598e-01
4.604647159576415461e-01,1.910226622437322386e-01
4.378605186939240057e-01,4.061346147547690300e-01
2.273572981357574463e-01,4.140026435743868749e-01
1.984222531318664828e-01,2.412566382397339781e-01
1.805235445499419888e-01,2.010161991663763914e-01
2.088513970375060758e-01,1.900592143625495778e-01
2.000157982110976618e-01,2.109255468375799136e-01
1.736753731966018677e-01,2.070928904804846538e-01
1.996680051088333130e-01,1.854230748603578061e-01
1.754488945007324496e-01,2.032393236898355771e-01
2.094203978776932318e-01,1.876345569366677513e-01
1.724482625722885132e-01,2.108838591443008559e-01
1.713635921478271484e-01,1.861496750873914141e-01
1.702087521553039273e-01,1.812215076509698930e-01
1.938814073801040649e-01,1.811723195992270552e-01
1.973596364259720126e-01,1.992211123445506993e-01
1.518772840499877930e-01,2.039984535684775113e-01
1.766516566276550571e-01,1.689013991387885161e-01
2.368807047605514526e-01,1.837651457942562072e-01
2.842651307582855225e-01,2.332925295295646961e-01
3.393641114234924316e-01,2.745254152720366658e-01
2.359429746866226751e-01,3.198806475335055910e-01
1.933852136135101318e-01,2.436079398573932353e-01
2.076206952333450595e-01,2.003902321529084929e-01
2.094228416681289118e-01,2.101674172410079033e-01
2.029076218605041226e-01,2.138780363934420226e-01
1.853289008140564242e-01,2.086780722949020672e-01
1.824795007705688477e-01,1.945844338900613868e-01
1.910450011491775513e-01,1.910219345026110127e-01
1.942836940288543979e-01,1.977746485733183068e-01
1.863520592451096136e-01,2.010815728354015675e-01
2.061766982078551969e-01,1.950729546347138021e-01
2.036442905664443970e-01,2.094910264943420641e-01
2.072980999946594516e-01,2.094938633681917017e-01
2.047239691019058505e-01,2.115742453331365680e-01
1.948221027851104736e-01,2.099847691224507040e-01
2.063589692115784247e-01,2.020721089728636510e-01
1.980886012315750122e-01,2.101133225823778594e-01
1.967703551054000854e-01,2.050349218468941748e-01
1.704124957323074618e-01,2.030056117452234687e-01
1.620960831642150879e-01,1.829124529130787546e-01
2.152855992317200262e-01,1.742756566886698444e-01
2.017627954483031949e-01,2.149472398089332381e-01
1.994546651840210238e-01,2.094644546211083536e-01
1.885830014944076538e-01,2.051621056778963892e-01
1.777306050062179565e-01,1.969666617742662773e-01
1.696542352437973022e-01,1.877592128390905279e-01
1.783816069364547729e-01,1.809011359771639238e-01
1.979020982980727872e-01,1.871422380512221817e-01
1.862878054380416870e-01,2.030646913937659837e-01
1.901234537363052646e-01,1.956606249701749456e-01
1.885761320590972900e-01,1.970866866489930924e-01
1.887152642011642456e-01,1.965308673896041525e-01
2.029483020305633267e-01,1.964048608258572581e-01
1.938583850860596258e-01,2.073665253522938012e-01
1.934503465890884122e-01,2.016454338802350088e-01
1.718572974205017090e-01,2.001745470854500164e-01
1.934519559144973477e-01,1.838327900314997432e-01
1.987380981445312778e-01,1.984806095558639127e-01
1.829220354557037631e-01,2.049760891283689823e-01
1.987580806016921997e-01,1.927766944197673860e-01
1.991298943758010864e-01,2.033873243524416674e-01
1.960126012563705167e-01,2.054645272962964120e-01
1.811666339635848999e-01,2.027078496802358631e-01
2.228865027427673617e-01,1.910501765821051579e-01
1.650676876306533813e-01,2.218183288107924145e-01
1.952784955501556119e-01,1.815409133746692105e-01
1.826629936695098877e-01,1.985420200575020999e-01
2.735207974910736084e-01,1.929888773351248477e-01
2.687470018863677979e-01,2.609467592317590845e-01
2.585682272911071777e-01,2.656423958688644560e-01
2.237731963396072665e-01,2.550597056787801131e-01
1.998770385980606079e-01,2.274918880554450684e-01
2.061658948659896573e-01,2.063322472909212557e-01
1.658605039119720459e-01,2.099298305692988975e-01
1.866747587919235229e-01,1.802100392189116274e-01
1.450039297342300415e-01,1.924423045078261230e-01
1.404531002044677457e-01,1.634205735196503917e-01
1.512558013200759888e-01,1.557825974542405012e-01
1.624787002801895142e-01,1.646717043159195148e-01
1.815999448299407959e-01,1.743037979057398268e-01
1.884922981262207031e-01,1.896417075406263697e-01
2.261683344841003418e-01,1.963170828034540016e-01
1.973526030778884888e-01,2.253502588774423110e-01
