1.948629021644592285e-01,2.243120508851040862e-01
1.948629021644592285e-01,2.235520249579776575e-01
1.922753006219864169e-01,2.227373179312911733e-01
1.779100298881530762e-01,2.226453401134534105e-01
1.779100298881530762e-01,2.221641521446965362e-01
1.810636967420578003e-01,2.217397243442692789e-01
1.810636967420578003e-01,2.218373380860799438e-01
1.680064052343368530e-01,2.219384058504395851e-01
1.635809391736984530e-01,2.213271660962231047e-01
1.635809391736984530e-01,2.206148385007488111e-01
1.706920862197875977e-01,2.205970269455092281e-01
1.706920862197875977e-01,2.212223354048577784e-01
1.916799396276473999e-01,2.218496383100302116e-01
2.085516005754470825e-01,2.220797720718210300e-01
2.085516005754470825e-01,2.234267836087284187e-01
2.058236002922058105e-01,2.246058215416024684e-01
2.058236002922058105e-01,2.242029502784275985e-01
1.828240007162094116e-01,2.237500811743881879e-01
1.857409924268722534e-01,2.228971893778584068e-01
1.857409924268722534e-01,2.220469762469138852e-01
1.775099337100982666e-01,2.221800479952945329e-01
1.775099337100982666e-01,2.218440625443346970e-01
1.752161234617232999e-01,2.214730829218831132e-01
1.971126049757004062e-01,2.215041596605684671e-01
1.971126049757004062e-01,2.221736734979442851e-01
1.845117062330246249e-01,2.227822015880914219e-01
1.845117062330246249e-01,2.223887266717310962e-01
1.984785944223403931e-01,2.219430816483768110e-01
2.143009155988692960e-01,2.226152028914229197e-01
2.143009155988692960e-01,2.237721364879241559e-01
1.841159015893935880e-01,2.242919818511731334e-01
1.841159015893935880e-01,2.229242341491568524e-01
2.104043960571289062e-01,2.213218318396809603e-01
2.032361328601836881e-01,2.225800085844462928e-01
2.032361328601836881e-01,2.239715989750097058e-01
2.088565975427627841e-01,2.242187881793519244e-01
2.088565975427627841e-01,2.241953473833871724e-01
1.960448026657104492e-01,2.241590369776718661e-01
1.900728046894073209e-01,2.232725400890503142e-01
1.900728046894073209e-01,2.221900985988883026e-01
1.658952832221984863e-01,2.220882599649046107e-01
1.658952832221984863e-01,2.215543311163723217e-01
1.872539073228836337e-01,2.209660517005176406e-01
1.852532625198364535e-01,2.214682841271677638e-01
1.852532625198364535e-01,2.219071112700254922e-01
1.799222826957702359e-01,2.218482323302282122e-01
1.799222826957702359e-01,2.218899847834664707e-01
2.012764066457748136e-01,2.219377491958275661e-01
1.978618204593658725e-01,2.229985611691144565e-01
1.978618204593658725e-01,2.234616130660777578e-01
1.950792670249938965e-01,2.227898521444122149e-01
1.950792670249938965e-01,2.227163951705573852e-01
1.711323857307434082e-01,2.226372538894130226e-01
1.623787879943847379e-01,2.220040843076366011e-01
1.623787879943847379e-01,2.210192573125356330e-01
1.677809953689575195e-01,2.207412877866633538e-01
1.677809953689575195e-01,2.210269140649961939e-01
2.059821039438247958e-01,2.213188010521336957e-01
2.158481031656265259e-01,2.226267671698424211e-01
2.158481031656265259e-01,2.238471268418498195e-01
2.141157686710357111e-01,2.237736893362612389e-01
2.141157686710357111e-01,2.235565891630369728e-01
1.768843084573745450e-01,2.232364232339077437e-01
1.967563778162002563e-01,2.224379785914811780e-01
1.967563778162002563e-01,2.221816351325002770e-01
1.834106147289275845e-01,2.227865901832092044e-01
1.834106147289275845e-01,2.223081101723889397e-01
1.805770993232727051e-01,2.217582291153614160e-01
1.911945044994354526e-01,2.219078521156589989e-01
1.911945044994354526e-01,2.224005651417947094e-01
2.012096941471100131e-01,2.227366307212034768e-01
2.012096941471100131e-01,2.228123117418623622e-01
2.066745012998580933e-01,2.228829496239973784e-01
2.420079559087752741e-01,2.233136716576710479e-01
2.420079559087752741e-01,2.256485982626947329e-01
2.195876985788345059e-01,2.274255530325288710e-01
2.195876985788345059e-01,2.254900641952057860e-01
2.106474190950393399e-01,2.234098557304402544e-01
1.944769918918609619e-01,2.231626108554824184e-01
1.944769918918609619e-01,2.225638675322967885e-01
1.704634428024291992e-01,2.222101139815234327e-01
1.704634428024291992e-01,2.217941377963287553e-01
1.787724494934081754e-01,2.213472631429278248e-01
1.750701963901519775e-01,2.215527624401786577e-01
1.750701963901519775e-01,2.216045982958075311e-01
1.796004772186279297e-01,2.214363287884177911e-01
1.796004772186279297e-01,2.217916486190785741e-01
1.688816994428634366e-01,2.221552198672795686e-01
1.640222966670989990e-01,2.214901091099372998e-01
1.640222966670989990e-01,2.206527809255982298e-01
1.799237728118896762e-01,2.205652132365140405e-01
1.799237728118896762e-01,2.212296834798929968e-01
1.769366562366485596e-01,2.218786979821869842e-01
1.781685650348663330e-01,2.215464714335831364e-01
1.781685650348663330e-01,2.214041872455534132e-01
1.665234863758087158e-01,2.216382708671832680e-01
1.665234863758087158e-01,2.214668470018350543e-01
1.855484992265701294e-01,2.212862729235358095e-01
1.732649058103561401e-01,2.218322697557417733e-01
1.732649058103561401e-01,2.219926830159509867e-01
1.860052198171615878e-01,2.215811595387450761e-01
1.860052198171615878e-01,2.219078063599013717e-01
1.832000017166137695e-01,2.222341296650147124e-01
1.951216459274291992e-01,2.221981591778744713e-01
1.951216459274291992e-01,2.228170333108968060e-01
2.088083624839782715e-01,2.234956421800556869e-01
2.088083624839782715e-01,2.237591314951426491e-01
1.873752027750015536e-01,2.240206626729837891e-01
2.025922685861587524e-01,2.228896840747065788e-01
2.025922685861587524e-01,2.225736641967026863e-01
1.986005455255508423e-01,2.235161729312674095e-01
1.986005455255508423e-01,2.233055181274961332e-01
1.863885968923568726e-01,2.230751905002649471e-01
1.716178953647613803e-01,2.226662327003310071e-01
1.716178953647613803e-01,2.214932310904415003e-01
1.885485500097274780e-01,2.206701865812421837e-01
1.885485500097274780e-01,2.217028494804817729e-01
2.112170010805130005e-01,2.226758322955015856e-01
1.833238750696182251e-01,2.231963670768814800e-01
1.833238750696182251e-01,2.228158261355471237e-01
2.096922993659972867e-01,2.217559827915964732e-01
2.096922993659972867e-01,2.227936741855517100e-01
2.197588831186294278e-01,2.237579192482959389e-01
2.330529242753982544e-01,2.242963927005310887e-01
2.330529242753982544e-01,2.247689049232791669e-01
2.151579260826110840e-01,2.246755577585426156e-01
2.151579260826110840e-01,2.240256918637953398e-01
2.008593231439590454e-01,2.233318098446412658e-01
1.312076449394226074e-01,2.229224321748682069e-01
1.312076449394226074e-01,2.208052470676065415e-01
1.399971693754196167e-01,2.188135492816873362e-01
1.399971693754196167e-01,2.192396327219387486e-01
1.684847325086593628e-01,2.196707599082327877e-01
2.097207009792327881e-01,2.207387287087650418e-01
2.097207009792327881e-01,2.224840107036635817e-01
1.677834987640380859e-01,2.231510762563267969e-01
1.677834987640380859e-01,2.218928606137186010e-01
1.697814613580703458e-01,2.203674524245568811e-01
1.778024435043334961e-01,2.205262069464546670e-01
1.778024435043334961e-01,2.215736684013479285e-01
1.989280730485916415e-01,2.224468030460805268e-01
1.989280730485916415e-01,2.225518409253096075e-01
1.968562752008437833e-01,2.226405285257091193e-01
1.764101982116698941e-01,2.225558257781326821e-01
1.764101982116698941e-01,2.219756564072006000e-01
1.775619983673095426e-01,2.214356164953318606e-01
1.775619983673095426e-01,2.215717947442128466e-01
1.848997771739960272e-01,2.217138138741498454e-01
1.751745045185089111e-01,2.221138550442252335e-01
1.751745045185089111e-01,2.220488837864015574e-01
1.822087168693542480e-01,2.215269378200584449e-01
1.822087168693542480e-01,2.218825184157142971e-01
1.833387613296508789e-01,2.222440519697338468e-01
2.092746049165725430e-01,2.222251411592311710e-01
2.092746049165725430e-01,2.228619763857520308e-01
2.103900015354156772e-01,2.234640770638954277e-01
2.103900015354156772e-01,2.235994987784334920e-01
1.875178515911102572e-01,2.237625086149355735e-01
1.892182081937789917e-01,2.230120287507198207e-01
1.892182081937789917e-01,2.223919381182146715e-01
2.129119038581847589e-01,2.226814940446141255e-01
2.129119038581847589e-01,2.230825654382292134e-01
1.846891939640044888e-01,2.234615317789744315e-01
1.933595985174179077e-01,2.225900181520522325e-01
1.933595985174179077e-01,2.223346276482870976e-01
1.597519963979721069e-01,2.231253119150573005e-01
1.597519963979721069e-01,2.218725710529641237e-01
1.731968969106673917e-01,2.204024619841825072e-01
1.763989776372909268e-01,2.209868048197675683e-01
1.763989776372909268e-01,2.215864502231526256e-01
1.903230398893356601e-01,2.216075053890638469e-01
1.903230398893356601e-01,2.222922095144086729e-01
1.978137493133544922e-01,2.229761510292209425e-01
1.724811047315597534e-01,2.232966944080554406e-01
1.724811047315597534e-01,2.223891652012115472e-01
1.773964017629623413e-01,2.209687899138178535e-01
1.773964017629623413e-01,2.210541499072801730e-01
1.862247735261917392e-01,2.211411988857903133e-01
2.039294093847274780e-01,2.217886173182730958e-01
2.039294093847274780e-01,2.231768394691893420e-01
2.303259670734404962e-01,2.239600125008302522e-01
2.303259670734404962e-01,2.263276439391289363e-01
2.793866395950316828e-01,2.285268126325970539e-01
2.991397082805632990e-01,2.290079190791351194e-01
2.991397082805632990e-01,2.311495667750232408e-01
2.514718174934387207e-01,2.327877253521305756e-01
2.514718174934387207e-01,2.296420995874966509e-01
1.890812516212463379e-01,2.261272684105048447e-01
2.833725214004517157e-01,2.242711913592505824e-01
2.833725214004517157e-01,2.275610172073622706e-01
2.606627941131591797e-01,2.325479251355631050e-01
2.606627941131591797e-01,2.290812182264810870e-01
2.856159806251525879e-01,2.253606312997189498e-01
2.152941524982452115e-01,2.263970666139744903e-01
2.152941524982452115e-01,2.250623644817400237e-01
1.691618561744689941e-01,2.225437582058391317e-01
1.691618561744689941e-01,2.218767546022699100e-01
1.676646620035171509e-01,2.211800407690742709e-01
1.986771523952484408e-01,2.212890532070976302e-01
1.986771523952484408e-01,2.224859835649819206e-01
1.806469559669494629e-01,2.235297373317137459e-01
1.806469559669494629e-01,2.226020964403117308e-01
1.824937760829925260e-01,2.215493209932173635e-01
1.871567964553833285e-01,2.216843305835287103e-01
1.871567964553833285e-01,2.221394679819230500e-01
2.099210023880004883e-01,2.224615046065178681e-01
2.099210023880004883e-01,2.235842795266949345e-01
1.939254999160766602e-01,2.247533166120063985e-01
1.662387549877166748e-01,2.235906123539026236e-01
1.662387549877166748e-01,2.215414770827129898e-01
1.659430116415023804e-01,2.206052400271418246e-01
1.659430116415023804e-01,2.209019969797302863e-01
1.823978126049041470e-01,2.212066428576099641e-01
1.884365230798721313e-01,2.217570633715145456e-01
1.884365230798721313e-01,2.222851714340015605e-01
2.158337980508804599e-01,2.222642349926683691e-01
2.158337980508804599e-01,2.230161985192917473e-01
2.153968065977096835e-01,2.237114747427646766e-01
1.994820386171341220e-01,2.236944909168471773e-01
1.994820386171341220e-01,2.233622810446690143e-01
1.468160003423690796e-01,2.230034714319776568e-01
1.468160003423690796e-01,2.215631816204545745e-01
1.810178905725479126e-01,2.197973833258646259e-01
1.982497125864028931e-01,2.210485865847953701e-01
1.982497125864028931e-01,2.231236221332798531e-01
1.886273920536041260e-01,2.240611300869696787e-01
1.886273920536041260e-01,2.231796407136264759e-01
1.874347329139708918e-01,2.222418361394855324e-01
1.838997006416320801e-01,2.224303126337945358e-01
1.838997006416320801e-01,2.223391479324594577e-01
1.789868623018264771e-01,2.220195787669411169e-01
1.789868623018264771e-01,2.217873883560912696e-01
2.386641800403594971e-01,2.215339468514538890e-01
4.006521701812744141e-01,2.253264250878735109e-01
4.006521701812744141e-01,2.347282526163659289e-01
3.205133974552154541e-01,2.401317497842130055e-01
3.205133974552154541e-01,2.347898253365773291e-01
3.453539609909057617e-01,2.290939697290293453e-01
3.201048076152800959e-01,2.307232695112892973e-01
3.201048076152800959e-01,2.331806231359359327e-01
3.410750627517700195e-01,2.339987413208206857e-01
3.410750627517700195e-01,2.344169885414839616e-01
3.317869901657104492e-01,2.348400698193390257e-01
3.053638935089111328e-01,2.339983268297675389e-01
3.053638935089111328e-01,2.316608345185134366e-01
2.349332422018050870e-01,2.301187434194315040e-01
2.349332422018050870e-01,2.278850587446454579e-01
2.433501929044723511e-01,2.253632643203517250e-01
2.282197028398513516e-01,2.266070926274501851e-01
2.282197028398513516e-01,2.264640884537382770e-01
2.155468463897705078e-01,2.249496173662786924e-01
2.155468463897705078e-01,2.242748714965898116e-01
1.862514019012451172e-01,2.235426526146553627e-01
1.789111644029617587e-01,2.227792588016435094e-01
1.789111644029617587e-01,2.217059941327340911e-01
1.881189942359924594e-01,2.215133928841018229e-01
1.881189942359924594e-01,2.222163141084414206e-01
2.258600741624832153e-01,2.229228943320031020e-01
2.293289005756378729e-01,2.240002181034349282e-01
2.293289005756378729e-01,2.250740884409304365e-01
2.172957956790924072e-01,2.250337723599236395e-01
2.172957956790924072e-01,2.245247634396128344e-01
2.285813987255096436e-01,2.239288188110455102e-01
2.961176931858062744e-01,2.260659929781831667e-01
2.961176931858062744e-01,2.288010925597853684e-01
2.966041862964630127e-01,2.296519913570534421e-01
2.966041862964630127e-01,2.295363540332115981e-01
2.547382712364196777e-01,2.294164171196989288e-01
2.234010547399520874e-01,2.275520245217355630e-01
2.234010547399520874e-01,2.250388066637102058e-01
2.086469978094100952e-01,2.244257099027405500e-01
2.086469978094100952e-01,2.238298543231005133e-01
2.144542932510375699e-01,2.231722644843204539e-01
1.909040212631225863e-01,2.236781330046178351e-01
1.909040212631225863e-01,2.231170478965307236e-01
1.961078941822052280e-01,2.218165892445300991e-01
1.961078941822052280e-01,2.221898123227039612e-01
1.758218258619308472e-01,2.225551284243273698e-01
1.801499277353286743e-01,2.221179397632560559e-01
1.801499277353286743e-01,2.218962494359716098e-01
1.802266091108321866e-01,2.221683608747898608e-01
1.802266091108321866e-01,2.221431453392681554e-01
1.831340938806533813e-01,2.221162210606712484e-01
1.799343973398208618e-01,2.220665425393291981e-01
1.799343973398208618e-01,2.218369078085718760e-01
1.912952065467834473e-01,2.216472845937031144e-01
1.912952065467834473e-01,2.224313765176525737e-01
2.391949146986007690e-01,2.232248725451204119e-01
2.476447969675064087e-01,2.247122264959410254e-01
2.476447969675064087e-01,2.255543838658482791e-01
2.603625059127808172e-01,2.248410198728812426e-01
2.603625059127808172e-01,2.258007756318781978e-01
2.153915017843246460e-01,2.268032870743556528e-01
1.687171012163162231e-01,2.250050248909229722e-01
1.687171012163162231e-01,2.222272240102276530e-01
1.901023983955383578e-01,2.212763343798133664e-01
1.901023983955383578e-01,2.219651308419469116e-01
1.932636946439743042e-01,2.226307577189990672e-01
1.967433989048003595e-01,2.224974667058494671e-01
1.967433989048003595e-01,2.227683743737089161e-01
1.968259066343307495e-01,2.232036605988748923e-01
1.968259066343307495e-01,2.230294851933282696e-01
1.806160062551498136e-01,2.228388036257225036e-01
1.917202025651932040e-01,2.223955200363471885e-01
1.917202025651932040e-01,2.223596611494591258e-01
1.939498037099838534e-01,2.228284910546351472e-01
1.939498037099838534e-01,2.225609932756107412e-01
1.780927032232284546e-01,2.222581578048913598e-01
1.982128173112868985e-01,2.219967692078505250e-01
1.982128173112868985e-01,2.220481350143811705e-01
2.026619017124175748e-01,2.223756675381755588e-01
2.026619017124175748e-01,2.225355646644178176e-01
1.926424354314803800e-01,2.227001566946985867e-01
1.775846034288406372e-01,2.227155560812444923e-01
1.775846034288406372e-01,2.221801922570583177e-01
1.697379499673843384e-01,2.215409124453716627e-01
1.697379499673843384e-01,2.214526829087885840e-01
1.742126941680907926e-01,2.213620563568204636e-01
1.767573058605194092e-01,2.213920858919845858e-01
1.767573058605194092e-01,2.214717724250783726e-01
1.698893159627914429e-01,2.215235656452429758e-01
1.698893159627914429e-01,2.213979439744727662e-01
1.786662638187408170e-01,2.212662476892727770e-01
1.773128658533096869e-01,2.215753995953036737e-01
1.773128658533096869e-01,2.218340406162087886e-01
1.912915557622909268e-01,2.217764887821808140e-01
1.924645453691482822e-01,2.222666514855442255e-01
1.917339116334915161e-01,2.227938386859434350e-01
1.682408750057220459e-01,2.225497277645124283e-01
1.682408750057220459e-01,2.214725367323003291e-01
1.533582359552383423e-01,2.206066597288338926e-01
1.533582359552383423e-01,2.202705618902385254e-01
1.219834238290786743e-01,2.199137628563732350e-01
1.124273017048835754e-01,2.192196554921870821e-01
1.124273017048835754e-01,2.181941624984528871e-01
1.387385427951812744e-01,2.179130695021655739e-01
1.387385427951812744e-01,2.186903266438570137e-01
1.735682934522628784e-01,2.194509862227528862e-01
1.894755959510803223e-01,2.208719859904091920e-01
1.894755959510803223e-01,2.222700783150521886e-01
1.896263062953949252e-01,2.223117492576701937e-01
1.896263062953949252e-01,2.223729746329801138e-01
1.874510943889617920e-01,2.224384712781674045e-01
1.846003979444504062e-01,2.225832350620248479e-01
1.846003979444504062e-01,2.223419757597175361e-01
2.440665513277053278e-01,2.219036950770882366e-01
2.440665513277053278e-01,2.242948172619213809e-01
2.327407002449035922e-01,2.267305796045435973e-01
2.219963967800140381e-01,2.254861589195261695e-01
2.219963967800140381e-01,2.238511566474484793e-01
1.852974742650985718e-01,2.235244836396714785e-01
1.852974742650985718e-01,2.228278524467837141e-01
1.947617977857589444e-01,2.220946848641047466e-01
1.780637502670288086e-01,2.223336108216357743e-01
1.780637502670288086e-01,2.220346521586674948e-01
1.859644204378128052e-01,2.214180994611084363e-01
1.859644204378128052e-01,2.220868183385385219e-01
2.072025239467620850e-01,2.227579477534897545e-01
1.870556026697158813e-01,2.232478153984489566e-01
1.870556026697158813e-01,2.227365467966871126e-01
2.003259211778640747e-01,2.215479707313407765e-01
2.003259211778640747e-01,2.225273321800485815e-01
2.049419134855270108e-01,2.234571433089420633e-01
4.109843969345092218e-01,2.236847803605035157e-01
4.109843969345092218e-01,2.329374092746958058e-01
3.859764039516448975e-01,2.410948772912565874e-01
3.859764039516448975e-01,2.372528430781393194e-01
3.761990368366241455e-01,2.332755831574897520e-01
3.382981419563292902e-01,2.329011442795949904e-01
3.382981419563292902e-01,2.315167470459522370e-01
2.050670981407165250e-01,2.304664725484731613e-01
2.050670981407165250e-01,2.266977998346235423e-01
2.311079055070877075e-01,2.225149725805958545e-01
2.232432067394256592e-01,2.239617562498300574e-01
2.232432067394256592e-01,2.246677590834884053e-01
1.962449550628662387e-01,2.238186395566344467e-01
1.962449550628662387e-01,2.229591665543392831e-01
1.992976218461990634e-01,2.219777736569263638e-01
1.784480065107345303e-01,2.226262513624481798e-01
1.784480065107345303e-01,2.225658131447245391e-01
1.708953380584716797e-01,2.217904647039570243e-01
1.708953380584716797e-01,2.214982465215864504e-01
1.857410371303558905e-01,2.211808485084927889e-01
1.884250044822692871e-01,2.217708969091928828e-01
1.884250044822692871e-01,2.223489673586649118e-01
1.818749755620956698e-01,2.223451822193381333e-01
1.818749755620956698e-01,2.221606463276428189e-01
1.936471015214920322e-01,2.219612318491095970e-01
1.790819615125656405e-01,2.223922198449385934e-01
1.790819615125656405e-01,2.223459158818457682e-01
1.921849995851516724e-01,2.218089945547978004e-01
1.921849995851516724e-01,2.220549262675048097e-01
1.867637038230896274e-01,2.223014458675684202e-01
1.980000883340836126e-01,2.223648337003565068e-01
1.980000883340836126e-01,2.227715189972137577e-01
3.074838817119598389e-01,2.231069061765608985e-01
3.074838817119598389e-01,2.270796260387819843e-01
2.838982045650482178e-01,2.307931616909474626e-01
2.563236057758331299e-01,2.289067918691762293e-01
2.563236057758331299e-01,2.259814501651223329e-01
2.176708281040191928e-01,2.249875942769206105e-01
2.176708281040191928e-01,2.242193457478347252e-01
3.016590476036071777e-01,2.233625912087034704e-01
3.009566068649291992e-01,2.303147906663544631e-01
3.009566068649291992e-01,2.333383874437254257e-01
3.871228992938995361e-01,2.296354105298139547e-01
3.871228992938995361e-01,2.384280714836149173e-01
3.553330004215240479e-01,2.467772655152293826e-01
2.734268903732300360e-01,2.407772615297678331e-01
2.734268903732300360e-01,2.301921212878005052e-01
3.047637045383452814e-01,2.257470055906615758e-01
3.047637045383452814e-01,2.274253088539079370e-01
1.934034079313278476e-01,2.291547197522282586e-01
1.674667745828628540e-01,2.257991213923744023e-01
1.674667745828628540e-01,2.217316649459159517e-01
1.849085837602615634e-01,2.212776879009181463e-01
1.849085837602615634e-01,2.221022173732088711e-01
2.460200339555740634e-01,2.229270901815420536e-01
2.682054042816162109e-01,2.260294280385054255e-01
2.682054042816162109e-01,2.296146371564327660e-01
2.603135108947753906e-01,2.302058723537191431e-01
2.603135108947753906e-01,2.289351519155072290e-01
2.072546035051345548e-01,2.275608059869271838e-01
2.076155245304107666e-01,2.249946880110984537e-01
2.076155245304107666e-01,2.225341825735373813e-01
1.928880363702774048e-01,2.227631780376305992e-01
1.928880363702774048e-01,2.229571345609378252e-01
1.886100023984909058e-01,2.231725004695977732e-01
1.899161785840987882e-01,2.226146902059032984e-01
1.899161785840987882e-01,2.221835453610166156e-01
1.841135472059249878e-01,2.223787629463835624e-01
1.841135472059249878e-01,2.223567363057806223e-01
1.885657012462615967e-01,2.223362543517432288e-01
1.928238719701766968e-01,2.223923397326637297e-01
1.928238719701766968e-01,2.225819027002622907e-01
1.931996941566467563e-01,2.227198131365488443e-01
1.931996941566467563e-01,2.225392101534655054e-01
1.622868627309799194e-01,2.223361356684658841e-01
1.296745538711548129e-01,2.214472689209682488e-01
1.296745538711548129e-01,2.196647535671170381e-01
1.509044617414474487e-01,2.188336723139414075e-01
1.509044617414474487e-01,2.194888479838776607e-01
1.567745953798294067e-01,2.201351195787862036e-01
2.352031022310256958e-01,2.202664502643557065e-01
2.352031022310256958e-01,2.231310919644513835e-01
2.412368059158324640e-01,2.257857552739735152e-01
2.412368059158324640e-01,2.260298875447151745e-01
3.487674891948700506e-01,2.262785164814156702e-01
4.479171633720397949e-01,2.322689938763571604e-01
4.479171633720397949e-01,2.438995392232158610e-01
7.274934649467468262e-01,2.499322055666591547e-01
7.274934649467468262e-01,2.665516366971445450e-01
7.546014785766600452e-01,2.837686046693581043e-01
6.946486234664916992e-01,2.733706572345770414e-01
6.946486234664916992e-01,2.590236705965024422e-01
6.383669972419738770e-01,2.552382901237409407e-01
6.383669972419738770e-01,2.532403974627757126e-01
5.096258521080017090e-01,2.511986000755058734e-01
3.489852249622344971e-01,2.470498902529872087e-01
3.489852249622344971e-01,2.398713356384741813e-01
3.274166882038116455e-01,2.367717961710804064e-01
3.274166882038116455e-01,2.343996792311336119e-01
3.183498978614807129e-01,2.318976997184028777e-01
2.771280407905578613e-01,2.318816247240027828e-01
2.771280407905578613e-01,2.304928801006196348e-01
2.614668905735015869e-01,2.290353506042185905e-01
2.614668905735015869e-01,2.282950017802350684e-01
2.646197974681854248e-01,2.275131415066146967e-01
2.569813728332519531e-01,2.281356993789055154e-01
2.569813728332519531e-01,2.281457958164062050e-01
2.632848024368286133e-01,2.274936214829066661e-01
2.632848024368286133e-01,2.267979409748269726e-01
2.274889498949050903e-01,2.260675460018359562e-01
1.972997337579727173e-01,2.247295176058854704e-01
1.972997337579727173e-01,2.225034348868055178e-01
1.593737602233886719e-01,2.216283835210226538e-01
1.593737602233886719e-01,2.209581283171248856e-01
1.552143245935440063e-01,2.202506953386981492e-01
2.165970057249068659e-01,2.201979092825726569e-01
2.165970057249068659e-01,2.231581975807038765e-01
2.152127921581268588e-01,2.261687491959981089e-01
2.152127921581268588e-01,2.251718113342943417e-01
2.079710960388183871e-01,2.239468013835521909e-01
2.003736048936843872e-01,2.236233981287241157e-01
2.003736048936843872e-01,2.228652974509276186e-01
1.930765211582184115e-01,2.224066479375644556e-01
1.930765211582184115e-01,2.225011874773555887e-01
1.887691617012023926e-01,2.226008689931122386e-01
2.153376042842864990e-01,2.224731109918005323e-01
2.153376042842864990e-01,2.239694490772100310e-01
2.704129219055175781e-01,2.256485844372415062e-01
2.704129219055175781e-01,2.295934265484812498e-01
5.549836754798889160e-01,2.332780990301231705e-01
5.126557946205139160e-01,2.509457579791130044e-01
5.126557946205139160e-01,2.552014939372675983e-01
5.099799633026123047e-01,2.416353693097010591e-01
5.099799633026123047e-01,2.415164684940271089e-01
4.163484573364257812e-01,2.413949123209681580e-01
2.535916566848754883e-01,2.379233540235281552e-01
2.541934549808502197e-01,2.298927069142385760e-01
1.788074076175689420e-01,2.249021917660305736e-01
1.788074076175689420e-01,2.234698245344302059e-01
1.850019842386245172e-01,2.219276776427035192e-01
1.711802035570144376e-01,2.222802310544815529e-01
1.711802035570144376e-01,2.220216135429148863e-01
1.727939993143081387e-01,2.213306918679087409e-01
1.727939993143081387e-01,2.213963938740753090e-01
1.767069548368454257e-01,2.214648342717436824e-01
1.761609017848968228e-01,2.215285802983763819e-01
1.761609017848968228e-01,2.215231278834892403e-01
2.039509564638137540e-01,2.214475621013179130e-01
2.039509564638137540e-01,2.224387036542558316e-01
1.905422955751419345e-01,2.233525924834924292e-01
1.819348037242889127e-01,2.227532272659868973e-01
1.819348037242889127e-01,2.217377641148227108e-01
1.684180349111557007e-01,2.214156389911151601e-01
1.684180349111557007e-01,2.212089452618096752e-01
1.891849339008331299e-01,2.209944160277252101e-01
1.689333617687225342e-01,2.217195336117703253e-01
1.689333617687225342e-01,2.216667541314865930e-01
1.962249428033828735e-01,2.207985507651183121e-01
1.962249428033828735e-01,2.218773147106206656e-01
1.980420649051666537e-01,2.228752437674736131e-01
1.778897047042846680e-01,2.228404153103487884e-01
1.778897047042846680e-01,2.222247400686929164e-01
1.612316220998764038e-01,2.215620377486082204e-01
1.612316220998764038e-01,2.212238807993245626e-01
1.492553949356079102e-01,2.208599202427711794e-01
1.442013978958130160e-01,2.203163315214980156e-01
1.442013978958130160e-01,2.195994704527476360e-01
1.220441684126853804e-01,2.194742736011208450e-01
1.220441684126853804e-01,2.189696675826607319e-01
1.259213238954544067e-01,2.184261427288956836e-01
1.192706972360610962e-01,2.184997465000461658e-01
1.192706972360610962e-01,2.183870977441340344e-01
1.400409787893295288e-01,2.181896266852977329e-01
1.400409787893295288e-01,2.188718956144149463e-01
1.655126959085464478e-01,2.195461288861553506e-01
1.946723610162734985e-01,2.204236187618128506e-01
1.946723610162734985e-01,2.221923135828838269e-01
1.824015974998474121e-01,2.230646888198326294e-01
1.824015974998474121e-01,2.225879733395696725e-01
1.781254708766937533e-01,2.220562767727593256e-01
1.768455654382705411e-01,2.219198652547075545e-01
1.768455654382705411e-01,2.217496822616952801e-01
1.895092576742171964e-01,2.217243304391627590e-01
1.895092576742171964e-01,2.221402106668182164e-01
1.890345066785812655e-01,2.225543092208222828e-01
2.166133970022201261e-01,2.223794921488531362e-01
2.166133970022201261e-01,2.235215287917294014e-01
2.142671942710876742e-01,2.249036273086599258e-01
2.142671942710876742e-01,2.242112294689448115e-01
1.696722060441970825e-01,2.234509147979545918e-01
1.861636042594909390e-01,2.221266010096200894e-01
1.861636042594909390e-01,2.215138576174053575e-01
2.109026014804839810e-01,2.224642332882916240e-01
2.109026014804839810e-01,2.236218255953611456e-01
2.016181051731109619e-01,2.248247461738321074e-01
2.371999472379684448e-01,2.235088412835590510e-01
2.371999472379684448e-01,2.237401701661450859e-01
1.953185498714447021e-01,2.254054378732843200e-01
1.953185498714447021e-01,2.238318665774785277e-01
1.463003754615783414e-01,2.221361543290220619e-01
2.596421837806701660e-01,2.210035521913749912e-01
2.596421837806701660e-01,2.265993917177131223e-01
4.047906100749969482e-01,2.333141363725108886e-01
4.047906100749969482e-01,2.364806837473732992e-01
3.813273906707764782e-01,2.396075763201782893e-01
3.577617108821868896e-01,2.365225961521691955e-01
3.577617108821868896e-01,2.325033412656739018e-01
3.031907975673675537e-01,2.316509486522140004e-01
3.031907975673675537e-01,2.306499992423927392e-01
2.219824343919754028e-01,2.295654633937548872e-01
2.247738689184189120e-01,2.269561613059392913e-01
2.247738689184189120e-01,2.241321994570188991e-01
2.553716301918030340e-01,2.243301132240977935e-01
2.553716301918030340e-01,2.269305933178725199e-01
2.618205845355987549e-01,2.293063475822781916e-01
2.273367345333099365e-01,2.286407524048316153e-01
2.273367345333099365e-01,2.259780864883879359e-01
2.031441032886505127e-01,2.238785448838143122e-01
2.031441032886505127e-01,2.232595787429763057e-01
1.758806854486465454e-01,2.226070255996135117e-01
1.670619547367095947e-01,2.221597004048848911e-01
1.670619547367095947e-01,2.213129152271091360e-01
2.118712961673737127e-01,2.209087766047377055e-01
2.118712961673737127e-01,2.228073732123482531e-01
1.990658938884735107e-01,2.246686769887167590e-01
1.948491036891937256e-01,2.235539232377304619e-01
1.948491036891937256e-01,2.223561269365211257e-01
1.566408872604369840e-01,2.223611823247585162e-01
1.566408872604369840e-01,2.212626245615050835e-01
1.590297073125839233e-01,2.199740053918947946e-01
1.671897023916244507e-01,2.203901939317528813e-01
1.671897023916244507e-01,2.208532836980568181e-01
1.815824955701828003e-01,2.208927311993854892e-01
1.815824955701828003e-01,2.217928595550335280e-01
2.245292961597442627e-01,2.226855431901768045e-01
2.216224968433380127e-01,2.233184746296123513e-01
2.216224968433380127e-01,2.237867701882333693e-01
2.066582888364792148e-01,2.236298633612862352e-01
2.066582888364792148e-01,2.232796835059303875e-01
1.570345163345336914e-01,2.229136285758558100e-01
1.968932896852493286e-01,2.218295213162562729e-01
1.968932896852493286e-01,2.218008988498455236e-01
2.048864960670471191e-01,2.229268022349710221e-01
2.048864960670471191e-01,2.234292788538166097e-01
1.668177992105484009e-01,2.239670155801867513e-01
1.417246013879776001e-01,2.224833266375117469e-01
1.417246013879776001e-01,2.202980362103320600e-01
1.666631847620010376e-01,2.197889075553208782e-01
1.666631847620010376e-01,2.207669170194417607e-01
1.926406770944595614e-01,2.217165301513827624e-01
2.254680991172790527e-01,2.228427908488157805e-01
2.254680991172790527e-01,2.240927414704693421e-01
2.252101451158524392e-01,2.241305455205666597e-01
2.252101451158524392e-01,2.241372248184443083e-01
2.145293951034545898e-01,2.241456150005739500e-01
1.820016801357269287e-01,2.238861387976542883e-01
1.820016801357269287e-01,2.229393729000642421e-01
1.906076073646545133e-01,2.221401774974703647e-01
1.906076073646545133e-01,2.223609802960076487e-01
1.686857044696807861e-01,2.225843505723797411e-01
1.903967410326004306e-01,2.218309767737872418e-01
1.903967410326004306e-01,2.220822752246330578e-01
2.045876085758208673e-01,2.231750375585024038e-01
2.045876085758208673e-01,2.231317093113514283e-01
1.865548938512802124e-01,2.230627081255755761e-01
1.815108954906464178e-01,2.225134696392332412e-01
1.815108954906464178e-01,2.219526436165039085e-01
2.014583945274352750e-01,2.220437451910297344e-01
2.014583945274352750e-01,2.226523579206862724e-01
2.036586105823516846e-01,2.232358722647574956e-01
1.918114423751831055e-01,2.231304855904190088e-01
1.918114423751831055e-01,2.226390558612678927e-01
1.731049269437789639e-01,2.222162994118685453e-01
1.731049269437789639e-01,2.218884223073543660e-01
1.919497996568680087e-01,2.215355448564995666e-01
1.787570714950561523e-01,2.222855169725735380e-01
1.787570714950561523e-01,2.223487084956211612e-01
1.788225024938583374e-01,2.215897125116219335e-01
1.788225024938583374e-01,2.217539183164862482e-01
1.665375530719757080e-01,2.219258618075949097e-01
1.951155364513396662e-01,2.215381953406742599e-01
1.951155364513396662e-01,2.223984432333738770e-01
1.929849982261657437e-01,2.236655844910085955e-01
1.929849982261657437e-01,2.231058978081758848e-01
1.620820015668869019e-01,2.225074566449779523e-01
1.356869190931320190e-01,2.215084964508647891e-01
1.356869190931320190e-01,2.197108580442879433e-01
1.467041671276092529e-01,2.190395193177967770e-01
1.467041671276092529e-01,2.195027250463311153e-01
1.972582042217254639e-01,2.199688430799725536e-01
1.894697993993758878e-01,2.219061007045078915e-01
1.894697993993758878e-01,2.229882961119946938e-01
1.961945891380310059e-01,2.222028800206196641e-01
1.961945891380310059e-01,2.228120433811136003e-01
2.645494043827056885e-01,2.234451075159482325e-01
2.692976891994476318e-01,2.270234815398851635e-01
2.692976891994476318e-01,2.285402095174818293e-01
2.608369886875153143e-01,2.265507559533972426e-01
2.608369886875153143e-01,2.262373709909827335e-01
2.406771630048751831e-01,2.259115146589023293e-01
3.313829302787780762e-01,2.257069835777685274e-01
3.313829302787780762e-01,2.327120071877261942e-01
3.281686902046204168e-01,2.393083191872571180e-01
3.281686902046204168e-01,2.363431209745223693e-01
2.904906868934631348e-01,2.331821847600151487e-01
2.625965774059296209e-01,2.308665809119803403e-01
2.625965774059296209e-01,2.273383014799640611e-01
1.794345527887344638e-01,2.262174857446958010e-01
1.794345527887344638e-01,2.239992934248705436e-01
1.727855503559112826e-01,2.216407311957062087e-01
2.207822054624556940e-01,2.216220593286991891e-01
2.207822054624556940e-01,2.235991555051401736e-01
2.426082938909530362e-01,2.256281783812083552e-01
2.426082938909530362e-01,2.254035857368711371e-01
2.444625049829483032e-01,2.251470907047549153e-01
2.097309380769729614e-01,2.253802583865452958e-01
2.097309380769729614e-01,2.242613979266025459e-01
1.825350672006606778e-01,2.228134860822220120e-01
1.825350672006606778e-01,2.226830912233984106e-01
1.691226661205291470e-01,2.225621060141751983e-01
1.575669944286346436e-01,2.219126236827526910e-01
1.575669944286346436e-01,2.208085496568462369e-01
1.770704984664916992e-01,2.203907404928750757e-01
1.770704984664916992e-01,2.211984901609976573e-01
1.741859167814254483e-01,2.219839335242385636e-01
1.755136996507644376e-01,2.218510058491808545e-01
1.755136996507644376e-01,2.216147431613631480e-01
1.687776893377304077e-01,2.215125916895022140e-01
1.687776893377304077e-01,2.213670626932262853e-01
1.939594447612762729e-01,2.212134446344190541e-01
1.943469941616058627e-01,2.222914718960683489e-01
1.943469941616058627e-01,2.231189830896838644e-01
2.223779261112213135e-01,2.228759871564753858e-01
2.223779261112213135e-01,2.242574329895015706e-01
2.144328951835632602e-01,2.256687450014891461e-01
1.937792897224426547e-01,2.245379347922752122e-01
1.937792897224426547e-01,2.226842142623958742e-01
1.783622056245803833e-01,2.219589724428282229e-01
1.783622056245803833e-01,2.217950951150755023e-01
1.706998199224472046e-01,2.216298757670802644e-01
1.894924789667129517e-01,2.216115008695005995e-01
1.894924789667129517e-01,2.225290756312137963e-01
2.422726899385452271e-01,2.234793498956081648e-01
2.422726899385452271e-01,2.244605205014119087e-01
2.336400598287582120e-01,2.254487289231294489e-01
2.456458657979964932e-01,2.250821180397276355e-01
2.456458657979964932e-01,2.257057495392751911e-01
2.297928631305694580e-01,2.267152720913594155e-01
2.297928631305694580e-01,2.257162425984632903e-01
2.152034044265747070e-01,2.245994317269536245e-01
2.607180178165435791e-01,2.245826491585350970e-01
2.607180178165435791e-01,2.269075211268661574e-01
2.623189091682434082e-01,2.290974601150956858e-01
2.623189091682434082e-01,2.283711063403789099e-01
2.198584228754044134e-01,2.275944267721000114e-01
3.426670730113983154e-01,2.255110300222219200e-01
3.426670730113983154e-01,2.298515783135106627e-01
3.465315699577331543e-01,2.360273833551813083e-01
3.465315699577331543e-01,2.351737004916792106e-01
2.930460572242736816e-01,2.342907363170473323e-01
2.670845985412597656e-01,2.312542364583145826e-01
2.670845985412597656e-01,2.284200662843475504e-01
2.535850703716278076e-01,2.288628053353299885e-01
2.535850703716278076e-01,2.285191127385871879e-01
2.199364602565765381e-01,2.281645618428561062e-01
2.274277955293655396e-01,2.258166917916742955e-01
2.274277955293655396e-01,2.239200748836801258e-01
1.686184257268905362e-01,2.245281658416662385e-01
1.686184257268905362e-01,2.227941039007286517e-01
1.842167228460311890e-01,2.207563792025140081e-01
1.896838992834091187e-01,2.217711721822274717e-01
1.896838992834091187e-01,2.226128965017342420e-01
1.641370058059692383e-01,2.224519298208089968e-01
1.641370058059692383e-01,2.216162121427003306e-01
2.130100131034850797e-01,2.206474279015067930e-01
2.186074256896972934e-01,2.227317445075185642e-01
2.186074256896972934e-01,2.248174999314441203e-01
2.188677042722702026e-01,2.248746661201772579e-01
2.188677042722702026e-01,2.249661273252119287e-01
2.313981950283050537e-01,2.250608424462452462e-01
2.149903923273086825e-01,2.259277306821455833e-01
2.149903923273086825e-01,2.255479300644044616e-01
2.503419816493988037e-01,2.241173052436010171e-01
2.503419816493988037e-01,2.261151749509540676e-01
2.535111904144287109e-01,2.279643700452311794e-01
2.445873767137527466e-01,2.274956736179175598e-01
2.445873767137527466e-01,2.265988432314140766e-01
2.031902372837066650e-01,2.261815004323344813e-01
2.031902372837066650e-01,2.246292072268839812e-01
2.327843457460403442e-01,2.229638575739043560e-01
2.531769871711730957e-01,2.246582287573295755e-01
2.531769871711730957e-01,2.264549271991339874e-01
2.558321058750153143e-01,2.265400409182367347e-01
2.558321058750153143e-01,2.266251560740162041e-01
2.091450989246368408e-01,2.267121770215782539e-01
2.179704755544662198e-01,2.247901995272080233e-01
2.179704755544662198e-01,2.238635996604807221e-01
2.751700878143310547e-01,2.250232860270664215e-01
2.751700878143310547e-01,2.276796202028849858e-01
2.834362983703612726e-01,2.301889284477542652e-01
5.200669765472412109e-01,2.302975934496430954e-01
5.200669765472412109e-01,2.450976532664360663e-01
5.718095898628234863e-01,2.593205361240957796e-01
5.718095898628234863e-01,2.550212254483130714e-01
5.820317864418029785e-01,2.504152046933795228e-01
5.010549426078796387e-01,2.504122010390518183e-01
5.010549426078796387e-01,2.472771883311318253e-01
2.807539105415344238e-01,2.439976133898847932e-01
2.807539105415344238e-01,2.362398526636039775e-01
2.063424885272980291e-01,2.274419459667517962e-01
2.145204693078994751e-01,2.254892933037138947e-01
2.145204693078994751e-01,2.233514139977501867e-01
2.198818922042846402e-01,2.234168110374222804e-01
2.198818922042846402e-01,2.238413317369205568e-01
2.337387651205062589e-01,2.243049709679112436e-01
2.567627131938934326e-01,2.252849230047091755e-01
2.580747008323668878e-01,2.266902299197783022e-01
2.328460067510605136e-01,2.272203305907334325e-01
2.328460067510605136e-01,2.258411413773425136e-01
1.991674900054931918e-01,2.243045032693932461e-01
1.789865642786026001e-01,2.232509134883013391e-01
1.789865642786026001e-01,2.218647986806462358e-01
1.796395033597946445e-01,2.216301519567008271e-01
1.796395033597946445e-01,2.218392493956810596e-01
1.698227077722549438e-01,2.220573224686898661e-01
1.522479057312011441e-01,2.216060327085627724e-01
1.522479057312011441e-01,2.205182583319970357e-01
1.740261465311050693e-01,2.198671997903401398e-01
1.740261465311050693e-01,2.206864660712968829e-01
1.826220005750656128e-01,2.214795112027778401e-01
1.566141396760940552e-01,2.218009180330046126e-01
1.566141396760940552e-01,2.212122320033776679e-01
1.689846664667129517e-01,2.201589287237591397e-01
1.689846664667129517e-01,2.207413943142817470e-01
1.731435954570770819e-01,2.213190116164354959e-01
1.901344954967498779e-01,2.211118872303232674e-01
1.901344954967498779e-01,2.215077845915596200e-01
1.337733566761016846e-01,2.221166932550497908e-01
1.337733566761016846e-01,2.206136937278977694e-01
1.587713211774826050e-01,2.188202038468155530e-01
3.362798094749451239e-01,2.198989785980019207e-01
3.362798094749451239e-01,2.274129177964102355e-01
3.365317881107330322e-01,2.336497778834994155e-01
3.365317881107330322e-01,2.319237988914882309e-01
3.025190830230712891e-01,2.301441156646716613e-01
2.839955985546112061e-01,2.288589368705444549e-01
2.839955985546112061e-01,2.271987265736070127e-01
1.806526631116867343e-01,2.268566796452900491e-01
1.806526631116867343e-01,2.244734976056589060e-01
1.813106983900070468e-01,2.218934289806955840e-01
2.399948686361312589e-01,2.222401119081130472e-01
2.399948686361312589e-01,2.252113264733256459e-01
2.357428967952728549e-01,2.277968494494263252e-01
2.357428967952728549e-01,2.272717545735859768e-01
2.299271076917648871e-01,2.267124687012794515e-01
2.266699969768523892e-01,2.258996343722309563e-01
2.266699969768523892e-01,2.249185013669194877e-01
2.079305946826934814e-01,2.248550423029646028e-01
2.079305946826934814e-01,2.239793417937769315e-01
2.176461517810821256e-01,2.230353352529807764e-01
2.530807852745056152e-01,2.239939792511247973e-01
2.530807852745056152e-01,2.264274837641624682e-01
2.445257008075714389e-01,2.278084322659257865e-01
2.445257008075714389e-01,2.263482679944568421e-01
2.472106367349624634e-01,2.247979643049276555e-01
2.140260040760040561e-01,2.250766639009458558e-01
2.140260040760040561e-01,2.246464797783918332e-01
3.001447618007659912e-01,2.237888905359126102e-01
3.001447618007659912e-01,2.303079612030916878e-01
4.906117916107178289e-01,2.361088425510258770e-01
3.879201114177703857e-01,2.450912538262724760e-01
3.879201114177703857e-01,2.446111079877810457e-01
3.368788957595825195e-01,2.348051344385870820e-01
3.368788957595825195e-01,2.325250483081736097e-01
2.932540476322174072e-01,2.301361593603870603e-01
1.897923052310943881e-01,2.289417096742267232e-01
1.897923052310943881e-01,2.252607503684359025e-01
2.160292118787765225e-01,2.225939467390833371e-01
2.160292118787765225e-01,2.241952281885156439e-01
3.753999471664429266e-01,2.258212517878160630e-01
3.595648109912872314e-01,2.307153388896655832e-01
3.595648109912872314e-01,2.338809482546622687e-01
3.568296134471892755e-01,2.324468004822841938e-01
3.568296134471892755e-01,2.325809254604165044e-01
2.543200254440308172e-01,2.327208071235092324e-01
1.710169017314910889e-01,2.289622353664056420e-01
1.710169017314910889e-01,2.231885575351914286e-01
1.929912567138671875e-01,2.213841711673256163e-01
1.929912567138671875e-01,2.221167071970983897e-01
1.877582967281341553e-01,2.228212617446775068e-01
1.911910772323608398e-01,2.225381552562275822e-01
1.911910772323608398e-01,2.223875948101377287e-01
2.173696309328078946e-01,2.225567225232412683e-01
2.173696309328078946e-01,2.231910191359363915e-01
2.077021002769470492e-01,2.237893979786437226e-01
2.206149846315383911e-01,2.234304927426249976e-01
2.206149846315383911e-01,2.234721696646952416e-01
2.270559668540954590e-01,2.239557982375025569e-01
2.270559668540954590e-01,2.243494599909134635e-01
2.409625947475433072e-01,2.247683463335599652e-01
2.354097962379456122e-01,2.248856355251549199e-01
2.354097962379456122e-01,2.246799151348645995e-01
2.214455157518386841e-01,2.243686653184529256e-01
2.214455157518386841e-01,2.241315659105277691e-01
1.873570978641510287e-01,2.238625000427232892e-01
1.875694990158081055e-01,2.228401955588413808e-01
1.875694990158081055e-01,2.220196682974679148e-01
1.860239952802658081e-01,2.224013856598203442e-01
1.860239952802658081e-01,2.221718629537704492e-01
2.020407021045684814e-01,2.219172160928720439e-01
1.742038130760192871e-01,2.221907004526630924e-01
1.742038130760192871e-01,2.216986974212813433e-01
1.875655949115752619e-01,2.208360876401549711e-01
1.875655949115752619e-01,2.216671883703532075e-01
1.820583045482635498e-01,2.224576337475134835e-01
1.922361850738525113e-01,2.221090617257025779e-01
1.922361850738525113e-01,2.222305409211736693e-01
2.172528207302093228e-01,2.227349720958456403e-01
2.172528207302093228e-01,2.233340395521328237e-01
2.296049296855926514e-01,2.238878995315805309e-01
2.509359121322631836e-01,2.242671121520601052e-01
2.509359121322631836e-01,2.259135270190178180e-01
2.739968001842498779e-01,2.271455020926484991e-01
2.739968001842498779e-01,2.277061148507193156e-01
2.468370050191879550e-01,2.282654549288369861e-01
2.319672256708144864e-01,2.265487111094817152e-01
2.319672256708144864e-01,2.243112566803110164e-01
2.044411897659301480e-01,2.238636574340808760e-01
2.044411897659301480e-01,2.235223127166607315e-01
2.075911909341812134e-01,2.231267397324832591e-01
2.634023129940032959e-01,2.235726211464761637e-01
2.634023129940032959e-01,2.270112667282884467e-01
3.036424219608306885e-01,2.297634869806502722e-01
3.036424219608306885e-01,2.317437193506063364e-01
3.236212432384490967e-01,2.336976630803665744e-01
3.383783698081970215e-01,2.349708248173346670e-01
3.383783698081970215e-01,2.362298220762258927e-01
3.256455063819885254e-01,2.362093977695773617e-01
3.256455063819885254e-01,2.350114938167167655e-01
3.199611008167266846e-01,2.337658701382187287e-01
3.445942103862762451e-01,2.341942466871427264e-01
3.445942103862762451e-01,2.348112450764899828e-01
3.591096997261047363e-01,2.349936412590290236e-01
3.591096997261047363e-01,2.343783141838996220e-01
3.462464511394500732e-01,2.337440157687192543e-01
3.135047256946564276e-01,2.331828171262003424e-01
3.135047256946564276e-01,2.316068822485802814e-01
2.611905336380004883e-01,2.305621919321737268e-01
2.611905336380004883e-01,2.290527366940034171e-01
2.517339885234832764e-01,2.274197050833826894e-01
2.365340739488601407e-01,2.271570291385623663e-01
2.365340739488601407e-01,2.263617430097860372e-01
2.257324606180191040e-01,2.258060099213960725e-01
2.257324606180191040e-01,2.249299607598968520e-01
2.135377526283263883e-01,2.239869400618023088e-01
1.833177059888839999e-01,2.236095056232842992e-01
1.833177059888839999e-01,2.224751904938653269e-01
2.036423683166503629e-01,2.216632327769996746e-01
2.036423683166503629e-01,2.225473814955793994e-01
2.443349212408065518e-01,2.233723312288905805e-01
2.420464009046554288e-01,2.246137340271855409e-01
2.420464009046554288e-01,2.259263190529945675e-01
1.904003769159317017e-01,2.260096932644769796e-01
1.904003769159317017e-01,2.238966930205045780e-01
1.422279328107833862e-01,2.216225433585528870e-01
1.802364736795425137e-01,2.205911636614020233e-01
1.802364736795425137e-01,2.207712132648478043e-01
1.587783545255661011e-01,2.220066769635258563e-01
1.587783545255661011e-01,2.212057993096026021e-01
1.564234346151351929e-01,2.202931963395609039e-01
1.458736360073089600e-01,2.204116467503339227e-01
1.458736360073089600e-01,2.201485677521419493e-01
1.534039974212646484e-01,2.197304653346582315e-01
1.534039974212646484e-01,2.198983718317962799e-01
1.587697118520736694e-01,2.200694254110856507e-01
1.766731888055801669e-01,2.203301893259640709e-01
1.766731888055801669e-01,2.212023216622883426e-01
1.735716015100479404e-01,2.217978429818996122e-01
1.735716015100479404e-01,2.215817133105448811e-01
1.556300967931747437e-01,2.213480579237212809e-01
1.678923070430755615e-01,2.207512042342969216e-01
1.678923070430755615e-01,2.205256270846532585e-01
1.889611035585403442e-01,2.209625357729085859e-01
1.889611035585403442e-01,2.220225634395433523e-01
1.857852935791015903e-01,2.230569496144020336e-01
1.759144961833954135e-01,2.224907977124121750e-01
1.759144961833954135e-01,2.216151583014663584e-01
1.993034631013870239e-01,2.213420112284235630e-01
1.993034631013870239e-01,2.223649013373420746e-01
1.905056983232498447e-01,2.233362973231708126e-01
1.746108233928680142e-01,2.229299549738318342e-01
1.746108233928680142e-01,2.219670114043471865e-01
1.891844570636748990e-01,2.213897831315638498e-01
1.891844570636748990e-01,2.221068127707600537e-01
1.795153021812438965e-01,2.228138396906078622e-01
2.012605071067810059e-01,2.220958129433279193e-01
2.012605071067810059e-01,2.224978946991919004e-01
2.108775675296783170e-01,2.236764053910930417e-01
2.108775675296783170e-01,2.239698965735384406e-01
1.980962008237838745e-01,2.242788081497319175e-01
1.666497588157653809e-01,2.235221727890298882e-01
1.666497588157653809e-01,2.217916418738434259e-01
1.744651794433593750e-01,2.207176559832084994e-01
1.744651794433593750e-01,2.212349495641753594e-01
1.693953573703765869e-01,2.217517680132058966e-01
1.666028350591659546e-01,2.213150691501649114e-01
1.666028350591659546e-01,2.208488970495122439e-01
1.645158231258392612e-01,2.208689426424937374e-01
1.645158231258392612e-01,2.209126587831733712e-01
1.785626411437988281e-01,2.209598019561377635e-01
2.016437053680419922e-01,2.214106001382697142e-01
2.016437053680419922e-01,2.225258693146897893e-01
2.162254005670547485e-01,2.231556496227123931e-01
2.162254005670547485e-01,2.233289026177308345e-01
1.915986984968185425e-01,2.234970432522116746e-01
1.954402029514312744e-01,2.227987214757591872e-01
1.954402029514312744e-01,2.225629946258879388e-01
2.037038058042526800e-01,2.231280118357870379e-01
2.037038058042526800e-01,2.231338729063619131e-01
1.996463239192962369e-01,2.231276712597503598e-01
1.804761737585068027e-01,2.230810927892842299e-01
1.804761737585068027e-01,2.224897721769858727e-01
1.873520165681838989e-01,2.218607543785582892e-01
1.873520165681838989e-01,2.222301742124114521e-01
1.970120966434478760e-01,2.226073144505068824e-01
2.032908946275711060e-01,2.224703465385123313e-01
2.032908946275711060e-01,2.228617162543835850e-01
1.883477419614791870e-01,2.233963770835191709e-01
1.883477419614791870e-01,2.227211474200282426e-01
2.073840051889420111e-01,2.219164739703356481e-01
1.903086006641387939e-01,2.228312055270350034e-01
1.903086006641387939e-01,2.229772415436270527e-01
1.647335141897201538e-01,2.221285058310003835e-01
1.647335141897201538e-01,2.214749253200028190e-01
1.856785118579864502e-01,2.207423404411558432e-01
2.097074985504150668e-01,2.213055918839448299e-01
2.097074985504150668e-01,2.230580959994424295e-01
1.964578926563262939e-01,2.242612536147378099e-01
1.964578926563262939e-01,2.233244598495684463e-01
2.250059992074966431e-01,2.222916644274877951e-01
2.485178858041763583e-01,2.236929504667011237e-01
2.485178858041763583e-01,2.259843289069436989e-01
2.478968948125838678e-01,2.268167737371562243e-01
2.478968948125838678e-01,2.261272521815511638e-01
2.352291047573089877e-01,2.253945327050483338e-01
2.200151830911636630e-01,2.249095715958221720e-01
2.200151830911636630e-01,2.240108809324374839e-01
1.695966720581054688e-01,2.236013136585891792e-01
1.695966720581054688e-01,2.224792520526259199e-01
2.001868933439254483e-01,2.212042557376510399e-01
1.837853938341140747e-01,2.221337737039633942e-01
1.837853938341140747e-01,2.223233354821623209e-01
1.719795018434524536e-01,2.215170477544706751e-01
1.719795018434524536e-01,2.212725186985908532e-01
1.722060889005661011e-01,2.210149163995600019e-01
2.091183662414551059e-01,2.212460422843295915e-01
2.091183662414551059e-01,2.221663322326907497e-01
1.962699592113494873e-01,2.228366935332005694e-01
1.962699592113494873e-01,2.224112998366823968e-01
2.345576137304306030e-01,2.219395448185543240e-01
2.212668955326080600e-01,2.237915976265588969e-01
2.212668955326080600e-01,2.247244281676957778e-01
2.321032136678695679e-01,2.237058915393145275e-01
2.321032136678695679e-01,2.244714987503142745e-01
2.424474954605102262e-01,2.252871477529736488e-01
2.362180352210998258e-01,2.251703486558941369e-01
2.362180352210998258e-01,2.248782952850356953e-01
2.033241987228393277e-01,2.247195574596378143e-01
2.033241987228393277e-01,2.236354282394442394e-01
1.746149510145187655e-01,2.224631660227601726e-01
1.879347711801528931e-01,2.222117502152061441e-01
1.879347711801528931e-01,2.222659258579650632e-01
1.927646994590759555e-01,2.225712359437352350e-01
1.927646994590759555e-01,2.224602285507193966e-01
1.995158940553664884e-01,2.223355217169146747e-01
1.902115345001220981e-01,2.229962514231713100e-01
1.902115345001220981e-01,2.232366283655752848e-01
1.989603042602539062e-01,2.227532122524112923e-01
2.005373090505599976e-01,2.230943146851448733e-01
1.870438009500503540e-01,2.234970686227108205e-01
1.557538956403732577e-01,2.228455744776829395e-01
1.557538956403732577e-01,2.211633897622463651e-01
1.348650753498077393e-01,2.201362210694525479e-01
1.348650753498077393e-01,2.196291638501084720e-01
1.567980051040649414e-01,2.190815345406504355e-01
1.943633109331130981e-01,2.198946692883732845e-01
1.943633109331130981e-01,2.221265118340139122e-01
2.161478996276855746e-01,2.235035386766336951e-01
2.161478996276855746e-01,2.239423974040918863e-01
2.312179952859878540e-01,2.243785335663454616e-01
1.992108970880508423e-01,2.250243325149525742e-01
1.992108970880508423e-01,2.241361293714554670e-01
3.674222230911255438e-01,2.225144237472056474e-01
3.674222230911255438e-01,2.335320626905897645e-01
4.058226048946381170e-01,2.437423813524165206e-01
4.052526056766510010e-01,2.392459752653615934e-01
4.052526056766510010e-01,2.346413151487011239e-01
3.688966929912567139e-01,2.346769797610789854e-01
3.688966929912567139e-01,2.333654498802110455e-01
2.675450444221497137e-01,2.320025395066572238e-01
2.104666233062744141e-01,2.293744678354856792e-01
2.104666233062744141e-01,2.256339116526102639e-01
2.505743205547332764e-01,2.248126210062023622e-01
2.505743205547332764e-01,2.252951224899061022e-01
2.567990124225616455e-01,2.257702962268247071e-01
2.333147972822189053e-01,2.265878996158474101e-01
2.333147972822189053e-01,2.258692059627395721e-01
1.871584951877593994e-01,2.242135583216648409e-01
1.871584951877593994e-01,2.231330105588460455e-01
1.702336072921752930e-01,2.219842958244636899e-01
1.787967979907989502e-01,2.216879813679571987e-01
1.787967979907989502e-01,2.214986135833451053e-01
2.178041040897369107e-01,2.216276472745669079e-01
2.178041040897369107e-01,2.235280952605205318e-01
2.256611436605453214e-01,2.254736384853576192e-01
2.151906937360763827e-01,2.249786862747928384e-01
2.151906937360763827e-01,2.238295139977716230e-01
2.004701942205429077e-01,2.231902643393505747e-01
2.004701942205429077e-01,2.227937718090925168e-01
1.993511021137237549e-01,2.223682559444477291e-01
2.054219990968704224e-01,2.225776984247021251e-01
2.054219990968704224e-01,2.228771728343443559e-01
2.202302068471908569e-01,2.229717579941730421e-01
2.202302068471908569e-01,2.236232973672013236e-01
2.543391883373260498e-01,2.243023194526291009e-01
2.307367920875549039e-01,2.259579100491596604e-01
2.307367920875549039e-01,2.260246170500113116e-01
2.086869627237319946e-01,2.243946723311740499e-01
2.086869627237319946e-01,2.236253873955080518e-01
1.803357303142547607e-01,2.227822606216887380e-01
1.733369380235671997e-01,2.223012717773835134e-01
1.733369380235671997e-01,2.215923282288131957e-01
1.888285428285598755e-01,2.213740029841706203e-01
1.888285428285598755e-01,2.220376113467903145e-01
1.801446974277496338e-01,2.226895357683723875e-01
1.690454930067062378e-01,2.221373813372376771e-01
1.690454930067062378e-01,2.212414243170451045e-01
1.937783956527709961e-01,2.209518789584314635e-01
1.937783956527709961e-01,2.219399844134779531e-01
1.963465064764022827e-01,2.228706199828583145e-01
1.779485940933227817e-01,2.227618680173634735e-01
1.779485940933227817e-01,2.220467596763152918e-01
1.642222702503204623e-01,2.213635465335831165e-01
1.642222702503204623e-01,2.211392134164528733e-01
2.063633054494857511e-01,2.209037720528300164e-01
2.183381021022796631e-01,2.225223326685528968e-01
2.183381021022796631e-01,2.240534205720522976e-01
1.926020979881286621e-01,2.239813193493509769e-01
1.926020979881286621e-01,2.230863990747224967e-01
1.817457973957061768e-01,2.219707155235859375e-01
1.791574060916900912e-01,2.219920496635833240e-01
1.791574060916900912e-01,2.219156629018549653e-01
1.796555072069168091e-01,2.218038701759861564e-01
1.796555072069168091e-01,2.217477631229480828e-01
1.755983978509902954e-01,2.216870838422796419e-01
1.700639575719833374e-01,2.216411059498927527e-01
1.700639575719833374e-01,2.214394276433360453e-01
1.699959039688110629e-01,2.212749406346560532e-01
1.699959039688110629e-01,2.211103067630362518e-01
1.770231574773788452e-01,2.209318323511464122e-01
1.734361052513122836e-01,2.211687384711076010e-01
1.734361052513122836e-01,2.214166635397428473e-01
1.864347159862518588e-01,2.214257121221091251e-01
1.864347159862518588e-01,2.218638835254227448e-01
1.702874004840850830e-01,2.222994322586353544e-01
1.785273402929306030e-01,2.216121141198342526e-01
1.785273402929306030e-01,2.210963657812048677e-01
1.290820986032485962e-01,2.213741708673196418e-01
1.290820986032485962e-01,2.200624834799778662e-01
1.158849000930786133e-01,2.185404995578406617e-01
1.127520129084587236e-01,2.183163962425824223e-01
1.127520129084587236e-01,2.180378388366478459e-01
1.570463031530380249e-01,2.179930465157669250e-01
1.570463031530380249e-01,2.193189290065322150e-01
1.757429093122482577e-01,2.205634965252203650e-01
1.788239777088165561e-01,2.212689686724671201e-01
1.788239777088165561e-01,2.220204266274826144e-01
2.061250060796737393e-01,2.220813083924798870e-01
2.061250060796737393e-01,2.241824389495979675e-01
2.961472272872924805e-01,2.262891630644039975e-01
2.668476104736328125e-01,2.295912632422681676e-01
2.668476104736328125e-01,2.296896265582408503e-01
2.756402194499968927e-01,2.262956453284409031e-01
2.756402194499968927e-01,2.271893627436040453e-01
2.648843526840210516e-01,2.281128437055784108e-01
3.272587060928344727e-01,2.296049900867203897e-01
3.272587060928344727e-01,2.327791133749646246e-01
2.934317588806152344e-01,2.344948889875539400e-01
2.934317588806152344e-01,2.315106071715786751e-01
2.612319886684417725e-01,2.283133126982690442e-01
2.073775231838226596e-01,2.270308655023583477e-01
2.073775231838226596e-01,2.243500306414782375e-01
1.807138323783874234e-01,2.229156801312816294e-01
1.807138323783874234e-01,2.224384208514692263e-01
1.843436211347579956e-01,2.219227494505598419e-01
2.054681032896041870e-01,2.221070314657999090e-01
2.054681032896041870e-01,2.230871578722402049e-01
1.878930032253265381e-01,2.238845949043576089e-01
1.878930032253265381e-01,2.229721494596993148e-01
2.013643831014632624e-01,2.219415291050628458e-01
1.992990970611572821e-01,2.225439302091073435e-01
1.992990970611572821e-01,2.229298785420408269e-01
2.207290083169937134e-01,2.227105713942836851e-01
2.207290083169937134e-01,2.240115359571033804e-01
2.184396982192992609e-01,2.253675616834262263e-01
2.160932719707489014e-01,2.246464096903231511e-01
2.160932719707489014e-01,2.237166985644285511e-01
1.800702065229415616e-01,2.236087022222325582e-01
1.800702065229415616e-01,2.226353338200562360e-01
1.806241124868392944e-01,2.214679980815839888e-01
1.736052930355072021e-01,2.218137733671958212e-01
1.736052930355072021e-01,2.216207810902565967e-01
1.964215040206908625e-01,2.210040997408938557e-01
1.964215040206908625e-01,2.222850722179574023e-01
2.613951861858367920e-01,2.235225716161136911e-01
2.367069572210311890e-01,2.255199356774245656e-01
2.367069572210311890e-01,2.261438542240340743e-01
1.817331761121749878e-01,2.246911446266367240e-01
1.817331761121749878e-01,2.229648275440549721e-01
1.872550845146179199e-01,2.210116404475979401e-01
1.708921939134597501e-01,2.217952033766812381e-01
1.708921939134597501e-01,2.219259555366182024e-01
1.886087059974670410e-01,2.212393640050060728e-01
1.886087059974670410e-01,2.220968001340469233e-01
1.907265037298202515e-01,2.229416782511656481e-01
1.932464987039565762e-01,2.225462547838422955e-01
1.932464987039565762e-01,2.223631458450953946e-01
1.732929944992065707e-01,2.226200590511364374e-01
1.732929944992065707e-01,2.219025352844450349e-01
2.095063477754592896e-01,2.210676277513443089e-01
4.538556933403015692e-01,2.233921907251411043e-01
4.538556933403015692e-01,2.386707802866324668e-01
4.529328942298889160e-01,2.507652163258506928e-01
4.529328942298889160e-01,2.444646273612179344e-01
4.376089870929718018e-01,2.380337775127490674e-01
4.101786911487578791e-01,2.373769783467100658e-01
4.115216732025146484e-01,2.362710527213666978e-01
2.999480962753295898e-01,2.358782173547042949e-01
2.999480962753295898e-01,2.335271736602452797e-01
2.755359113216400146e-01,2.308975117072536443e-01
2.636764347553253174e-01,2.309619934973396183e-01
2.636764347553253174e-01,2.295365920670275062e-01
3.030085861682891846e-01,2.279228571074667087e-01
3.030085861682891846e-01,2.299718046312023978e-01
2.883977890014648438e-01,2.319662630305399098e-01
2.769187986850738525e-01,2.307605680904748768e-01
2.769187986850738525e-01,2.294809961777760088e-01
2.645944654941558838e-01,2.294760095577785541e-01
2.645944654941558838e-01,2.293076405241976090e-01
3.595731556415557861e-01,2.291361001445885726e-01
3.489974141120910645e-01,2.327803941007627886e-01
3.489974141120910645e-01,2.350840811026685684e-01
3.149650990962982178e-01,2.338396011418049925e-01
3.149650990962982178e-01,2.321107856208617648e-01
2.530409693717956543e-01,2.302909014508303931e-01
2.099061757326126376e-01,2.279753234960494590e-01
2.099061757326126376e-01,2.250060706888696860e-01
2.237384021282196045e-01,2.245406050320320201e-01
2.237384021282196045e-01,2.248643521227025599e-01
2.169338017702102661e-01,2.251982554378646195e-01
2.123453021049499789e-01,2.248542688355110175e-01
2.123453021049499789e-01,2.246190238892811775e-01
2.144929021596908569e-01,2.247541541918977592e-01
2.144929021596908569e-01,2.245472379343627645e-01
2.123427987098693570e-01,2.243055195541973912e-01
2.086919993162154874e-01,2.242682311682913932e-01
2.086919993162154874e-01,2.240050286649648559e-01
2.024399936199187955e-01,2.237558165088560369e-01
2.024399936199187955e-01,2.233519086106924290e-01
1.932131946086883545e-01,2.228860102047404701e-01
1.812405437231064120e-01,2.226645068548566142e-01
1.812405437231064120e-01,2.222323134473204176e-01
1.841152161359786987e-01,2.220303373859049689e-01
1.841152161359786987e-01,2.220467141921325382e-01
2.009199708700180054e-01,2.220623724973388724e-01
1.946409046649933139e-01,2.227898608380630141e-01
1.946409046649933139e-01,2.231259407308993636e-01
1.966055035591125211e-01,2.226993863714403499e-01
1.966055035591125211e-01,2.230359474456269087e-01
1.737543940544128418e-01,2.233977555881504762e-01
1.790176033973693848e-01,2.223383710040510441e-01
1.790176033973693848e-01,2.213649780170229842e-01
2.000912129878997525e-01,2.216149546962469241e-01
2.000912129878997525e-01,2.224596793793382765e-01
1.695824414491653442e-01,2.232644001661622524e-01
1.927433013916015903e-01,2.220614062509286557e-01
1.927433013916015903e-01,2.217937278589151018e-01
2.038794755935668945e-01,2.229041298686384731e-01
2.038794755935668945e-01,2.236100523406593099e-01
2.095497995615005216e-01,2.243495267811906058e-01
2.050999999046325406e-01,2.238288592822804401e-01
2.050999999046325406e-01,2.232507377540238480e-01
1.882844567298888883e-01,2.232628195311255892e-01
1.882844567298888883e-01,2.228362448325396372e-01
2.005678713321685513e-01,2.223366549001334624e-01
1.948222815990447998e-01,2.228279298282737630e-01
1.948222815990447998e-01,2.230467299009519511e-01
1.851616054773330688e-01,2.227430931659231950e-01
1.851616054773330688e-01,2.224767642326647143e-01
1.811457574367523193e-01,2.221820983518267845e-01
1.909579336643218717e-01,2.222115954040065067e-01
1.909579336643218717e-01,2.226949353670505671e-01
2.015465050935744962e-01,2.231592713668934802e-01
2.015465050935744962e-01,2.231296093822804916e-01
1.874635964632034579e-01,2.230780682288128758e-01
2.141288071870804111e-01,2.225901158622776432e-01
2.141288071870804111e-01,2.236113464195454426e-01
2.041694968938827515e-01,2.252609424445503605e-01
2.041694968938827515e-01,2.240949475952101477e-01
2.533474564552307129e-01,2.228478907993816649e-01
2.678037881851196289e-01,2.265664384225368755e-01
2.678037881851196289e-01,2.283602290583113259e-01
3.017286956310272217e-01,2.264717461484574423e-01
3.017286956310272217e-01,2.303290388963249447e-01
3.658618927001953125e-01,2.340376760186844429e-01
3.397559225559234619e-01,2.401353279617646774e-01
3.397559225559234619e-01,2.409902780621892282e-01
2.932764291763305664e-01,2.355921257087129905e-01
2.932764291763305664e-01,2.318331160211134501e-01
2.594402134418487549e-01,2.278053850462763708e-01
1.747480928897857388e-01,2.269046279267721289e-01
1.747480928897857388e-01,2.240344736474083887e-01
1.857970058917999545e-01,2.220189904642470291e-01
1.857970058917999545e-01,2.222502233701728891e-01
2.116256058216094971e-01,2.224811943765137578e-01
2.045923024415969571e-01,2.236818296885160762e-01
2.045923024415969571e-01,2.238951220671538678e-01
2.080095559358596802e-01,2.227957547824259421e-01
2.080095559358596802e-01,2.229471530723315387e-01
2.008861005306243896e-01,2.231030791596896601e-01
2.219119668006896973e-01,2.232538042303625070e-01
2.219119668006896973e-01,2.244555328773544522e-01
2.171941995620727539e-01,2.254909256116228167e-01
2.171941995620727539e-01,2.247175100909579726e-01
2.135767042636871615e-01,2.238020395174892818e-01
2.023674994707107544e-01,2.235301430630726172e-01
2.023674994707107544e-01,2.229715935347918732e-01
1.955586671829223910e-01,2.227825373772883977e-01
1.955586671829223910e-01,2.231848261444561443e-01
1.969362944364548285e-01,2.236240176526671508e-01
1.962438523769378385e-01,2.231212055444063702e-01
1.962438523769378385e-01,2.226873398416900907e-01
2.066201269626617154e-01,2.228024037793070455e-01
2.080711275339126587e-01,2.236107960571627196e-01
2.266834974288940152e-01,2.245161525637162370e-01
2.307016998529434482e-01,2.241481447303051433e-01
2.307016998529434482e-01,2.238879662465805276e-01
2.064162045717239380e-01,2.241058720956889683e-01
2.064162045717239380e-01,2.234682319226910241e-01
2.136748582124710083e-01,2.227982888347037338e-01
2.115589976310729703e-01,2.241236401746204143e-01
2.115589976310729703e-01,2.242370293146304372e-01
2.210098206996917447e-01,2.228978109727367818e-01
2.210098206996917447e-01,2.232354662449594074e-01
2.002004534006119052e-01,2.235809571387063488e-01
2.026610970497131625e-01,2.230642965662195665e-01
2.026610970497131625e-01,2.230696298412360723e-01
1.840810924768447876e-01,2.236414732985276543e-01
1.840810924768447876e-01,2.227469728354856127e-01
1.918098330497741699e-01,2.217183707426734485e-01
1.945068985223769864e-01,2.223065712357122914e-01
1.945068985223769864e-01,2.229734977432633047e-01
1.860962957143784124e-01,2.230594142848131012e-01
1.860962957143784124e-01,2.226712494167530088e-01
3.239021003246307373e-01,2.222422996642445803e-01
2.998737990856171209e-01,2.291114503857696050e-01
2.998737990856171209e-01,2.320212080453770975e-01
2.647733092308044434e-01,2.282495603771052262e-01
2.647733092308044434e-01,2.269821986940907255e-01
2.435151785612106601e-01,2.256508240979497593e-01
1.468971520662307462e-01,2.250593926229755848e-01
1.468971520662307462e-01,2.222525731404481064e-01
1.675205081701278687e-01,2.198275885892720105e-01
1.675205081701278687e-01,2.205241591902246945e-01
1.691907048225402832e-01,2.212066894860404420e-01
1.851512044668197354e-01,2.211003549260343592e-01
1.851512044668197354e-01,2.217271283479838040e-01
1.919896006584167758e-01,2.224502000515018174e-01
1.919896006584167758e-01,2.223944954670769303e-01
1.983390152454376221e-01,2.223297220170966093e-01
2.193651050329208652e-01,2.225866068156947541e-01
2.193651050329208652e-01,2.233995533602566030e-01
2.147694528102874756e-01,2.239434942926441796e-01
2.147694528102874756e-01,2.239965719631151764e-01
2.910268306732177734e-01,2.240746918311677660e-01
2.744570672512054443e-01,2.281165310024664550e-01
2.744570672512054443e-01,2.295214945396589212e-01
2.695364058017731268e-01,2.270876533056183644e-01
2.695364058017731268e-01,2.270475117038436297e-01
2.071107774972916205e-01,2.270078909659240807e-01
1.958816945552826205e-01,2.251005344693377819e-01
1.958816945552826205e-01,2.230973317908956088e-01
1.965135931968688965e-01,2.231881346157780777e-01
1.965135931968688965e-01,2.230100795955846649e-01
1.876440942287445068e-01,2.228154155382428281e-01
2.025545984506607056e-01,2.224914800551959504e-01
2.025545984506607056e-01,2.229406747417102819e-01
1.871117651462554932e-01,2.237695975803638826e-01
1.871117651462554932e-01,2.230196766763391791e-01
1.973968744277954102e-01,2.221930182579373025e-01
2.005362063646316528e-01,2.229647288136323846e-01
2.005362063646316528e-01,2.232116106992323434e-01
2.371928393840789517e-01,2.226077882976651989e-01
2.371928393840789517e-01,2.247322090009969409e-01
2.252300232648849210e-01,2.268883369184606369e-01
2.096156179904937467e-01,2.255206776911170830e-01
2.096156179904937467e-01,2.235395795425803023e-01
1.828726381063461304e-01,2.230404187303273167e-01
1.828726381063461304e-01,2.225694508770777735e-01
2.188799381256103516e-01,2.220623393764191711e-01
2.092117965221405029e-01,2.233392865038145991e-01
2.092117965221405029e-01,2.240536087653708652e-01
2.991323173046112061e-01,2.234233208201314436e-01
2.991323173046112061e-01,2.303429878936706920e-01
3.725849986076354980e-01,2.365589281002551947e-01
3.703671991825104315e-01,2.368371758826474660e-01
7.407343983650208630e-01,2.368426461506825120e-01
3.411498963832855225e-01,2.535267099756500775e-01
3.411498963832855225e-01,2.520536892581665134e-01
2.537753880023956299e-01,2.327732460378577062e-01
2.660570144653320312e-01,2.295133092739582159e-01
2.660570144653320312e-01,2.276497353163276505e-01
2.583504617214202881e-01,2.293881385905675863e-01
2.583504617214202881e-01,2.279226768370628264e-01
2.349327653646469116e-01,2.263346548873838016e-01
1.964800357818603238e-01,2.255347775265913457e-01
1.964800357818603238e-01,2.236235084835056230e-01
2.010751813650131226e-01,2.225112021288284947e-01
2.010751813650131226e-01,2.231037359185120694e-01
2.233009040355682373e-01,2.237302265670530199e-01
2.107799947261810303e-01,2.239558162341533931e-01
2.107799947261810303e-01,2.235930142940107668e-01
2.084790617227554876e-01,2.229206369685810263e-01
2.084790617227554876e-01,2.235553061829289867e-01
2.135446965694427490e-01,2.242281486072568442e-01
2.063921540975570679e-01,2.244977824639492192e-01
2.063921540975570679e-01,2.240576154138251841e-01
1.915937960147857388e-01,2.232631392050394292e-01
1.915937960147857388e-01,2.226575882218283231e-01
1.907173544168472568e-01,2.219089610993927042e-01
2.065229862928390780e-01,2.219104548206075334e-01
2.065229862928390780e-01,2.223960442670409876e-01
2.108760029077530185e-01,2.228742067554836115e-01
2.108760029077530185e-01,2.230089795782067563e-01
1.930121034383773526e-01,2.231492508161753985e-01
1.988846510648727417e-01,2.225843112719827765e-01
1.988846510648727417e-01,2.223356835327821857e-01
2.141418009996414462e-01,2.227234090266551614e-01
2.141418009996414462e-01,2.230184036629596356e-01
2.070428282022475919e-01,2.233195784142203988e-01
3.285667896270751953e-01,2.230742434603686652e-01
3.285667896270751953e-01,2.302914546324289213e-01
4.495427012443543036e-01,2.372790295523791171e-01
4.495427012443543036e-01,2.415124168602912624e-01
4.017376005649567206e-01,2.456871970866661703e-01
3.919491171836853027e-01,2.405654019765515184e-01
3.933891355991364081e-01,2.347893273107343470e-01
3.275258541107177734e-01,2.343873288373981012e-01
3.275258541107177734e-01,2.321267198212180749e-01
2.748836874961853027e-01,2.296723659667763151e-01
2.869270443916320801e-01,2.287123794144780842e-01
2.869270443916320801e-01,2.284495135464678084e-01
2.935220301151276190e-01,2.292582647864979117e-01
2.935220301151276190e-01,2.291882159083874770e-01
3.149933218955993652e-01,2.291132311852113468e-01
3.063029944896697998e-01,2.303439966790374049e-01
3.063029944896697998e-01,2.307630719257295071e-01
2.829472124576569159e-01,2.299159973022387171e-01
2.829472124576569159e-01,2.286280417720899238e-01
2.236190885305404663e-01,2.272780760329321248e-01
2.047974467277526855e-01,2.253654749949891289e-01
2.047974467277526855e-01,2.232372381957191676e-01
1.970064640045166016e-01,2.230942157036274742e-01
1.970064640045166016e-01,2.228778199891323086e-01
2.168944925069808682e-01,2.226344601834415737e-01
2.222929000854491910e-01,2.230802973648026988e-01
2.222929000854491910e-01,2.242688795674050994e-01
2.163385450839996615e-01,2.250555833112457549e-01
2.163385450839996615e-01,2.246145453127323666e-01
2.129120975732803622e-01,2.241018103813363083e-01
2.239284068346024115e-01,2.239410448892904526e-01
2.239284068346024115e-01,2.248263075836706426e-01
2.111652940511703491e-01,2.258193526181473121e-01
2.111652940511703491e-01,2.245274080119512572e-01
2.037166059017181119e-01,2.231401848535682075e-01
1.949672847986221313e-01,2.229854000011017023e-01
1.949672847986221313e-01,2.227556616935255640e-01
2.212041467428207397e-01,2.226905501579403146e-01
2.212041467428207397e-01,2.240310025559732465e-01
2.242754995822906772e-01,2.254195594802350655e-01
2.110134959220886508e-01,2.248690307809219358e-01
2.110134959220886508e-01,2.237927972361041795e-01
1.880159825086593350e-01,2.233217901731179567e-01
1.880159825086593350e-01,2.226757643304423939e-01
1.926469951868057251e-01,2.219153035529308760e-01
1.927028000354766846e-01,2.220630568924569781e-01
1.927028000354766846e-01,2.223778635919786417e-01
2.360453009605407992e-01,2.225473693485184590e-01
2.360453009605407992e-01,2.239698988617759567e-01
2.494726628065108975e-01,2.254377486685582854e-01
2.352280020713806430e-01,2.257245614278718948e-01
2.352280020713806430e-01,2.255161059421227632e-01
1.843072175979614535e-01,2.249862869087285722e-01
1.843072175979614535e-01,2.234883561965010090e-01
1.996876001358031949e-01,2.218518667519864263e-01
1.958325058221817294e-01,2.223681048084330536e-01
1.958325058221817294e-01,2.227330915665557132e-01
1.888218969106674472e-01,2.225830820106947383e-01
1.888218969106674472e-01,2.224034501382536611e-01
1.885980367660522461e-01,2.222087011553362523e-01
1.783643960952758512e-01,2.224632557240856512e-01
1.783643960952758512e-01,2.221406816849637589e-01
1.893583983182907104e-01,2.214735036507685384e-01
1.893583983182907104e-01,2.218847166023062700e-01
1.769174039363861084e-01,2.222936991354248215e-01
1.822073012590408603e-01,2.217841995197053495e-01
1.822073012590408603e-01,2.214442629265005458e-01
1.726381331682205200e-01,2.216880442631558590e-01
1.726381331682205200e-01,2.214666848459184989e-01
1.796488463878631314e-01,2.212310931727756724e-01
1.893453001976012628e-01,2.214280477466472330e-01
1.893453001976012628e-01,2.218039695623074681e-01
2.041255980730056763e-01,2.219814478664960400e-01
2.041255980730056763e-01,2.225583392310874764e-01
2.021193057298660556e-01,2.231063226944547118e-01
1.950753927230834961e-01,2.229854224528252105e-01
1.950753927230834961e-01,2.225939351484258477e-01
1.913484036922454834e-01,2.223101220644103926e-01
1.913484036922454834e-01,2.223666156505457181e-01
1.940153539180755893e-01,2.224292296984881068e-01
2.548274099826812744e-01,2.224720397639732838e-01
2.548274099826812744e-01,2.254049618843371461e-01
2.428829520940780917e-01,2.282564256836777383e-01
2.428829520940780917e-01,2.269424362530867989e-01
2.269057929515838345e-01,2.254907003305831881e-01
2.461629658937454501e-01,2.249156637531396774e-01
2.461629658937454501e-01,2.253568807647164107e-01
2.363652586936950961e-01,2.264085933708173126e-01
2.363652586936950961e-01,2.258053689270022035e-01
2.234285175800323764e-01,2.251498794999078068e-01
2.153740972280502597e-01,2.246398313466982932e-01
2.153740972280502597e-01,2.237698821923431447e-01
2.169086933135986606e-01,2.234219839975957467e-01
2.169086933135986606e-01,2.237422193220192090e-01
1.956495195627212524e-01,2.240785303518625926e-01
1.911730021238327304e-01,2.231610943732982022e-01
1.911730021238327304e-01,2.220171193235021823e-01
1.911281347274780273e-01,2.220031035674689679e-01
1.911281347274780273e-01,2.222994731984504202e-01
1.682610064744949341e-01,2.226000679030596396e-01
1.873182952404022494e-01,2.216678133741796508e-01
1.873182952404022494e-01,2.213606354454204228e-01
1.789516657590866089e-01,2.221222275465982166e-01
1.789516657590866089e-01,2.217768401801918643e-01
1.870546638965606689e-01,2.213933691525378222e-01
2.044772058725357056e-01,2.217963780629993165e-01
2.044772058725357056e-01,2.225884207465992914e-01
1.983377933502197266e-01,2.229727544604601097e-01
1.983377933502197266e-01,2.226933349607505275e-01
2.032073587179183960e-01,2.223675499247585730e-01
2.265556752681731900e-01,2.225503716807120391e-01
2.265556752681731900e-01,2.234877738125881363e-01
2.234009951353073398e-01,2.242510296668415171e-01
2.234009951353073398e-01,2.239389035695115437e-01
2.426621168851852417e-01,2.235605230743611949e-01
2.588768005371093750e-01,2.244735648075076306e-01
2.588768005371093750e-01,2.256598390048639990e-01
2.521358132362365723e-01,2.258623465000921260e-01
2.521358132362365723e-01,2.259597618656592199e-01
2.280115038156509122e-01,2.260649193323477080e-01
1.778044104576111117e-01,2.249740444739669609e-01
1.778044104576111117e-01,2.226127366362330717e-01
1.634968966245651245e-01,2.212899805346250637e-01
1.634968966245651245e-01,2.208088030960326242e-01
1.860933601856231967e-01,2.202801929049429119e-01
1.859123855829238892e-01,2.212285700422499668e-01
1.859123855829238892e-01,2.221025412110598785e-01
1.739067137241363525e-01,2.220782626912659874e-01
1.739067137241363525e-01,2.216444346560941803e-01
1.785075962543487549e-01,2.211616050056333105e-01
1.885641068220138550e-01,2.214218643573622192e-01
1.885641068220138550e-01,2.220449027052993074e-01
2.542034089565277100e-01,2.224036505320763912e-01
5.084068179130554199e-01,2.247021713255807629e-01
2.529518902301788330e-01,2.374838122358658155e-01
2.264477610588073453e-01,2.370807051463509618e-01
2.264477610588073453e-01,2.246971840140599697e-01
2.110380530357360562e-01,2.236341817199928028e-01
2.110380530357360562e-01,2.234358943277627019e-01
2.390624135732651034e-01,2.232147345126515858e-01
2.233908027410507202e-01,2.243019661425932343e-01
2.233908027410507202e-01,2.245330066504735156e-01
2.384739071130753119e-01,2.235735491369252870e-01
2.384739071130753119e-01,2.248172843804361054e-01
2.096938937902450562e-01,2.261216362650978751e-01
2.205873429775238037e-01,2.245346912362887748e-01
2.205873429775238037e-01,2.234353726252066852e-01
1.979559957981109619e-01,2.239778731973369463e-01
1.979559957981109619e-01,2.233768218337124911e-01
2.239636480808257779e-01,2.226853787928599337e-01
1.824693381786346436e-01,2.236526387796122228e-01
1.824693381786346436e-01,2.230305271979453885e-01
1.944653987884521484e-01,2.211287981806795699e-01
1.944653987884521484e-01,2.216137520439052377e-01
1.623506993055343628e-01,2.220919161477422910e-01
1.634901016950607300e-01,2.213710344954288312e-01
1.634901016950607300e-01,2.205722368408061795e-01
1.519308984279632568e-01,2.205689234889323391e-01
1.519308984279632568e-01,2.202460926525446616e-01
1.773174256086349487e-01,2.199009300297160852e-01
2.009179741144180575e-01,2.210202284388141925e-01
2.009179741144180575e-01,2.222852825273899657e-01
1.831925064325332642e-01,2.224778505407563334e-01
1.831925064325332642e-01,2.219708899663648261e-01
1.519723981618881226e-01,2.214096831757096651e-01
1.608350872993469238e-01,2.205570834124603308e-01
1.608350872993469238e-01,2.200243740790241709e-01
1.576898992061614990e-01,2.204473086205893106e-01
1.576898992061614990e-01,2.203664290369033718e-01
1.789468824863433838e-01,2.202819092119794042e-01
1.863833963871002197e-01,2.210322453136707721e-01
1.863833963871002197e-01,2.217287652019591382e-01
1.762941032648086548e-01,2.216882273056519637e-01
1.762941032648086548e-01,2.214082823224576280e-01
1.410365849733352661e-01,2.211079957333847712e-01
1.918971985578536987e-01,2.202406552727425026e-01
1.918971985578536987e-01,2.211682108109209177e-01
2.020718008279800415e-01,2.228640199288856871e-01
2.020718008279800415e-01,2.228487341703438984e-01
2.467120736837387085e-01,2.228224219460167577e-01
2.503778040409088135e-01,2.258116065899732627e-01
2.503778040409088135e-01,2.279076928625437537e-01
2.420776039361953735e-01,2.270439764774168367e-01
2.420776039361953735e-01,2.265911223706233713e-01
2.059547007083892822e-01,2.261095619912169286e-01
1.608465462923049927e-01,2.243805031402185124e-01
1.608465462923049927e-01,2.215029528791676305e-01
1.329861283302307129e-01,2.203324335447754134e-01
1.329861283302307129e-01,2.196803855049915544e-01
1.673102676868438721e-01,2.189683469571890029e-01
1.795337647199630737e-01,2.199979925407847814e-01
1.795337647199630737e-01,2.215474050117026972e-01
1.848126053810119906e-01,2.221094723276243188e-01
1.848126053810119906e-01,2.222239374978522974e-01
2.060592025518417636e-01,2.223410006150822738e-01
1.993591934442519864e-01,2.232078222129953438e-01
1.993591934442519864e-01,2.234209902941640680e-01
2.019896209239959994e-01,2.226882243644204007e-01
2.019896209239959994e-01,2.231282942440637185e-01
1.895201951265335083e-01,2.235966657783709233e-01
2.597720026969909668e-01,2.228022511735471833e-01
2.597720026969909668e-01,2.252032792825299501e-01
2.444770485162734985e-01,2.285371508097329418e-01
2.444770485162734985e-01,2.264196973484949582e-01
2.407727241516113281e-01,2.242117359965253853e-01
2.282528877258301336e-01,2.240861403706559118e-01
2.282528877258301336e-01,2.237844644880314093e-01
1.719890981912612915e-01,2.235992565447831038e-01
1.719890981912612915e-01,2.224627299303590933e-01
2.107089906930923462e-01,2.212521900444182898e-01
2.091155946254730780e-01,2.227839342242615428e-01
2.091155946254730780e-01,2.241772920586491968e-01
1.978048980236053467e-01,2.240833056036392323e-01
1.978048980236053467e-01,2.236284025110114038e-01
2.423519939184189120e-01,2.231389049661794965e-01
2.733131051063537598e-01,2.257374972667225976e-01
2.733131051063537598e-01,2.302626278190704479e-01
2.591018974781036377e-01,2.322580453888321850e-01
2.591018974781036377e-01,2.295547117567561246e-01
2.398502230644226352e-01,2.265396713585134392e-01
2.027270048856735229e-01,2.256541312518934028e-01
2.027270048856735229e-01,2.235589434239226292e-01
1.646265089511871338e-01,2.223206934740297458e-01
1.646265089511871338e-01,2.216529360319083042e-01
1.514579057693481445e-01,2.209388830522908131e-01
1.715828478336334229e-01,2.205149347417734162e-01
1.715828478336334229e-01,2.206859722248544486e-01
2.222049087285995206e-01,2.213054905959559449e-01
2.222049087285995206e-01,2.231275945393625393e-01
2.350890487432479858e-01,2.249157613156892999e-01
2.281305044889450073e-01,2.250066324831872799e-01
2.281305044889450073e-01,2.245256555647652530e-01
2.251530140638351440e-01,2.239138214764350432e-01
2.251530140638351440e-01,2.239406004038625442e-01
2.360830008983612061e-01,2.239662302475982636e-01
2.331852018833160400e-01,2.244187699662135438e-01
2.331852018833160400e-01,2.249465591369090578e-01
1.995675563812256414e-01,2.250051801617679315e-01
1.995675563812256414e-01,2.237189439424124571e-01
2.020958065986633301e-01,2.223109778786028778e-01
1.845946013927459994e-01,2.227781706487404478e-01
1.845946013927459994e-01,2.224686515531635322e-01
1.881015300750732422e-01,2.215566783953855368e-01
1.881015300750732422e-01,2.218952077978903481e-01
2.119678109884262085e-01,2.222336479016563393e-01
2.234034091234207153e-01,2.229741308945691891e-01
2.234034091234207153e-01,2.247724244588472919e-01
2.446219176054001132e-01,2.258192343294864179e-01
2.446219176054001132e-01,2.253991732144568494e-01
2.418016940355300903e-01,2.249436084525860691e-01
2.144879996776580811e-01,2.246881084673577333e-01
2.144879996776580811e-01,2.236061767583799320e-01
2.017266303300857544e-01,2.227633001000531854e-01
2.017266303300857544e-01,2.230045073159956370e-01
1.734066754579544067e-01,2.231913493518344338e-01
1.667926013469696045e-01,2.223349698130092089e-01
1.667926013469696045e-01,2.209510972690395258e-01
1.653245985507965088e-01,2.205547376288286565e-01
1.653245985507965088e-01,2.206513928791122015e-01
1.766120344400405884e-01,2.207531160990690855e-01
2.292105853557586670e-01,2.215426136810828561e-01
2.292105853557586670e-01,2.241451788224722852e-01
2.151339054107666016e-01,2.259971626973897307e-01
2.151339054107666016e-01,2.248973206628424037e-01
2.032367140054703036e-01,2.236393031126848174e-01
2.899451851844788153e-01,2.233150957304314010e-01
2.899451851844788153e-01,2.286376886845832013e-01
3.044671118259429932e-01,2.339105129555439644e-01
3.044671118259429932e-01,2.317511658850119616e-01
2.927406132221221924e-01,2.294407439441966956e-01
2.604539990425110418e-01,2.289678417483661521e-01
2.604539990425110418e-01,2.272870689141242295e-01
2.598164081573486328e-01,2.260189196769992193e-01
2.598164081573486328e-01,2.271614970532671030e-01
2.464921027421951572e-01,2.283311346590584934e-01
2.179778963327408114e-01,2.269059988425956575e-01
2.179778963327408114e-01,2.241972659679673519e-01
2.073534131050110141e-01,2.229572107432324368e-01
2.073534131050110141e-01,2.231041492824984152e-01
2.050486057996749878e-01,2.231943295934439853e-01
2.097736448049545011e-01,2.231530353693834956e-01
2.097736448049545011e-01,2.233889452012302601e-01
2.061820030212402621e-01,2.236863832333511326e-01
2.061820030212402621e-01,2.238378785020931350e-01
1.972219944000243863e-01,2.239847091028818737e-01
1.988296955823898593e-01,2.233265833663902467e-01
1.988296955823898593e-01,2.229029539590889897e-01
2.057753950357436856e-01,2.232132951655813047e-01
2.057753950357436856e-01,2.231556306850458471e-01
2.033157944679260809e-01,2.230831263582185309e-01
1.759992837905883789e-01,2.231162130817731792e-01
1.759992837905883789e-01,2.222956432124398030e-01
2.031327337026596069e-01,2.212546189333627067e-01
2.031327337026596069e-01,2.227742526327593509e-01
2.274394929409027100e-01,2.242975519944955809e-01
2.340615987777710238e-01,2.248063763021329597e-01
2.340615987777710238e-01,2.258349404751363032e-01
2.466137260198592862e-01,2.263400075153209901e-01
2.466137260198592862e-01,2.262467904496704707e-01
2.308412343263626099e-01,2.261398045046905669e-01
2.145392149686813354e-01,2.251769526997103865e-01
2.145392149686813354e-01,2.239833902630984364e-01
1.903560012578963956e-01,2.237416427624510096e-01
1.903560012578963956e-01,2.231543136887553236e-01
2.080181986093521118e-01,2.224225946954818955e-01
2.246207594871520996e-01,2.232556541190165444e-01
2.246207594871520996e-01,2.248236714101713718e-01
2.103735655546188354e-01,2.255347260097942674e-01
2.103735655546188354e-01,2.244819302276706841e-01
1.986407041549682617e-01,2.233247741486127091e-01
1.817755550146102905e-01,2.229570480508784869e-01
1.817755550146102905e-01,2.223915034480910546e-01
1.930263042449951172e-01,2.222555149813370545e-01
1.930263042449951172e-01,2.224101067450942604e-01
1.930966228246688565e-01,2.225621832872914929e-01
1.897509992122649869e-01,2.225908946192997340e-01
1.897509992122649869e-01,2.226309030862576865e-01
1.693823039531707764e-01,2.226428793018480901e-01
1.693823039531707764e-01,2.218455977023779668e-01
1.858561486005782803e-01,2.209240315723146053e-01
1.774827986955642423e-01,2.215026650147156606e-01
1.774827986955642423e-01,2.217450112552409036e-01
1.667204946279525757e-01,2.213876326712641840e-01
1.667204946279525757e-01,2.210968457836249568e-01
1.615741997957229614e-01,2.207849141393324610e-01
1.936000734567642489e-01,2.207358550710087630e-01
1.936000734567642489e-01,2.218619099145980045e-01
2.084788978099822998e-01,2.229594056428384485e-01
2.084788978099822998e-01,2.234861986549345203e-01
2.083924710750580112e-01,2.240375584368192730e-01
1.912561953067779541e-01,2.239168476027966204e-01
1.912561953067779541e-01,2.229877369563822154e-01
1.796658039093017578e-01,2.220510661175668921e-01
1.796658039093017578e-01,2.217524498269109190e-01
1.821167021989822388e-01,2.214307281429339358e-01
2.010916024446487427e-01,2.219047547503549545e-01
2.010916024446487427e-01,2.228064400890576169e-01
1.848223060369492132e-01,2.232069378493232448e-01
1.848223060369492132e-01,2.225247624179335082e-01
1.947717964649200439e-01,2.217118716384205435e-01
1.730353981256484985e-01,2.223192680007922140e-01
1.730353981256484985e-01,2.220063291074781120e-01
1.828583031892776767e-01,2.209332234109603610e-01
1.828583031892776767e-01,2.214062680183707388e-01
1.498861461877822876e-01,2.218747544313061093e-01
1.527018994092941284e-01,2.209407044512546880e-01
1.527018994092941284e-01,2.199884486353403668e-01
1.779081076383590698e-01,2.201107431634573841e-01
1.779081076383590698e-01,2.210829951035235275e-01
1.696159988641738892e-01,2.220144484641938254e-01
1.754582375288009644e-01,2.215156921896582198e-01
1.754582375288009644e-01,2.212881271436099584e-01
1.580465734004974365e-01,2.216187428553231253e-01
1.580465734004974365e-01,2.210779124492323333e-01
1.843986064195632935e-01,2.204806490595919433e-01
1.731242984533309937e-01,2.212173705003173119e-01
1.731242984533309937e-01,2.216449901682017998e-01
1.698645055294036865e-01,2.213385496239645422e-01
1.698645055294036865e-01,2.211448442339446485e-01
2.204860746860503873e-01,2.209359365241683193e-01
2.881226837635040283e-01,2.238654388335450107e-01
2.881226837635040283e-01,2.303639238561714930e-01
2.816658914089202881e-01,2.337498366916016812e-01
2.816658914089202881e-01,2.318800391645985948e-01
2.804358899593353271e-01,2.298682220100273510e-01
3.555045723915100098e-01,2.303206105547339344e-01
3.555045723915100098e-01,2.368973405139117860e-01
3.446882963180542547e-01,2.427370512691816584e-01
3.446882963180542547e-01,2.369593209016039870e-01
3.495651185512543280e-01,2.308328397393576148e-01
3.308182954788208008e-01,2.311323042796481764e-01
3.308182954788208008e-01,2.308204642916084348e-01
2.400473654270172119e-01,2.301782914294246973e-01
2.400473654270172119e-01,2.275960068223298327e-01
1.951503008604049405e-01,2.246788383773593578e-01
1.843069046735763550e-01,2.235459381648720878e-01
1.843069046735763550e-01,2.220815036516250451e-01
1.784625351428985596e-01,2.217895247390034297e-01
1.784625351428985596e-01,2.218043424737655422e-01
1.679867953062057495e-01,2.218238031164545543e-01
1.683609932661056519e-01,2.214000524215858912e-01
1.683609932661056519e-01,2.208846926070829053e-01
2.073428332805633267e-01,2.208324976057785549e-01
2.073428332805633267e-01,2.229112616019840731e-01
3.081569075584412176e-01,2.250005089973467487e-01
3.016481101512908936e-01,2.278361007634518431e-01
3.016481101512908936e-01,2.294605199253854921e-01
3.267253041267395020e-01,2.283333937329148633e-01
3.267253041267395020e-01,2.297714525542797759e-01
2.592641115188598633e-01,2.312304816111481753e-01
2.114182710647583008e-01,2.287291269100961422e-01
2.114182710647583008e-01,2.250906449592051384e-01
2.050412595272063931e-01,2.240752532204951797e-01
2.050412595272063931e-01,2.235671640388989800e-01
2.347255051136017123e-01,2.230031348239699118e-01
2.621370851993560791e-01,2.248678291329328227e-01
2.621370851993560791e-01,2.265125744716769973e-01
2.531891763210297186e-01,2.262763377106097873e-01
2.531891763210297186e-01,2.258443203857086190e-01
2.543610632419586182e-01,2.253933654022898803e-01
2.207816988229751587e-01,2.262577147616395001e-01
2.207816988229751587e-01,2.254943504452500969e-01
2.424586564302444458e-01,2.236775321697718200e-01
2.424586564302444458e-01,2.254272370307313644e-01
2.450377047061920166e-01,2.271592290545121073e-01
2.463154047727585394e-01,2.262762239400248065e-01
2.463154047727585394e-01,2.257761340974602238e-01
2.298433184623718539e-01,2.262566639549816183e-01
2.298433184623718539e-01,2.262528723020902632e-01
2.683678865432739258e-01,2.262523197259707908e-01
2.317014038562774658e-01,2.287292096846588740e-01
2.317014038562774658e-01,2.277781327073540030e-01
2.536134123802185059e-01,2.241008226306991091e-01
2.536134123802185059e-01,2.255767297080894240e-01
2.278259247541427890e-01,2.270874790514667840e-01
2.511056959629058838e-01,2.263540325155688482e-01
2.511056959629058838e-01,2.261141118594401644e-01
2.406570017337798795e-01,2.266543804296057563e-01
2.406570017337798795e-01,2.258740082207760513e-01
2.355776131153106967e-01,2.250375956525802745e-01
2.084955275058746338e-01,2.251494399246967149e-01
2.084955275058746338e-01,2.245239784074996858e-01
2.014831006526947021e-01,2.237043041786975217e-01
2.014831006526947021e-01,2.232865844676414080e-01
2.134985029697418490e-01,2.227969552358164962e-01
1.968656927347183228e-01,2.238243970950228312e-01
1.968656927347183228e-01,2.237117919602580884e-01
1.748276948928833008e-01,2.224409871916308845e-01
1.748276948928833008e-01,2.218303987182944914e-01
1.675257831811904907e-01,2.211420585673051775e-01
1.819289028644561490e-01,2.210459367577032319e-01
1.819289028644561490e-01,2.217666510644473454e-01
2.163158357143401822e-01,2.225770505316039261e-01
2.163158357143401822e-01,2.234479992623092381e-01
1.956270039081573209e-01,2.242953907527494295e-01
1.841740161180495938e-01,2.232093900784782314e-01
1.841740161180495938e-01,2.216159791621782060e-01
2.603065371513367254e-01,2.212811340842461283e-01
2.603065371513367254e-01,2.254509009230864502e-01
2.706716060638427734e-01,2.296401377883468820e-01
2.765875160694122314e-01,2.286943156707438030e-01
2.765875160694122314e-01,2.287917133625635979e-01
3.321622908115386963e-01,2.299052537330889545e-01
3.321622908115386963e-01,2.343040096321871713e-01
3.372164070606232245e-01,2.385145661421753660e-01
3.424106836318969727e-01,2.373685388676889663e-01
3.424106836318969727e-01,2.367047174649567209e-01
3.502804040908812366e-01,2.372393232570785271e-01
3.502804040908812366e-01,2.367246298666156046e-01
3.334882259368896484e-01,2.361943469941311935e-01
3.048415184020996094e-01,2.346106760249613565e-01
3.048415184020996094e-01,2.317436140781774789e-01
2.241699099540710449e-01,2.304708147733193213e-01
2.241699099540710449e-01,2.274862987059393382e-01
2.231916040182113370e-01,2.240729143378830113e-01
2.127934992313385010e-01,2.246210326893542941e-01
2.127934992313385010e-01,2.243963627140052874e-01
2.555466890335083008e-01,2.235084399122198306e-01
2.555466890335083008e-01,2.260159897569719023e-01
2.643494009971619207e-01,2.283639603607348911e-01
2.531680464744567871e-01,2.285656103321866695e-01
2.531680464744567871e-01,2.278242756671488567e-01
2.339650541543961126e-01,2.268064936467628634e-01
2.339650541543961126e-01,2.262541726566092148e-01
2.333215028047561368e-01,2.256669890192571637e-01
2.242033332586288452e-01,2.257099202662768145e-01
2.242033332586288452e-01,2.250856150606170558e-01
2.012783437967300415e-01,2.243221859229493353e-01
2.012783437967300415e-01,2.235459342009934458e-01
1.966407001018523892e-01,2.226666119102531094e-01
2.178835868835448664e-01,2.225205531446044493e-01
2.178835868835448664e-01,2.233307448691817798e-01
2.213913053274154663e-01,2.242876489152168806e-01
2.213913053274154663e-01,2.241818774068676245e-01
1.959984004497528076e-01,2.240495559563148720e-01
1.992403119802474976e-01,2.230760929213946864e-01
1.992403119802474976e-01,2.220098057928641400e-01
1.625297963619232178e-01,2.221546333147070840e-01
1.625297963619232178e-01,2.212631843882906790e-01
1.901159286499023160e-01,2.202754648472848020e-01
1.898488998413085660e-01,2.212537793612986692e-01
1.898488998413085660e-01,2.219652580203037018e-01
2.000212967395782748e-01,2.217212235782559104e-01
2.000212967395782748e-01,2.222466664947702064e-01
1.874057054519653043e-01,2.227488176680653964e-01
1.881960034370422363e-01,2.225954663622591312e-01
1.881960034370422363e-01,2.221646683593823113e-01
2.220781892538070956e-01,2.218586478213999680e-01
2.220781892538070956e-01,2.235343632062744279e-01
2.257640063762665072e-01,2.252487322022142247e-01
2.163868844509125033e-01,2.249025138920369149e-01
2.163868844509125033e-01,2.242423484390525523e-01
1.905837059020996371e-01,2.239538639404416998e-01
1.905837059020996371e-01,2.230876448209948570e-01
2.389943003654479980e-01,2.220165329254657760e-01
2.126784026622771939e-01,2.238324168002490400e-01
2.126784026622771939e-01,2.242987652481981120e-01
2.203326970338821411e-01,2.228169582797702164e-01
2.203326970338821411e-01,2.233203139391641834e-01
1.995152980089187900e-01,2.237882289422961912e-01
1.767843067646026611e-01,2.232655543843966861e-01
1.767843067646026611e-01,2.218337637530327366e-01
2.036905288696289062e-01,2.208065485804093231e-01
2.036905288696289062e-01,2.219615986059044754e-01
1.890024542808532715e-01,2.230002640268133884e-01
1.914628148078918457e-01,2.226100262088841486e-01
1.914628148078918457e-01,2.222376553063508120e-01
2.303853929042815885e-01,2.223119109363665136e-01
2.303853929042815885e-01,2.237300081209489810e-01
2.602671086788176935e-01,2.251880071454935850e-01
2.651697993278503418e-01,2.269752121231528863e-01
2.651697993278503418e-01,2.281157568195734675e-01
2.410915046930312833e-01,2.275311702516633616e-01
2.410915046930312833e-01,2.261065237969957509e-01
2.030028998851776123e-01,2.245985210305384838e-01
2.060085982084274570e-01,2.236931083886361249e-01
2.060085982084274570e-01,2.227301422078509507e-01
1.778325885534286221e-01,2.227113158536658255e-01
1.778325885534286221e-01,2.218724559757588310e-01
1.719783544540405551e-01,2.209144963161694120e-01
1.757052987813949585e-01,2.208350305080604425e-01
1.757052987813949585e-01,2.210911865494433193e-01
1.694041937589645386e-01,2.214307013218326237e-01
1.694041937589645386e-01,2.210712717198372312e-01
1.635388135910034180e-01,2.206743624291290229e-01
1.943304240703582764e-01,2.205763684807859892e-01
1.943304240703582764e-01,2.219897941775804961e-01
2.042852044105529508e-01,2.234273498894392418e-01
2.042852044105529508e-01,2.230950983130191301e-01
2.030708640813827792e-01,2.227276539958894519e-01
1.812596023082733154e-01,2.228156425607519531e-01
1.812596023082733154e-01,2.222831408321037372e-01
2.182700932025909146e-01,2.215596740286982780e-01
2.182700932025909146e-01,2.230306910623052474e-01
2.186232060194015225e-01,2.244491971860950452e-01
2.044367194175720215e-01,2.242321384071837842e-01
2.044367194175720215e-01,2.234334372059792739e-01
1.787614673376083374e-01,2.227772297663538348e-01
1.787614673376083374e-01,2.222363562537627846e-01
2.417660057544708530e-01,2.216415763625728952e-01
2.367322593927383423e-01,2.248141330143439698e-01
2.367322593927383423e-01,2.266190510894847687e-01
2.201220840215682983e-01,2.250545210990552158e-01
2.201220840215682983e-01,2.243906605208841609e-01
2.190245538949966431e-01,2.236824900004747430e-01
2.470148950815201083e-01,2.240250243283278264e-01
2.470148950815201083e-01,2.261452631707805139e-01
2.227835953235626498e-01,2.277623192540876584e-01
2.227835953235626498e-01,2.257250645635522635e-01
2.453936934471130371e-01,2.235384838753390890e-01
2.456143051385879794e-01,2.249730727550100229e-01
2.456143051385879794e-01,2.261855102611346480e-01
2.149323076009750366e-01,2.258889561717576933e-01
2.149323076009750366e-01,2.246292066333039350e-01
1.782320737838745117e-01,2.232914029515076226e-01
1.983320713043212891e-01,2.224453192341907248e-01
1.983320713043212891e-01,2.221552104553072282e-01
1.837121993303298950e-01,2.227833553731070060e-01
1.837121993303298950e-01,2.222469301408111497e-01
2.150899022817612249e-01,2.216224951906351215e-01
2.187249064445495883e-01,2.228378030574570956e-01
2.187249064445495883e-01,2.241972020603409665e-01
1.953707039356231689e-01,2.244659700598057583e-01
1.953707039356231689e-01,2.234650934566247138e-01
2.260476946830749234e-01,2.223478200281502615e-01
2.273865938186644953e-01,2.236271446743075819e-01
2.273865938186644953e-01,2.246877287603358808e-01
2.131565511226654053e-01,2.244047096918262707e-01
2.131565511226654053e-01,2.238489708611754725e-01
1.765360683202743253e-01,2.232373492658578928e-01
2.150828540325164517e-01,2.223293237260363930e-01
2.150828540325164517e-01,2.234013819926922717e-01
3.349621891975402832e-01,2.255532871676350082e-01
3.349621891975402832e-01,2.298009396150767492e-01
3.160460889339447021e-01,2.337991588027870937e-01
3.057914972305297852e-01,2.314998344034522038e-01
3.057914972305297852e-01,2.288513719510770483e-01
2.454170137643814087e-01,2.285944670701039461e-01
4.908340275287628174e-01,2.266476403036835618e-01
2.043210864067077637e-01,2.331365270787698896e-01
2.795807123184204102e-01,2.327292738274986394e-01
2.795807123184204102e-01,2.277124898118966789e-01
2.639636099338531494e-01,2.320738506466346329e-01
2.639636099338531494e-01,2.290566435364606579e-01
2.800608277320861816e-01,2.258033740066952011e-01
2.840686142444610596e-01,2.270640377336289317e-01
2.840686142444610596e-01,2.281485962327433337e-01
2.698352336883544922e-01,2.279214457095400104e-01
2.698352336883544922e-01,2.271836670060806695e-01
2.565046846866608221e-01,2.264140887934104618e-01
1.737418919801712036e-01,2.261040617484700588e-01
1.737418919801712036e-01,2.234528517341135279e-01
1.598615348339080811e-01,2.209463389519615295e-01
1.598615348339080811e-01,2.207927220049312744e-01
1.806169450283050815e-01,2.206356907027313408e-01
1.780257374048233032e-01,2.212195781209872203e-01
1.780257374048233032e-01,2.217694690681354386e-01
1.924792230129241943e-01,2.217472201036814194e-01
1.924792230129241943e-01,2.220887063073883338e-01
1.990472823381423950e-01,2.224280569829544529e-01
1.957502663135528842e-01,2.226251980663191132e-01
1.969612538814544955e-01,2.231328837736483162e-01
1.883261650800704956e-01,2.235063993314111153e-01
1.883261650800704956e-01,2.230357370118177252e-01
1.797540038824081421e-01,2.224851631525720241e-01
1.916811913251877109e-01,2.220139530409414863e-01
3.833623826503754217e-01,2.220742441934310807e-01
2.141620814800262729e-01,2.297869315204448537e-01
2.141620814800262729e-01,2.306236350521802814e-01
2.216559946537017267e-01,2.239057066103913307e-01
2.209348082542419434e-01,2.238984400663937280e-01
2.209348082542419434e-01,2.240215840614360188e-01
2.184751033782958984e-01,2.242191948939205315e-01
2.184751033782958984e-01,2.248161856175922013e-01
2.180604040622711182e-01,2.253651188086270851e-01
2.504481077194213867e-01,2.251287646972750800e-01
2.504481077194213867e-01,2.266116973578658489e-01
2.412912994623183927e-01,2.282725315804327026e-01
2.412912994623183927e-01,2.268449241983422626e-01
2.391991466283798218e-01,2.252571539883097551e-01
2.296963632106781283e-01,2.259924725028827908e-01
2.296963632106781283e-01,2.254963890268129045e-01
2.403284162282944003e-01,2.241557417447763434e-01
2.403284162282944003e-01,2.247784702361040332e-01
2.240518331527710516e-01,2.254362309328657166e-01
2.023217231035232544e-01,2.247764073610498126e-01
2.023217231035232544e-01,2.235183651585569420e-01
2.082566022872924805e-01,2.229387207210600519e-01
2.082566022872924805e-01,2.232411459151517619e-01
2.085203975439071933e-01,2.235502590891272068e-01
1.949775964021682739e-01,2.237362533475935056e-01
1.949775964021682739e-01,2.230153159397568752e-01
1.989800930023193637e-01,2.219230997916600556e-01
1.989800930023193637e-01,2.221278112864531751e-01
1.869141757488250732e-01,2.223360886218376242e-01
1.943044960498809814e-01,2.221067260463616411e-01
1.943044960498809814e-01,2.222339028898485946e-01
2.154057025909424106e-01,2.225988875975829506e-01
2.154057025909424106e-01,2.233447717584261805e-01
2.246519029140472690e-01,2.240880127768501706e-01
1.886185854673385343e-01,2.243172655505460966e-01
1.886185854673385343e-01,2.231347150055045248e-01
1.838601976633071899e-01,2.214647549959262163e-01
1.838601976633071899e-01,2.214367629256285275e-01
1.893669962882995883e-01,2.214101407402837562e-01
1.995205432176589966e-01,2.218491007503191892e-01
1.995205432176589966e-01,2.224595553523772418e-01
1.813428401947021207e-01,2.226417988014380844e-01
1.813428401947021207e-01,2.222267203981138084e-01
1.920076012611389160e-01,2.217687419542189176e-01
2.081632465124130527e-01,2.219637107640094476e-01
2.081632465124130527e-01,2.232133820149237169e-01
1.980955004692077914e-01,2.242984804934168019e-01
1.980955004692077914e-01,2.233817331724106681e-01
2.022272646427154819e-01,2.223844443212124045e-01
1.925842463970184604e-01,2.226449146943525192e-01
1.925842463970184604e-01,2.226752548974245405e-01
2.055149674415588656e-01,2.224234324266547713e-01
2.055149674415588656e-01,2.230106904650288047e-01
1.921776980161666870e-01,2.235962537101421344e-01
1.974076032638549527e-01,2.228957077204197224e-01
1.974076032638549527e-01,2.224437587961642926e-01
1.978288739919662476e-01,2.228190645182860086e-01
1.978288739919662476e-01,2.229488738336237175e-01
1.947185993194580078e-01,2.230899816222145504e-01
1.929751932621002475e-01,2.227160548024918196e-01
1.929751932621002475e-01,2.223138401088346761e-01
1.787372082471847534e-01,2.223494769692704598e-01
1.787372082471847534e-01,2.219312835562833319e-01
1.773243993520736694e-01,2.214663250237880188e-01
1.954015046358108521e-01,2.214562779820206384e-01
1.954015046358108521e-01,2.222027593844863036e-01
1.786402463912963867e-01,2.229278527624311557e-01
1.786402463912963867e-01,2.222345021806557686e-01
1.929298043251037598e-01,2.214264652872232064e-01
1.924515962600708285e-01,2.218617503704752303e-01
1.924515962600708285e-01,2.222201804251990320e-01
1.982013732194900513e-01,2.221395465322991980e-01
1.982013732194900513e-01,2.226376075562753742e-01
2.029816657304764072e-01,2.231306989823476916e-01
2.076473981142044067e-01,2.230027958523036202e-01
2.076473981142044067e-01,2.229134552316141826e-01
1.996106952428817471e-01,2.229733391579327428e-01
1.996106952428817471e-01,2.228924095974153530e-01
1.837998628616333285e-01,2.228133039711848451e-01
3.492729067802429199e-01,2.226061283087826803e-01
3.492729067802429199e-01,2.300946562634230141e-01
3.385715782642364502e-01,2.372765812135251562e-01
3.385715782642364502e-01,2.352494903890003652e-01
3.246645033359528143e-01,2.331251334119647800e-01
2.590272426605225164e-01,2.323675264377153549e-01
2.590272426605225164e-01,2.291747256359977225e-01
2.013491839170455933e-01,2.265239568011527260e-01
2.013491839170455933e-01,2.253789723939898515e-01
2.125197052955627441e-01,2.241700139333860919e-01
2.082609981298446655e-01,2.240814579723447164e-01
2.082609981298446655e-01,2.237281910320407241e-01
2.026299685239791870e-01,2.235045807509392912e-01
2.026299685239791870e-01,2.232384039821520838e-01
1.967180371284484863e-01,2.229160595752279761e-01
1.891978979110717218e-01,2.227945352725134998e-01
1.891978979110717218e-01,2.223731613624929104e-01
1.683970987796783447e-01,2.220452960733333703e-01
1.683970987796783447e-01,2.215036553480921877e-01
1.529303938150405884e-01,2.209036872186598000e-01
1.571273952722549438e-01,2.204255483510155489e-01
1.571273952722549438e-01,2.201247506339457094e-01
1.925273537635803223e-01,2.203505420569291939e-01
1.925273537635803223e-01,2.219771724901490051e-01
2.034381031990051547e-01,2.235391171495269003e-01
1.979987621307373047e-01,2.234498077875841648e-01
1.979987621307373047e-01,2.230095759616866624e-01
1.713397651910782415e-01,2.226508930923304375e-01
1.713397651910782415e-01,2.218421880038777549e-01
1.605434864759445190e-01,2.208971319420097723e-01
1.448902040719985962e-01,2.207855229049471846e-01
1.448902040719985962e-01,2.200558046828655079e-01
1.455924957990646362e-01,2.193760079264705787e-01
1.455924957990646362e-01,2.194179056700499009e-01
1.324006021022796631e-01,2.194616734464528984e-01
1.147388964891433438e-01,2.191399315464224173e-01
1.147388964891433438e-01,2.184010677082485474e-01
1.390763670206069946e-01,2.179770954730373966e-01
1.390763670206069946e-01,2.188173000027448523e-01
1.773481070995331088e-01,2.196395868775011251e-01
1.872349977493286133e-01,2.206176047523505102e-01
1.872349977493286133e-01,2.221225271849329996e-01
1.716542840003967285e-01,2.227017007749789723e-01
1.716542840003967285e-01,2.219052047549929518e-01
1.901565045118331909e-01,2.209954780633686111e-01
2.085365056991576593e-01,2.219522766638084010e-01
2.085365056991576593e-01,2.231306381894611890e-01
2.105930447578430453e-01,2.233615268425793443e-01
2.105930447578430453e-01,2.235557324691853087e-01
2.011387944221496860e-01,2.237823861412811255e-01
1.981692165136337280e-01,2.233675398798280476e-01
1.981692165136337280e-01,2.229915283901912071e-01
1.862777769565582553e-01,2.231152544451419084e-01
1.862777769565582553e-01,2.229601878406024529e-01
2.313299924135208130e-01,2.227833834691332060e-01
2.665236890316008966e-01,2.258284361886020997e-01
2.665236890316008966e-01,2.282647614623255772e-01
2.672828137874603271e-01,2.277149035830474122e-01
2.672828137874603271e-01,2.277567206301949754e-01
2.530894875526428223e-01,2.277997670493464299e-01
2.939947843551635742e-01,2.275837667242418816e-01
2.939947843551635742e-01,2.292092464793952511e-01
2.766048014163970947e-01,2.310057942403257736e-01
2.766048014163970947e-01,2.296614673644821192e-01
2.432340085506438654e-01,2.282308000080654764e-01
2.223459333181380670e-01,2.265753672200852276e-01
2.223459333181380670e-01,2.247030824265357773e-01
2.186183035373688022e-01,2.245685933786176758e-01
2.186183035373688022e-01,2.244348920241063250e-01
2.029476463794708530e-01,2.242890160295260282e-01
1.907453685998916626e-01,2.236084225961349203e-01
1.907453685998916626e-01,2.226565068973293537e-01
1.951031982898712158e-01,2.224621444510962165e-01
1.951031982898712158e-01,2.227610903477032778e-01
2.226422727108001431e-01,2.230739923192427976e-01
2.252217978239059448e-01,2.244940694117736335e-01
2.252217978239059448e-01,2.254819829534372710e-01
2.214518934488296509e-01,2.249768308106847026e-01
2.214518934488296509e-01,2.250765641274975193e-01
2.066775113344192505e-01,2.251785281455025711e-01
2.097374200820922852e-01,2.242396401860246580e-01
2.097374200820922852e-01,2.235793056962018244e-01
2.612883150577545166e-01,2.239854353219614125e-01
2.612883150577545166e-01,2.268601116174035759e-01
2.342368513345718384e-01,2.295178092363606426e-01
2.237651944160461148e-01,2.271900213507380140e-01
2.237651944160461148e-01,2.242784663833928549e-01
2.170636057853698730e-01,2.239617854770901695e-01
2.170636057853698730e-01,2.245727886783718541e-01
2.301114946603775024e-01,2.252006751529783413e-01
2.086910158395767212e-01,2.254312203261389369e-01
2.086910158395767212e-01,2.244006170456153137e-01
2.047397941350936890e-01,2.230501955681181148e-01
2.047397941350936890e-01,2.233637164265016295e-01
2.222295254468917569e-01,2.237078582010905148e-01
2.279004752635956088e-01,2.238088304864313538e-01
2.279004752635956088e-01,2.244813696649941848e-01
2.129457294940948486e-01,2.251090992151077996e-01
2.129457294940948486e-01,2.245985983208298731e-01
1.926552951335906982e-01,2.240374357236969705e-01
1.835393011569976807e-01,2.232468920682078861e-01
1.835393011569976807e-01,2.220970988657960110e-01
1.722192019224166870e-01,2.218378766009870273e-01
1.722192019224166870e-01,2.216835915967723392e-01
1.875299960374831876e-01,2.215223817584717758e-01
1.739563494920730591e-01,2.219451596923599224e-01
1.739563494920730591e-01,2.218534236401397686e-01
1.938352584838867188e-01,2.212797982639937711e-01
1.938352584838867188e-01,2.222024109596205943e-01
1.973450034856796265e-01,2.230939701761257832e-01
1.942632943391799927e-01,2.228470014832749369e-01
1.942632943391799927e-01,2.224753767053870290e-01
2.034828513860702515e-01,2.223700889059318508e-01
2.034828513860702515e-01,2.229987525287572270e-01
1.873460412025451938e-01,2.236385088131860877e-01
2.008862048387527743e-01,2.227873526234929180e-01
2.008862048387527743e-01,2.222777480159923158e-01
1.905569285154342651e-01,2.227465572514758241e-01
1.905569285154342651e-01,2.225101859757764033e-01
1.927679926156997403e-01,2.222538213844533761e-01
1.832018047571182529e-01,2.224756673257029527e-01
1.832018047571182529e-01,2.223791546347744230e-01
2.027056962251663208e-01,2.220158266257881707e-01
2.027056962251663208e-01,2.224252621960400300e-01
1.902956068515777588e-01,2.228285299829997623e-01
1.815531253814697266e-01,2.223972203426603789e-01
1.815531253814697266e-01,2.219588308395560872e-01
1.891089975833892822e-01,2.220235964317728294e-01
1.891089975833892822e-01,2.222929430242418791e-01
1.840091049671173096e-01,2.225673269992428926e-01
1.819614022970199863e-01,2.223489272577877096e-01
1.819614022970199863e-01,2.220052053088069355e-01
1.854998767375946045e-01,2.218917147530998224e-01
1.854998767375946045e-01,2.222048863459718804e-01
2.226949036121368408e-01,2.225289269029485095e-01
2.071253955364227572e-01,2.238935093401053789e-01
2.071253955364227572e-01,2.242089672790942845e-01
2.009170949459075928e-01,2.230390766632543986e-01
2.009170949459075928e-01,2.230580028981002660e-01
1.885115951299667636e-01,2.230862420148599645e-01
1.943915784358978549e-01,2.225815948164960034e-01
1.943915784358978549e-01,2.222936640858658441e-01
1.774574071168899536e-01,2.226023363180854031e-01
1.774574071168899536e-01,2.218939146802507700e-01
1.960569024085998535e-01,2.210578141161491372e-01
1.895107030868530551e-01,2.220052663041376106e-01
1.895107030868530551e-01,2.225518703931291808e-01
2.074400931596755981e-01,2.221740859756279052e-01
2.074400931596755981e-01,2.228393172556350499e-01
2.042641043663024902e-01,2.234629494127116367e-01
2.000678032636642456e-01,2.231590318317663579e-01
2.000678032636642456e-01,2.226824300140575752e-01
1.733694821596145352e-01,2.225858149236435990e-01
1.733694821596145352e-01,2.219775315715683539e-01
1.849348992109298706e-01,2.212987830871311346e-01
1.688267737627029419e-01,2.218030335864538405e-01
1.688267737627029419e-01,2.217382475290220201e-01
1.914010494947433194e-01,2.211038347099869017e-01
1.914010494947433194e-01,2.218289879131845888e-01
1.822085529565811157e-01,2.225244963275674892e-01
2.055577039718627930e-01,2.220873916041780360e-01
2.055577039718627930e-01,2.228976943961647472e-01
2.419840693473815640e-01,2.242097946491105054e-01
2.419840693473815640e-01,2.249098514373163715e-01
2.256706357002258578e-01,2.256169707167674510e-01
2.096177935600280762e-01,2.248083610710389924e-01
2.096177935600280762e-01,2.234882447547688888e-01
1.874290108680725098e-01,2.230003922544940287e-01
1.874290108680725098e-01,2.227518451353698858e-01
1.834661066532135010e-01,2.224995349855507787e-01
1.931275576353073398e-01,2.222447759127385569e-01
1.931275576353073398e-01,2.224459188200756388e-01
1.979932039976119995e-01,2.229293684060501823e-01
1.979932039976119995e-01,2.228787168306186339e-01
1.810770928859710693e-01,2.228192522536361075e-01
4.031366109848023571e-01,2.222238770871896585e-01
4.031366109848023571e-01,2.324699523776693200e-01
4.604647159576416016e-01,2.427584815769223414e-01
4.604647159576416016e-01,2.404851797323196705e-01
5.008617043495178223e-01,2.381861603906545444e-01
4.378605186939240057e-01,2.399096856018223256e-01
4.378605186939240057e-01,2.392453132330475130e-01
2.561259269714355469e-01,2.367409086489648262e-01
2.561259269714355469e-01,2.320428743609564970e-01
2.273572981357574463e-01,2.265578257950720542e-01
2.201671004295349399e-01,2.252276957635612475e-01
2.201671004295349399e-01,2.235292396268500348e-01
1.984222531318664551e-01,2.232130921859373507e-01
1.984222531318664551e-01,2.227130273531180149e-01
1.943005025386810580e-01,2.221907407736374573e-01
1.805235445499419888e-01,2.225210566863833339e-01
1.805235445499419888e-01,2.221915042409139396e-01
1.998776346445083896e-01,2.214279178458068986e-01
1.998776346445083896e-01,2.223835307813496198e-01
2.088513970375061035e-01,2.232842000043782915e-01
2.052325755357742865e-01,2.231763937448795754e-01
2.052325755357742865e-01,2.230525615001023865e-01
2.000157982110976618e-01,2.230692636237125437e-01
2.000157982110976618e-01,2.229099978674995430e-01
1.864733994007110596e-01,2.227322372870221834e-01
1.736753731966018677e-01,2.222809075403434365e-01
1.736753731966018677e-01,2.215348538754577656e-01
1.885808259248733243e-01,2.212930485114322499e-01
1.885808259248733243e-01,2.219866046221824485e-01
1.996680051088333130e-01,2.226658617320351474e-01
2.059511989355087558e-01,2.227120059093126436e-01
2.059511989355087558e-01,2.231032084021774553e-01
1.754488945007323941e-01,2.234595483490772472e-01
1.754488945007323941e-01,2.224480668966908048e-01
2.038332223892211914e-01,2.212100023487296174e-01
2.094203978776931763e-01,2.225162717313025340e-01
2.094203978776931763e-01,2.236157471965997123e-01
1.958734989166260043e-01,2.234362663902176027e-01
1.958734989166260043e-01,2.230535831024456350e-01
1.724482625722885132e-01,2.225945442917965089e-01
1.776420623064041138e-01,2.219433419064618385e-01
1.776420623064041138e-01,2.215192762152985717e-01
1.713635921478271207e-01,2.218473493204128899e-01
1.713635921478271207e-01,2.214445231445797968e-01
1.787484437227248868e-01,2.209988537147203613e-01
1.702087521553039551e-01,2.213773600360829930e-01
1.702087521553039551e-01,2.214810553332686727e-01
1.913181245326995850e-01,2.211813727525174800e-01
1.913181245326995850e-01,2.219178564495448147e-01
1.938814073801040649e-01,2.226254979398764877e-01
2.021497935056686401e-01,2.225039726414034524e-01
2.021497935056686401e-01,2.228248206969782874e-01
1.973596364259720126e-01,2.232786601352802491e-01
1.973596364259720126e-01,2.230680039633132772e-01
1.818598955869674683e-01,2.228308223050682046e-01
1.518772840499877930e-01,2.222150320285387615e-01
1.518772840499877930e-01,2.206421473723147175e-01
1.797889769077301025e-01,2.196870099124624554e-01
1.797889769077301025e-01,2.207335204520737559e-01
1.766516566276550571e-01,2.217250644308462748e-01
2.190984636545181274e-01,2.213334624958207542e-01
2.190984636545181274e-01,2.231013247518778830e-01
2.368807047605514526e-01,2.253000252395227776e-01
2.368807047605514526e-01,2.259812563525795404e-01
2.723162174224852961e-01,2.266661590320183384e-01
2.842651307582855225e-01,2.297951224355704314e-01
2.842651307582855225e-01,2.313612993774170346e-01
3.610217571258544922e-01,2.298813598911135236e-01
3.610217571258544922e-01,2.348473011391061793e-01
3.393641114234924316e-01,2.395979011682764503e-01
2.713941931724548340e-01,2.362841903558952350e-01
2.713941931724548340e-01,2.294127095956458307e-01
2.359429746866226474e-01,2.258402198921054538e-01
2.359429746866226474e-01,2.250648867034213685e-01
1.764906942844390869e-01,2.242128489953553461e-01
1.933852136135101596e-01,2.228326749275149621e-01
1.933852136135101596e-01,2.220913615457087709e-01
2.070471495389938354e-01,2.228035902004823765e-01
2.070471495389938354e-01,2.233939415468047807e-01
2.076206952333450317e-01,2.240155505258810409e-01
2.084009945392608920e-01,2.237356930572127200e-01
2.084009945392608920e-01,2.232840747894892508e-01
2.094228416681289395e-01,2.231140456019510554e-01
2.094228416681289395e-01,2.232304413726589332e-01
1.959958970546722412e-01,2.233512770787667023e-01
2.029076218605041226e-01,2.227508528513258423e-01
2.029076218605041226e-01,2.224363897535330259e-01
1.715861856937408447e-01,2.228614373290749018e-01
1.715861856937408447e-01,2.220437957148658770e-01
1.853289008140563965e-01,2.210914199999639007e-01
1.865625381469726562e-01,2.216557847174391027e-01
1.865625381469726562e-01,2.221532492967258632e-01
1.824795007705688199e-01,2.220904643107281806e-01
1.824795007705688199e-01,2.219423793220511032e-01
1.865475177764893133e-01,2.217828577413958890e-01
1.910450011491775513e-01,2.221078097416515351e-01
1.910450011491775513e-01,2.223611376535932216e-01
1.947984993457794467e-01,2.222721259971019436e-01
1.947984993457794467e-01,2.225211706158410907e-01
1.942836940288543701e-01,2.227769798940586743e-01
1.823579072952270508e-01,2.226619070483239482e-01
1.823579072952270508e-01,2.220247543073482210e-01
1.863520592451095859e-01,2.214359271922896333e-01
1.863520592451095859e-01,2.218040086509152631e-01
2.122309356927871982e-01,2.221714992505652853e-01
2.061766982078551969e-01,2.227972573459231775e-01
2.061766982078551969e-01,2.232062392993732769e-01
2.002694308757781982e-01,2.229915435200275076e-01
4.005388617515563965e-01,2.229327418309212661e-01
2.036442905664443970e-01,2.303076987248884877e-01
2.041575908660888672e-01,2.308024215786149136e-01
2.041575908660888672e-01,2.232460919696134805e-01
2.072980999946594793e-01,2.229468232126914640e-01
2.072980999946594793e-01,2.230967217035283445e-01
1.624802798032760620e-01,2.232518484138431014e-01
2.047239691019058228e-01,2.219427920922431019e-01
2.047239691019058228e-01,2.222618545297761206e-01
1.887350976467132846e-01,2.240944612548342874e-01
1.887350976467132846e-01,2.229110704318448821e-01
1.948221027851104736e-01,2.215741577816404961e-01
1.866550594568252841e-01,2.220370082379500287e-01
1.866550594568252841e-01,2.223344114790784254e-01
2.063589692115783969e-01,2.221772933834054997e-01
2.063589692115783969e-01,2.229538439802749294e-01
1.990336924791336060e-01,2.237167816619671512e-01
1.980886012315750122e-01,2.232367887322239397e-01
1.980886012315750122e-01,2.229985610171717758e-01
2.041638940572738370e-01,2.233293083031250292e-01
2.041638940572738370e-01,2.235503898559634550e-01
1.967703551054001132e-01,2.237852011808314223e-01
1.815092116594314853e-01,2.232002989362945056e-01
1.815092116594314853e-01,2.220851754172193659e-01
1.704124957323074618e-01,2.215560958623815913e-01
1.704124957323074618e-01,2.213930163770482518e-01
1.662842035293579102e-01,2.212236859391387145e-01
1.620960831642150879e-01,2.210775433568235859e-01
1.620960831642150879e-01,2.208042113669392015e-01
2.050786018371582031e-01,2.206798373130601787e-01
2.050786018371582031e-01,2.227088647745123773e-01
2.152855992317199985e-01,2.247242204861073789e-01
2.119203954935073575e-01,2.241339467468043134e-01
2.119203954935073575e-01,2.232371071559952069e-01
2.017627954483031949e-01,2.229557605778687557e-01
2.017627954483031949e-01,2.229135989525351247e-01
1.966343224048614502e-01,2.228681908698493253e-01
1.994546651840210238e-01,2.229878108507198087e-01
1.994546651840210238e-01,2.231713876586086387e-01
1.848202943801880160e-01,2.232192280821070351e-01
1.848202943801880160e-01,2.225196197648249274e-01
1.885830014944076538e-01,2.216950926975115310e-01
1.749152988195419034e-01,2.221320389288475583e-01
1.749152988195419034e-01,2.220099679105268509e-01
1.777306050062179565e-01,2.213774213396447754e-01
1.777306050062179565e-01,2.215058556826350888e-01
1.724444031715393066e-01,2.216389110281879460e-01
1.696542352437973022e-01,2.214116802915708504e-01
1.696542352437973022e-01,2.212248365513346804e-01
1.860917955636977872e-01,2.212882627340772013e-01
1.860917955636977872e-01,2.217929474741563989e-01
1.783816069364547452e-01,2.222899551682871733e-01
1.954015940427779596e-01,2.219513051350299193e-01
1.954015940427779596e-01,2.224930612442115874e-01
1.979020982980727872e-01,2.234045949683614585e-01
1.979020982980727872e-01,2.231155749873152683e-01
1.943283975124359408e-01,2.228011501338689748e-01
1.862878054380416870e-01,2.227787475932213601e-01
1.862878054380416870e-01,2.223542146469225933e-01
1.807115972042084018e-01,2.218941831372135687e-01
1.807115972042084018e-01,2.217895947175846649e-01
1.901234537363052368e-01,2.216803924437152906e-01
1.879478991031646729e-01,2.221372321926869675e-01
1.879478991031646729e-01,2.223927690151940306e-01
1.885761320590972900e-01,2.221728038261691074e-01
1.885761320590972900e-01,2.224093821641510149e-01
1.930653005838394443e-01,2.226583665384423982e-01
1.887152642011642456e-01,2.224991739956526104e-01
1.887152642011642456e-01,2.222218696883816735e-01
2.012016028165817261e-01,2.221165951207104972e-01
2.012016028165817261e-01,2.226337561906914786e-01
2.029483020305633267e-01,2.231361369575075859e-01
1.880519986152648648e-01,2.228925558456338052e-01
1.880519986152648648e-01,2.221395945708714570e-01
1.938583850860595981e-01,2.216434530110247270e-01
1.938583850860595981e-01,2.223302608358874444e-01
1.818363368511199951e-01,2.229945049664664447e-01
1.934503465890884122e-01,2.223052256442016872e-01
1.934503465890884122e-01,2.221067460157012119e-01
1.825065016746520719e-01,2.226861679829383878e-01
1.825065016746520719e-01,2.222126616605003546e-01
1.718572974205017090e-01,2.216712782277434901e-01
1.888858973979949951e-01,2.214754368446246457e-01
1.888858973979949951e-01,2.218465625680516029e-01
1.934519559144973477e-01,2.224105747205042671e-01
1.934519559144973477e-01,2.225311043920375487e-01
2.148046046495437345e-01,2.226553443378665731e-01
1.987380981445312500e-01,2.233335228767341363e-01
1.987380981445312500e-01,2.232470234371865536e-01
2.087343037128448486e-01,2.223293686359890664e-01
2.087343037128448486e-01,2.229796186729341989e-01
1.829220354557037631e-01,2.235767896039262959e-01
1.861628443002700806e-01,2.227718274617745131e-01
1.861628443002700806e-01,2.218272934930328455e-01
1.987580806016921997e-01,2.218668970369276627e-01
1.987580806016921997e-01,2.225741272477011756e-01
2.008325010538100641e-01,2.232655237204128895e-01
1.991298943758010864e-01,2.230230425589552479e-01
1.991298943758010864e-01,2.229017892996053296e-01
1.789479851722717285e-01,2.230670985065893730e-01
1.789479851722717285e-01,2.223992016446542375e-01
1.960126012563705167e-01,2.216173300215553976e-01
1.769941002130508423e-01,2.225703260938863282e-01
1.769941002130508423e-01,2.224752762014737817e-01
1.811666339635848999e-01,2.212913032437333061e-01
1.811666339635848999e-01,2.218312764638153689e-01
2.170765548944473267e-01,2.223759105674163739e-01
2.228865027427673340e-01,2.229814566160337186e-01
2.228865027427673340e-01,2.238037867529152902e-01
1.981754004955292026e-01,2.240667975634700881e-01
1.981754004955292026e-01,2.233170202112895741e-01
1.650676876306533813e-01,2.224550722084147614e-01
1.990987807512283603e-01,2.217898650788952541e-01
1.990987807512283603e-01,2.221485815154832233e-01
1.952784955501556396e-01,2.231655226350770238e-01
1.952784955501556396e-01,2.228927115544108439e-01
1.885309964418411255e-01,2.225853710540328934e-01
1.826629936695098877e-01,2.225662305228028326e-01
1.826629936695098877e-01,2.222675771095076469e-01
2.290190458297728937e-01,2.219570554984022226e-01
2.290190458297728937e-01,2.242356701426805599e-01
2.735207974910736084e-01,2.265569225455907054e-01
2.842034697532653809e-01,2.265652658029112532e-01
2.842034697532653809e-01,2.271344730631378872e-01
2.687470018863677979e-01,2.277412595934579786e-01
2.687470018863677979e-01,2.275403515906213869e-01
2.419617027044296542e-01,2.273318569084896712e-01
2.585682272911071777e-01,2.260845591296035406e-01
2.585682272911071777e-01,2.262809835129614977e-01
2.487231940031051913e-01,2.278230933136963510e-01
2.487231940031051913e-01,2.266032736473889420e-01
2.237731963396072388e-01,2.253021397877156828e-01
2.095130234956741055e-01,2.243434027906934525e-01
2.095130234956741055e-01,2.231517702519149327e-01
1.998770385980606079e-01,2.229571516159804256e-01
1.998770385980606079e-01,2.232714000496611451e-01
2.012569010257720947e-01,2.236167199491863877e-01
2.061658948659896851e-01,2.233031023947854576e-01
2.061658948659896851e-01,2.231905593427063184e-01
1.921332776546478549e-01,2.234310261919820739e-01
1.921332776546478549e-01,2.229328372681781134e-01
1.658605039119720459e-01,2.223381571038302584e-01
1.724504977464676181e-01,2.216574515235627540e-01
1.724504977464676181e-01,2.211948050869242122e-01
1.866747587919235229e-01,2.215095173204925105e-01
1.866747587919235229e-01,2.222928552593528839e-01
1.559437066316604614e-01,2.230871347289987983e-01
1.450039297342300415e-01,2.215921636581860144e-01
1.450039297342300415e-01,2.195803354428513543e-01
1.372807174921035767e-01,2.192860341815133229e-01
1.372807174921035767e-01,2.191466080348532797e-01
1.404531002044677457e-01,2.190019269644521704e-01
1.343677937984466553e-01,2.192349931917282058e-01
1.343677937984466553e-01,2.191747524528731839e-01
1.512558013200759888e-01,2.188537760980682478e-01
1.512558013200759888e-01,2.194222549459383387e-01
1.571162045001983365e-01,2.199881887600902974e-01
1.624787002801895142e-01,2.203189876727034979e-01
1.624787002801895142e-01,2.206147136557018440e-01
1.773491054773330688e-01,2.205683084323920851e-01
1.773491054773330688e-01,2.212518940724935712e-01
1.815999448299408237e-01,2.219226242026092477e-01
1.852913051843643188e-01,2.221146115277927158e-01
1.852913051843643188e-01,2.222153250947652148e-01
1.884922981262207031e-01,2.221080583973578104e-01
1.884922981262207031e-01,2.220709260018982334e-01
1.918683052062988559e-01,2.220278221378971240e-01
2.261683344841003418e-01,2.224725812158550031e-01
2.261683344841003418e-01,2.238221486116431513e-01
2.014196962118148804e-01,2.247390864423773060e-01
2.014196962118148804e-01,2.236788772949985793e-01
1.973526030778884888e-01,2.225044153069248853e-01
1.941564679145812711e-01,2.225356207949449328e-01
1.941564679145812711e-01,2.226344779714310440e-01
2.078395932912826538e-01,2.227061406583465686e-01
2.078395932912826538e-01,2.232194984877305111e-01
1.838871985673904419e-01,2.237416267725194918e-01
2.030725032091140747e-01,2.226998537874238238e-01
2.030725032091140747e-01,2.225960525181416572e-01
1.920516937971115112e-01,2.237011522312825351e-01
1.920516937971115112e-01,2.230364975110403214e-01
1.887007951736450473e-01,2.222942242866838836e-01
1.887437999248504916e-01,2.222083163235510916e-01
1.887437999248504916e-01,2.225558484505669454e-01
1.873788982629775723e-01,2.230180469081225469e-01
1.873788982629775723e-01,2.225857969253556556e-01
1.891151070594787875e-01,2.221170951955394601e-01
1.895716041326522827e-01,2.223446660796357666e-01
1.895716041326522827e-01,2.225631044463787789e-01
1.892361938953399936e-01,2.225424359138576391e-01
1.892361938953399936e-01,2.226009821450773973e-01
1.986678987741470614e-01,2.226642271895782343e-01
2.600212097167968750e-01,2.229490905912668852e-01
2.600212097167968750e-01,2.262809350385652507e-01
2.536996603012084961e-01,2.291629552616621102e-01
2.536996603012084961e-01,2.274173477104186047e-01
2.486595213413238525e-01,2.255354130006777535e-01
2.238901853561401645e-01,2.252724161654933166e-01
2.238901853561401645e-01,2.244942991551524270e-01
1.916601955890655518e-01,2.239269100636908927e-01
1.916601955890655518e-01,2.232408874962536205e-01
1.912304461002349576e-01,2.225023494043941730e-01
2.217618972063064853e-01,2.225781726563947072e-01
2.217618972063064853e-01,2.243451491156624733e-01
2.349424958229065219e-01,2.260521871191044363e-01
2.349424958229065219e-01,2.258463944107766408e-01
2.342955172061919888e-01,2.256030432829808086e-01
2.245461940765380859e-01,2.261092633784881900e-01
2.245461940765380859e-01,2.261015748811560366e-01
2.107733041048049649e-01,2.255604229051168808e-01
2.107733041048049649e-01,2.243966761901615703e-01
2.195045053958892822e-01,2.231499970260744647e-01
1.867112517356872836e-01,2.238769368858780084e-01
1.867112517356872836e-01,2.234243263092361986e-01
1.782344579696655551e-01,2.220664379329867488e-01
1.782344579696655551e-01,2.219498969414509526e-01
1.810989975929260531e-01,2.218284348618619062e-01
1.992904990911484042e-01,2.217209191851082783e-01
1.992904990911484042e-01,2.224956995531868764e-01
2.188781946897506436e-01,2.233579795238230525e-01
2.188781946897506436e-01,2.243009959451164881e-01
3.330821096897125244e-01,2.252636652298301012e-01
2.986789345741271973e-01,2.326101486947144692e-01
2.986789345741271973e-01,2.342013644533909311e-01
3.000943064689636230e-01,2.286087148408940117e-01
3.000943064689636230e-01,2.290459053035746317e-01
2.386572659015655518e-01,2.294990581972278509e-01
2.014694958925247192e-01,2.271248089953800675e-01
2.014694958925247192e-01,2.240576694068652785e-01
2.121156007051467896e-01,2.235561110611343771e-01
2.121156007051467896e-01,2.238811632981085320e-01
2.050123065710068027e-01,2.242250748876353228e-01
1.987702995538711548e-01,2.237323983583457965e-01
1.987702995538711548e-01,2.228952116348618673e-01
1.788948029279709140e-01,2.225374138240312216e-01
1.788948029279709140e-01,2.219749194768370626e-01
2.083670347929000577e-01,2.213413406506734571e-01
2.080235034227371216e-01,2.228167814345201336e-01
2.080235034227371216e-01,2.241199767067012238e-01
1.859974563121796209e-01,2.239582943754822586e-01
1.859974563121796209e-01,2.229137156532194630e-01
2.174742072820663452e-01,2.217079328357272616e-01
2.246447950601577481e-01,2.236889050377670607e-01
2.246447950601577481e-01,2.251836465838431278e-01
2.117234021425247192e-01,2.245196811897334777e-01
2.117234021425247192e-01,2.238036141154240710e-01
2.041544467210769376e-01,2.229863463100135723e-01
2.146971523761749268e-01,2.233377357577281119e-01
2.146971523761749268e-01,2.245653238685340058e-01
2.150782048702239990e-01,2.254114245850765419e-01
2.150782048702239990e-01,2.247351289523049356e-01
2.338068932294845581e-01,2.238918092134365434e-01
3.202091157436370850e-01,2.256685785774733000e-01
3.202091157436370850e-01,2.322988607474698874e-01
3.246116042137145996e-01,2.370412847774500120e-01
3.246116042137145996e-01,2.353783097708902206e-01
3.107064068317412775e-01,2.336280783676332184e-01
3.095698356628417969e-01,2.320002819831027407e-01
3.095698356628417969e-01,2.315941983943449745e-01
2.792485058307648260e-01,2.329122394197895296e-01
2.792485058307648260e-01,2.321736378700194059e-01
2.426900416612625122e-01,2.314111632827617893e-01
2.526278495788574219e-01,2.290875399792847711e-01
2.526278495788574219e-01,2.273840334782734063e-01
2.839281857013702393e-01,2.282466299808287302e-01
2.839281857013702393e-01,2.299849466905270756e-01
2.947731912136077881e-01,2.316909099564833652e-01
2.706804275512695312e-01,2.322825662004076308e-01
2.706804275512695312e-01,2.306510559451611653e-01
2.213104963302612582e-01,2.282272390654638550e-01
2.213104963302612582e-01,2.259958948072399165e-01
2.309004068374633234e-01,2.235752765370017658e-01
2.387782931327820102e-01,2.248195526262949384e-01
2.387782931327820102e-01,2.266447112202056857e-01
2.419604510068892878e-01,2.271797353045359735e-01
2.419604510068892878e-01,2.277988941315597926e-01
2.565485239028931219e-01,2.284149009672892805e-01
2.649432718753815252e-01,2.275303368783482827e-01
2.649432718753815252e-01,2.280550589008278062e-01
2.552419006824492853e-01,2.295210770861139671e-01
2.552419006824492853e-01,2.281533745644074851e-01
2.503576874732971191e-01,2.266612971492179551e-01
2.851879894733428955e-01,2.265176741476307987e-01
2.851879894733428955e-01,2.298716703698597819e-01
3.117785453796387274e-01,2.331438944320664008e-01
3.117785453796387274e-01,2.343310905208705330e-01
2.945955097675323486e-01,2.355262669265255349e-01
3.066652119159698486e-01,2.324980607462710791e-01
3.066652119159698486e-01,2.304193681180012887e-01
2.395841330289840698e-01,2.316264312662607294e-01
2.395841330289840698e-01,2.281794096922422355e-01
1.883951872587203979e-01,2.244166226744122861e-01
1.851434856653213223e-01,2.234208092302372717e-01
1.851434856653213223e-01,2.224979052155552639e-01
2.226487994194030762e-01,2.226308212333954206e-01
2.226487994194030762e-01,2.242094450546451290e-01
2.192545831203460693e-01,2.258246381845002149e-01
2.097330987453460693e-01,2.247276347974906940e-01
2.097330987453460693e-01,2.232601554415794831e-01
1.943479031324386597e-01,2.229589462201616579e-01
1.943479031324386597e-01,2.226207306034556077e-01
1.941306889057159424e-01,2.222622079142470286e-01
2.030006051063537598e-01,2.224687945098306752e-01
2.030006051063537598e-01,2.227762388834139129e-01
1.910956948995590765e-01,2.228692532188129571e-01
1.910956948995590765e-01,2.225737634453475444e-01
1.403214633464813232e-01,2.222478538682607085e-01
1.376174986362457275e-01,2.208545127412857023e-01
1.376174986362457275e-01,2.192348986517817511e-01
1.550265699625015259e-01,2.192795841228825926e-01
1.550265699625015259e-01,2.199051498006409366e-01
2.001304924488067905e-01,2.205246630427887822e-01
1.929156184196471613e-01,2.220684840989013142e-01
1.929156184196471613e-01,2.229766438839171083e-01
1.806230992078780850e-01,2.224075517396488788e-01
1.806230992078780850e-01,2.219893471908746807e-01
1.619705408811569214e-01,2.215197796218759119e-01
1.889210045337677280e-01,2.211688975993004180e-01
1.905120015144347867e-01,2.216789806622941617e-01
1.788192987442016324e-01,2.225590467429758579e-01
1.788192987442016324e-01,2.221784389664953618e-01
1.769654452800750732e-01,2.217073892271594071e-01
1.813704073429107944e-01,2.215262745489907370e-01
1.813704073429107944e-01,2.215765073860477274e-01
2.045527994632720947e-01,2.218291729556407244e-01
2.045527994632720947e-01,2.227900603483611019e-01
2.115447074174881259e-01,2.237284137197728950e-01
2.114014774560928622e-01,2.234148087262836369e-01
2.114014774560928622e-01,2.231182950160106593e-01
1.859614849090575894e-01,2.231961967939686542e-01
1.859614849090575894e-01,2.226438562352230088e-01
1.966694146394729614e-01,2.220331190805381605e-01
1.941680759191513339e-01,2.225623384051385600e-01
1.941680759191513339e-01,2.229625077269675459e-01
1.857832968235015869e-01,2.228242915939356861e-01
1.857832968235015869e-01,2.224846408543743881e-01
1.800334155559539795e-01,2.221048591535860206e-01
2.057538926601410190e-01,2.219222178510258936e-01
2.057538926601410190e-01,2.229504873856825442e-01
2.078094035387039185e-01,2.241853434365831399e-01
2.078094035387039185e-01,2.236321404074306241e-01
2.086281329393386841e-01,2.230323695453237942e-01
2.044339925050735474e-01,2.231804688676923831e-01
2.044339925050735474e-01,2.230017211446936598e-01
2.053123414516448975e-01,2.225749018395837830e-01
2.053123414516448975e-01,2.227485269748295249e-01
2.010436654090881625e-01,2.229215289605817607e-01
1.927201002836227417e-01,2.229875750457842309e-01
1.927201002836227417e-01,2.224461742796916275e-01
1.994760930538177490e-01,2.216693816633111269e-01
1.994760930538177490e-01,2.219145315969015264e-01
1.575461775064468384e-01,2.221644566334677051e-01
1.327996999025344849e-01,2.210984746909095688e-01
1.327996999025344849e-01,2.194292558690589534e-01
1.607619971036911011e-01,2.189286344924373795e-01
1.607619971036911011e-01,2.198606351189175689e-01
1.669837534427642822e-01,2.207608067718187517e-01
1.829388290643691739e-01,2.208802411153863721e-01
1.829388290643691739e-01,2.216613148139045253e-01
1.954613029956817627e-01,2.223088937905224605e-01
1.954613029956817627e-01,2.228497035813878646e-01
1.971024274826049250e-01,2.234062782107019696e-01
2.063226997852324884e-01,2.232875655904618395e-01
2.063226997852324884e-01,2.231793229917863608e-01
2.025007009506225308e-01,2.231900929572959713e-01
2.025007009506225308e-01,2.231194519342927229e-01
1.924629509449005405e-01,2.230439134860747186e-01
2.318105995655060092e-01,2.230402541436596053e-01
2.318105995655060092e-01,2.236685639721153751e-01
2.230467796325683871e-01,2.243002072356740928e-01
2.230467796325683871e-01,2.239434246896027381e-01
2.142658680677413940e-01,2.235594352696773646e-01
1.877232939004898071e-01,2.234198359352686236e-01
1.877232939004898071e-01,2.226825151341078335e-01
2.017925977706908625e-01,2.220364887355469330e-01
2.017925977706908625e-01,2.227083749924713696e-01
2.051866054534912109e-01,2.233622255581768357e-01
1.975956559181213379e-01,2.231801351628472097e-01
1.975956559181213379e-01,2.228714357109206623e-01
2.050545066595077237e-01,2.227748307588849064e-01
2.050545066595077237e-01,2.228779184509150635e-01
1.966183036565780640e-01,2.229815940064791002e-01
1.954053044319152832e-01,2.226036837343479957e-01
1.954053044319152832e-01,2.221246753598561108e-01
1.642142683267593384e-01,2.220915977255068507e-01
1.642142683267593384e-01,2.213709410381864418e-01
1.847266256809234619e-01,2.205769576073574878e-01
1.668477952480316162e-01,2.214542225139693177e-01
1.668477952480316162e-01,2.215008060795592704e-01
1.522195041179656982e-01,2.205853846060098489e-01
1.522195041179656982e-01,2.201488283298595194e-01
4.099152088165283203e-01,2.196771962481924023e-01
4.086518883705139160e-01,2.300684206797439513e-01
4.086518883705139160e-01,2.394390548025579213e-01
4.332959949970245361e-01,2.388108480526112132e-01
4.332959949970245361e-01,2.387542431851153724e-01
4.238381981849669855e-01,2.386916864421092521e-01
4.020000100135803778e-01,2.386566989848623865e-01
4.020000100135803778e-01,2.370147236906967325e-01
