1.905867606399999914e-01,1.692684454122908577e-01
1.769561022520000082e-01,1.760298543200569110e-01
1.810430586339999981e-01,1.760063428440684641e-01
1.955727785830000398e-01,1.727540086214473525e-01
1.954265981910000005e-01,1.826796059905294589e-01
2.004670947789999880e-01,1.885447537195946710e-01
2.029463946819999587e-01,1.913495838862700194e-01
0.000000000000000000e+00,1.948270041712509004e-01
1.862521618600000151e-01,8.085564212130286199e-02
1.862153261900000301e-01,1.051348536829384839e-01
4.038094580169999670e-01,1.794922816804013499e-01
4.118085205549999461e-01,3.032835088916193689e-01
3.743042349819999948e-01,3.989320322635105942e-01
3.571429848669999685e-01,3.810049407195065241e-01
2.572054266930000055e-01,3.552511089217128548e-01
2.409307956699999753e-01,2.910885691051463553e-01
2.253161966800000249e-01,2.398694478415497877e-01
1.935185044999999937e-01,2.242344085396994202e-01
1.787700653079999924e-01,1.996996997003186169e-01
1.622045934200000150e-01,1.782381020817268291e-01
1.761920750140000269e-01,1.627946427064382029e-01
1.883655935530000325e-01,1.639863734573733800e-01
1.861467957499999548e-01,1.766026199769927252e-01
1.954913884399999968e-01,1.803183435490949837e-01
1.954011768099999935e-01,1.847203946834640176e-01
1.660518944260000185e-01,1.884969295100797915e-01
1.907722949980000249e-01,1.717859700368573328e-01
2.156041562559999625e-01,1.738361321752867616e-01
1.898660957809999716e-01,1.980470241993619041e-01
1.770474612709999895e-01,1.936185275278051177e-01
2.001174986360000074e-01,1.757630781191329428e-01
1.948629021640000125e-01,1.836304860884802326e-01
1.922753006219999894e-01,1.900891179433893963e-01
1.779100298880000042e-01,1.864627835873984285e-01
1.810636967419999854e-01,1.772400222179256468e-01
1.680064052340000114e-01,1.731552408768519680e-01
1.635809391740000174e-01,1.670265666236905588e-01
1.706920862200000111e-01,1.591855226735999496e-01
1.916799396280000345e-01,1.614222584292714924e-01
2.085516005749999957e-01,1.762424204225466473e-01
2.058236002919999752e-01,1.944093450633169740e-01
1.828240007160000513e-01,1.997847482789533446e-01
1.857409924269999846e-01,1.855922339183380676e-01
1.775099337099999841e-01,1.778205903097372920e-01
1.752161234619999952e-01,1.743372469157631333e-01
1.971126049759999999e-01,1.696699243127566537e-01
1.845117062330000057e-01,1.811750886666285143e-01
1.984785944219999987e-01,1.829739482085386282e-01
2.143009155989999692e-01,1.857492372481824305e-01
1.841159015890000139e-01,2.004656135890597601e-01
2.104043960570000094e-01,1.898143700178809845e-01
2.032361328599999739e-01,1.923663439535817921e-01
2.088565975429999833e-01,1.990762098875173136e-01
1.960448026660000231e-01,1.993238592476750393e-01
1.900728046889999523e-01,1.943520497581468220e-01
1.658952832220000062e-01,1.856958492194750732e-01
1.872539073229999851e-01,1.695133899709913849e-01
1.852532625200000171e-01,1.717730840866855957e-01
1.799222826959999966e-01,1.793555908276836253e-01
2.012764066460000223e-01,1.755081587446476743e-01
1.978618204589999985e-01,1.854633364135492291e-01
1.950792670250000027e-01,1.922693219049285696e-01
1.711323857310000085e-01,1.892863172933824945e-01
1.623787879939999901e-01,1.745394307592772754e-01
1.677809953689999856e-01,1.597768235169428896e-01
2.059821039440000168e-01,1.592797483783878476e-01
2.158481031659999771e-01,1.831849437931739877e-01
2.141157686710000174e-01,2.044271428976597582e-01
1.768843084569999835e-01,2.075025344370359237e-01
1.967563778159999444e-01,1.856296925134243436e-01
1.834106147289999988e-01,1.816535551121745695e-01
1.805770993230000065e-01,1.822022108473441149e-01
1.911945044990000231e-01,1.751265346378131638e-01
2.012096941470000178e-01,1.800010428805066398e-01
2.066745012999999798e-01,1.900370642654983511e-01
2.420079559090000110e-01,1.972510966913099961e-01
2.195876985790000124e-01,2.195887309477352889e-01
2.106474190949999825e-01,2.214233347439938382e-01
1.944769918919999896e-01,2.070720977186293887e-01
1.704634428020000148e-01,1.941978446495350452e-01
1.787724494929999741e-01,1.739125438934419066e-01
1.750701963900000158e-01,1.688153598594538951e-01
1.796004772190000487e-01,1.701026289083629184e-01
1.688816994429999940e-01,1.711646630571128647e-01
1.640222966669999949e-01,1.669258088149476460e-01
1.799237728120000324e-01,1.597927775372014469e-01
1.769366562369999729e-01,1.668459129696181209e-01
1.781685650350000039e-01,1.716332114162090194e-01
1.665234863759999795e-01,1.711130432047073269e-01
1.855484992270000077e-01,1.650016123206912988e-01
1.732649058100000083e-01,1.710598731625850299e-01
1.860052198169999949e-01,1.718471085439343404e-01
1.832000017169999884e-01,1.740669878029486306e-01
1.951216459270000425e-01,1.776779938683473725e-01
2.088083624839999763e-01,1.833049349819267371e-01
1.873752027749999993e-01,1.959659879352500522e-01
2.025922685860000183e-01,1.894055136235859582e-01
1.986005455260000108e-01,1.892589950862209602e-01
1.863885968919999914e-01,1.932295998817686045e-01
1.716178953649999950e-01,1.846508896746624218e-01
1.885485500099999823e-01,1.712553276768907784e-01
2.112170010809999998e-01,1.748404522180343479e-01
1.833238750700000030e-01,1.946421186834208783e-01
2.096922993660000067e-01,1.880946588980906553e-01
2.197588831190000203e-01,1.916376306291951714e-01
2.330529242750000174e-01,2.081765829410961999e-01
2.151579260829999951e-01,2.198829692980273365e-01
2.008593231439999849e-01,2.151972880779028652e-01
1.312076449390000010e-01,1.996823574445881211e-01
1.399971693750000079e-01,1.542470325898554762e-01
1.684847325090000070e-01,1.308750236812224188e-01
2.097207009790000298e-01,1.505996599339905206e-01
1.677834987640000053e-01,1.855969269595534044e-01
1.697814613580000132e-01,1.786512021177697751e-01
1.778024435040000129e-01,1.626161202104846049e-01
1.989280730490000093e-01,1.679863368415177305e-01
1.968562752010000194e-01,1.832627237679451127e-01
1.764101982119999634e-01,1.907337846124297631e-01
1.775619983670000124e-01,1.782661596496911971e-01
1.848997771739999962e-01,1.705535384710909486e-01
1.751745045190000183e-01,1.751926146663264905e-01
1.822087168690000036e-01,1.726664404726741819e-01
1.833387613300000163e-01,1.726890424800099910e-01
2.092746049170000067e-01,1.762041570780064903e-01
2.103900015349999819e-01,1.914062625889574876e-01
1.875178515910000121e-01,2.026780416161129972e-01
1.892182081940000093e-01,1.901372912074015820e-01
2.129119038579999901e-01,1.817165582641850352e-01
1.846891939640000202e-01,1.958798882566369082e-01
1.933595985170000198e-01,1.895681067724234170e-01
1.597519963980000013e-01,1.829125728740210732e-01
1.731968969110000145e-01,1.673715033970323007e-01
1.763989776370000484e-01,1.612875800159054296e-01
1.903230398890000119e-01,1.685816412773404049e-01
1.978137493129999980e-01,1.777993817807949073e-01
1.724811047320000124e-01,1.877499352457703830e-01
1.773964017630000056e-01,1.764271046106640206e-01
1.862247735259999759e-01,1.688563026168149739e-01
2.039294093849999823e-01,1.758778489298492564e-01
2.303259670730000153e-01,1.895482493484366704e-01
2.793866395949999859e-01,2.118161627354381016e-01
2.991397082810000052e-01,2.506059636656008949e-01
2.514718174930000161e-01,2.822340076863817382e-01
1.890812516209999794e-01,2.633749186433654299e-01
2.833725214000000214e-01,2.080085119660430026e-01
2.606627941129999737e-01,2.359052715797792521e-01
2.856159806249999877e-01,2.620031559848596814e-01
2.152941524979999910e-01,2.667319938266283774e-01
1.691618561740000082e-01,2.371366408443884577e-01
1.676646620040000146e-01,1.817286045680978346e-01
1.986771523950000007e-01,1.619754648029280431e-01
1.806469559670000058e-01,1.789853802098944069e-01
1.824937760829999922e-01,1.814201379826346217e-01
1.871567964549999963e-01,1.750857630911654972e-01
2.099210023880000164e-01,1.784900478612439778e-01
1.939254999159999993e-01,1.933356398978331447e-01
1.662387549880000037e-01,1.935855179392516334e-01
1.659430116420000101e-01,1.712870636945455494e-01
1.823978126049999871e-01,1.598069687782419090e-01
1.884365230800000013e-01,1.690333762137178619e-01
2.158337980510000031e-01,1.791779846349793870e-01
2.153968065980000068e-01,1.972210662773623557e-01
1.994820386169999793e-01,2.082249732909276507e-01
1.468160003419999859e-01,1.989979453886588645e-01
1.810178905730000509e-01,1.625388504737115547e-01
1.982497125860000209e-01,1.604798159379328126e-01
1.886273920540000038e-01,1.841907265616267164e-01
1.874347329140000074e-01,1.857790438470345307e-01
1.838997006419999802e-01,1.811573405235827050e-01
1.789868623020000049e-01,1.786605371720968727e-01
2.386641800400000069e-01,1.744231047393276501e-01
4.006521701810000224e-01,2.063398845111205082e-01
3.205133974549999598e-01,3.230785871737283932e-01
3.453539609910000197e-01,3.456207277362696173e-01
3.201048076149999866e-01,3.257861920161072011e-01
3.410750627520000022e-01,3.218947139560398574e-01
3.317869901659999954e-01,3.231784609271349806e-01
3.053638935090000062e-01,3.267358078089963591e-01
2.349332422019999866e-01,3.077737962129379889e-01
2.433501929039999789e-01,2.565786437981428803e-01
2.282197028400000105e-01,2.320079700419233337e-01
2.155468463900000187e-01,2.268881922105313587e-01
1.862514019010000077e-01,2.134204827229256585e-01
1.789111644029999504e-01,1.915409585648823187e-01
1.881189942359999534e-01,1.753421102676410437e-01
2.258600741620000185e-01,1.775727841467319990e-01
2.293289005759999999e-01,2.027921548454968692e-01
2.172957956789999534e-01,2.202827396088240797e-01
2.285813987260000013e-01,2.148732025214565577e-01
2.961176931860000083e-01,2.163245213649599707e-01
2.966041862959999942e-01,2.594069351592107053e-01
2.547382712360000134e-01,2.877903166062264484e-01
2.234010547399999935e-01,2.641703762501756980e-01
2.086469978090000066e-01,2.288743816800442310e-01
2.144542932510000166e-01,2.075080129508212190e-01
1.909040212630000177e-01,2.047305107187271100e-01
1.961078941820000032e-01,1.937346685286093495e-01
1.758218258620000141e-01,1.870184048807982669e-01
1.801499277349999928e-01,1.776249622470055523e-01
1.802266091110000246e-01,1.717835703035324735e-01
1.831340938809999930e-01,1.735946177904499066e-01
1.799343973400000241e-01,1.752778019445795088e-01
1.912952065469999963e-01,1.746483363482400075e-01
2.391949146990000052e-01,1.797956621307330305e-01
2.476447969680000138e-01,2.116767984722052465e-01
2.603625059129999753e-01,2.362150882596601165e-01
2.153915017839999890e-01,2.469530707853525298e-01
1.687171012159999761e-01,2.266585962864700321e-01
1.901023983960000163e-01,1.815161081243130414e-01
1.932636946439999781e-01,1.745410534262321345e-01
1.967433989050000331e-01,1.850736724074232564e-01
1.968259066340000141e-01,1.883464606346475501e-01
1.806160062550000167e-01,1.898201436668896513e-01
1.917202025649999975e-01,1.806429954464828236e-01
1.939498037100000072e-01,1.803156795908617549e-01
1.780927032229999429e-01,1.861262988764549320e-01
1.982128173110000169e-01,1.780300914919223099e-01
2.026619017119999921e-01,1.829747346091026572e-01
1.926424354309999587e-01,1.937400304668715767e-01
1.775846034290000375e-01,1.898720733343119971e-01
1.697379499670000069e-01,1.772055999988513819e-01
1.742126941680000041e-01,1.665887741780047726e-01
1.767573058610000247e-01,1.659294172488114671e-01
1.698893159629999983e-01,1.691995904525981365e-01
1.786662638189999985e-01,1.663369649389911664e-01
1.773128658529999901e-01,1.685210222403271119e-01
1.912915557620000206e-01,1.713332302956507291e-01
1.917339116329999926e-01,1.787228577202192581e-01
1.682408750059999902e-01,1.846914211760571078e-01
1.533582359550000052e-01,1.715259633021442021e-01
1.219834238290000011e-01,1.534766664497677624e-01
1.124273017049999962e-01,1.296211693976896118e-01
1.387385427950000027e-01,1.115179221405721288e-01
1.735682934519999776e-01,1.225994247856125735e-01
1.894755959509999699e-01,1.529779786865257674e-01
1.896263062950000189e-01,1.761626849132897077e-01
1.874510943890000114e-01,1.827499632205653035e-01
1.846003979439999887e-01,1.815756568955646244e-01
2.440665513279999810e-01,1.790653515223766534e-01
2.327407002449999873e-01,2.117073317294932977e-01
2.219963967800000215e-01,2.297563021557569585e-01
1.852974742650000117e-01,2.189564448231891280e-01
1.947617977860000016e-01,1.936579694853030054e-01
1.780637502669999983e-01,1.839582710108719488e-01
1.859644204379999610e-01,1.783465367851549688e-01
2.072025239469999502e-01,1.760024275994984122e-01
1.870556026700000152e-01,1.913023040323574842e-01
2.003259211780000215e-01,1.885634756410981827e-01
2.049419134859999936e-01,1.878400088527520384e-01
4.109843969350000514e-01,1.959033482827611250e-01
3.850685060019999884e-01,3.150458902506200753e-01
3.761990368370000670e-01,3.867794363756111298e-01
3.382981419560000536e-01,3.706764180542421183e-01
2.050670981410000482e-01,3.453292434805299016e-01
2.311079055070000277e-01,2.534647805515684027e-01
2.232432067389999997e-01,2.127283833449151729e-01
1.962449550630000206e-01,2.189902747109367942e-01
1.992976218459999727e-01,2.003934664309574010e-01
1.784480065109999847e-01,1.910205018988909709e-01
1.708953380579999737e-01,1.804255462061142568e-01
1.857410371300000085e-01,1.675987356829686803e-01
1.884250044819999748e-01,1.729505964728862144e-01
1.818749755619999964e-01,1.805387221677001719e-01
1.925081014630000142e-01,1.779155454369614475e-01
1.790819615130000153e-01,1.812779591554735115e-01
1.921849995850000159e-01,1.780011862407102075e-01
1.867637038229999769e-01,1.799530671805767978e-01
1.980000883339999851e-01,1.822332075794348416e-01
3.074838817119999734e-01,1.863986229536984951e-01
2.838982045650000341e-01,2.532839967869089937e-01
2.563236057759999964e-01,2.853270947197117935e-01
2.176708281040000137e-01,2.597541319224027645e-01
3.016590476040000302e-01,2.262749809692002623e-01
3.009566068650000314e-01,2.580582625965791022e-01
3.871228992939999558e-01,2.925908600773202140e-01
3.553330004220000005e-01,3.413432894181301913e-01
2.734268903729999978e-01,3.596739040992970038e-01
3.047637045380000020e-01,2.995516059103012774e-01
1.934034079309999710e-01,2.829474480034424033e-01
1.674667745829999943e-01,2.327154924868476693e-01
1.849085837600000226e-01,1.717704773057015522e-01
2.460200339559999727e-01,1.710804658413519752e-01
2.682054042820000150e-01,2.129446138558291346e-01
2.603135108949999887e-01,2.507415641010066198e-01
2.072546035049999680e-01,2.554744774563369458e-01
2.076155245300000118e-01,2.220123017888744610e-01
1.928880363700000156e-01,2.002699751614819834e-01
1.886100023979999929e-01,1.920475878316648677e-01
1.899161785839999783e-01,1.835704113933656900e-01
1.841135472060000111e-01,1.825602599715222818e-01
1.885657012459999726e-01,1.797979924372124505e-01
1.928238719700000325e-01,1.799529372412406181e-01
1.931996941570000015e-01,1.841944724061941319e-01
1.622868627309999867e-01,1.861522632977996028e-01
1.296745538709999923e-01,1.687453457627458575e-01
1.509044617410000011e-01,1.376120167711835374e-01
1.567745953799999925e-01,1.364471204361652756e-01
2.352031022309999941e-01,1.483684351036915761e-01
2.412368059159999689e-01,1.953227643140967584e-01
3.487674891950000022e-01,2.309174986179819700e-01
4.479171633719999934e-01,2.946124173232984034e-01
7.274934649469999570e-01,3.960766814762314847e-01
7.546014785770001065e-01,5.966823344075549151e-01
6.946486234659999814e-01,7.336567111183645018e-01
6.383669972420000782e-01,7.118166103668839284e-01
5.096258521080000436e-01,6.537367576658065227e-01
3.489852249620000735e-01,5.561143414709981414e-01
3.274166882039999948e-01,4.086842312658618415e-01
3.183498978609999863e-01,3.275929199890918464e-01
2.771280407910000076e-01,3.133225730483142901e-01
2.614668905739999660e-01,2.860422807112662502e-01
2.646197974680000176e-01,2.598521847115715100e-01
2.569813728329999880e-01,2.551186489193684737e-01
2.632848024370000317e-01,2.520850915577670381e-01
2.274889498949999866e-01,2.524934206808209236e-01
1.972997337579999733e-01,2.347535611486525065e-01
1.593737602229999828e-01,2.027459658073124948e-01
1.552143245940000027e-01,1.687724428423210410e-01
2.165970057250000136e-01,1.509218413311209928e-01
2.152127921579999881e-01,1.841083962590343293e-01
2.079710960389999919e-01,2.084348254757195651e-01
2.003736048939999681e-01,2.037475078324450517e-01
1.930765211580000029e-01,1.964481305657981014e-01
1.887691617009999989e-01,1.891790549778513686e-01
2.153376042839999782e-01,1.837380990895474409e-01
2.704129219060000255e-01,1.970751380020107635e-01
5.549836754800000493e-01,2.393144122160356380e-01
5.126557946209999717e-01,4.239817161938875811e-01
5.099799633029999946e-01,5.214584922797877997e-01
4.163484573359999552e-01,5.015701521356290549e-01
2.535916566849999998e-01,4.471771898517684085e-01
1.788074076179999861e-01,3.142417930843943719e-01
1.850019842389999947e-01,2.030516837320791301e-01
1.711802035570000047e-01,1.757593040421776831e-01
1.727939993140000241e-01,1.704394176287142848e-01
1.767069548369999965e-01,1.657114700881330283e-01
1.761609017850000181e-01,1.685922587316788790e-01
2.039509564639999939e-01,1.698787628966794416e-01
1.905422955750000480e-01,1.854475046145645512e-01
1.819348037240000049e-01,1.892082027268280342e-01
1.684180349109999919e-01,1.788165642397339661e-01
1.891849339009999964e-01,1.676163875502481027e-01
1.689333617690000067e-01,1.738978568796798463e-01
1.962249428029999576e-01,1.708752164458947342e-01
1.980420649049999537e-01,1.781085610299109889e-01
1.778897047040000068e-01,1.902986843054202681e-01
1.612316220999999994e-01,1.795931202552838446e-01
1.492553949359999854e-01,1.618826003060028218e-01
1.442013978960000053e-01,1.482944245254403659e-01
1.220441684129999899e-01,1.405622815810570470e-01
1.259213238949999925e-01,1.259431134985812273e-01
1.192706972360000062e-01,1.191948736260343977e-01
1.400409787890000146e-01,1.169847695524642989e-01
1.655126959090000016e-01,1.260894809537805028e-01
1.946723610159999951e-01,1.489294872914683487e-01
1.824015975000000123e-01,1.758329438686785651e-01
1.781254708769999806e-01,1.807742759913739117e-01
1.768455654380000075e-01,1.733212065529556589e-01
1.895092576740000090e-01,1.708469017383902055e-01
1.890345066789999584e-01,1.775192653292362865e-01
2.166133970019999688e-01,1.824274625436552444e-01
2.142671942709999944e-01,1.979091489690155137e-01
1.696722060440000179e-01,2.079039615323713674e-01
1.861636042589999707e-01,1.815954502958893879e-01
2.109026014799999793e-01,1.726921364042025286e-01
2.016181051729999951e-01,1.934872410482340599e-01
2.371999472380000307e-01,1.983615343277100040e-01
1.953185498709999746e-01,2.147762538420257827e-01
1.463003754620000041e-01,2.056357783732334910e-01
2.596421837810000133e-01,1.605380593468804795e-01
4.047906100750000014e-01,2.049755829691230213e-01
3.813273906710000216e-01,3.341403120979980490e-01
3.577617108820000391e-01,3.820040920481854174e-01
3.031907975670000144e-01,3.585895799574876919e-01
2.219824343919999943e-01,3.175198326271015947e-01
2.247738689180000249e-01,2.483015889061138959e-01
2.553716301919999876e-01,2.160918699178245583e-01
2.618205845359999895e-01,2.346477923942904276e-01
2.273367345329999900e-01,2.509912147870048127e-01
2.031441032889999831e-01,2.340575711191879293e-01
1.758806854490000404e-01,2.060049112938628080e-01
1.670619547370000013e-01,1.805465894982473396e-01
2.118712961670000117e-01,1.643733272351422803e-01
1.990658938880000006e-01,1.862399680890365894e-01
1.948491036890000194e-01,1.973096105490546592e-01
1.566408872600000002e-01,1.896496212199938192e-01
1.590297073130000072e-01,1.662156663829272574e-01
1.671897023919999836e-01,1.519775321897837150e-01
1.815824955700000298e-01,1.575820322947891483e-01
2.245292961599999748e-01,1.690778609975238100e-01
2.216224968430000053e-01,1.993616582059861697e-01
2.066582888360000148e-01,2.153509596982518537e-01
1.570345163350000128e-01,2.056436116428205230e-01
1.968932896850000003e-01,1.712878040929458057e-01
2.048864960669999902e-01,1.736470224473033175e-01
1.668177992110000118e-01,1.944631688968210537e-01
1.417246013879999988e-01,1.761148991404195008e-01
1.666631847619999829e-01,1.462935809336677884e-01
1.926406770939999569e-01,1.502640939589339752e-01
2.254680991169999982e-01,1.751468110326903360e-01
2.252101451159999879e-01,2.044212687645738102e-01
2.145293951029999535e-01,2.177786341952526739e-01
1.820016801359999881e-01,2.115990160571599443e-01
1.906076073649999592e-01,1.887072650271161833e-01
1.686857044700000030e-01,1.802497561094268119e-01
1.903967410330000276e-01,1.713171987343729274e-01
2.045876085759999741e-01,1.746955220227836281e-01
1.865548938510000199e-01,1.916303284660424711e-01
1.815108954909999961e-01,1.872040488472482000e-01
2.014583945270000120e-01,1.769432520318060531e-01
2.036586105820000214e-01,1.862159522427545566e-01
1.918114423750000019e-01,1.956388712519946671e-01
1.731049269440000093e-01,1.898092980086793780e-01
1.919497996569999865e-01,1.743204149155183624e-01
1.787570714950000028e-01,1.773796614813936134e-01
1.788225024940000296e-01,1.775878440480566367e-01
1.665375530719999941e-01,1.722279259873974178e-01
1.951155364510000489e-01,1.652766849121054538e-01
1.929849982259999874e-01,1.765021126205403856e-01
1.620820015670000058e-01,1.869696816774954473e-01
1.356869190929999858e-01,1.685410223265883245e-01
1.467041671279999959e-01,1.409398264510365872e-01
1.972582042220000220e-01,1.364904812158091174e-01
1.894697993989999940e-01,1.696628624339989455e-01
1.961945891380000029e-01,1.858509191248591541e-01
2.645494043830000086e-01,1.864802663417923778e-01
2.692976891989999899e-01,2.281091346282558552e-01
2.608369886879999822e-01,2.590634937629835988e-01
2.406771630049999999e-01,2.562275239306335828e-01
3.313829302790000098e-01,2.412355722421995752e-01
3.281686902050000021e-01,2.844845555169396301e-01
2.893257141109999986e-01,3.205841712700712720e-01
2.625965774060000091e-01,2.971196230991283715e-01
1.794345527890000014e-01,2.655932484377087621e-01
1.727855503559999895e-01,2.071524438562866999e-01
2.207822054619999752e-01,1.690753443878327822e-01
2.426082938910000264e-01,1.936391960727953943e-01
2.444625049829999841e-01,2.257399005699846362e-01
2.097309380769999676e-01,2.358190162173328941e-01
1.825350672010000175e-01,2.168367402666912247e-01
1.691226661210000204e-01,1.870349710305700408e-01
1.575669944289999902e-01,1.682619670265096679e-01
1.770704984660000092e-01,1.562254546248690035e-01
1.741859167810000109e-01,1.625998840133065781e-01
1.755136996510000269e-01,1.689053026757630360e-01
1.687776893379999976e-01,1.684822223830393928e-01
1.939594447609999939e-01,1.651979758439028889e-01
1.943469941619999919e-01,1.767576105004258491e-01
2.223779261109999905e-01,1.872697181449055892e-01
2.144328951839999942e-01,2.033634513533397470e-01
1.937792897219999533e-01,2.103751636361721189e-01
1.783622056249999921e-01,1.953598151729195043e-01
1.706998199219999790e-01,1.781132955261621187e-01
1.894924789669999998e-01,1.674526424655874979e-01
2.422726899390000022e-01,1.750025309651816185e-01
2.336400598289999908e-01,2.126890782424899762e-01
2.456458657979999904e-01,2.295242330389037910e-01
2.297928631310000025e-01,2.327788361909166048e-01
2.152034044269999780e-01,2.287346877533942835e-01
2.607180178169999918e-01,2.138752862667715193e-01
2.623189091679999918e-01,2.337427817870024738e-01
2.198584228750000147e-01,2.534978912455088662e-01
3.426670730110000229e-01,2.300124749014779424e-01
3.465315699580000519e-01,2.823027735046970688e-01
2.930460572240000117e-01,3.358018391337475594e-01
2.670845985409999734e-01,3.069912356822779853e-01
2.535850703720000099e-01,2.697043537440749761e-01
2.199364602570000049e-01,2.511794459755454234e-01
2.274277955290000264e-01,2.264252008047877573e-01
1.686184257270000042e-01,2.167571406450079785e-01
1.842167228460000195e-01,1.864253386213111652e-01
1.896838992830000015e-01,1.711565331752362140e-01
1.641370058060000192e-01,1.806305376460602130e-01
2.130100131029999677e-01,1.683556014533435508e-01
2.186074256900000234e-01,1.856964856998902513e-01
2.188677042720000021e-01,2.088873976717213754e-01
2.313981950280000199e-01,2.113415520046347251e-01
2.149903923270000128e-01,2.185744181203821412e-01
2.503419816490000116e-01,2.144177743767010091e-01
2.535111904139999983e-01,2.277518569463848064e-01
2.445873767139999932e-01,2.441745201024853040e-01
2.031902372839999860e-01,2.404141174357898036e-01
2.327843457459999599e-01,2.131704239496671482e-01
2.531769871709999564e-01,2.129106050342022827e-01
2.558321058749999932e-01,2.367091880621512157e-01
2.091450989249999948e-01,2.466722238065106043e-01
2.179704755539999816e-01,2.212235244639881304e-01
2.751700878139999862e-01,2.069345850772387752e-01
2.834362983699999505e-01,2.431063932588662657e-01
5.200669765470000705e-01,2.715363632755595225e-01
5.718095898630000118e-01,4.096017262938681514e-01
5.820317864419999321e-01,5.398670081917112951e-01
5.010549426079999868e-01,5.681408775756829899e-01
2.807539105419999959e-01,5.266441561729268139e-01
2.063424885269999898e-01,3.661388192071207137e-01
2.145204693079999780e-01,2.300153747196141407e-01
2.198818922040000068e-01,2.038204652888436774e-01
2.337387651210000028e-01,2.102340830319111009e-01
2.567627131940000140e-01,2.203237597250765623e-01
2.328460067509999509e-01,2.391439407221046531e-01
1.991674900050000030e-01,2.350870098201910119e-01
1.789865642790000044e-01,2.060217539865492331e-01
1.796395033599999802e-01,1.806780880166923842e-01
1.698227077719999811e-01,1.727858062953511187e-01
1.522479057309999995e-01,1.674762081526111057e-01
1.740261465309999867e-01,1.534909036205689414e-01
1.826220005749999709e-01,1.587106567872116902e-01
1.566141396759999915e-01,1.724552737601577068e-01
1.689846664669999721e-01,1.611943954660347289e-01
1.731435954569999769e-01,1.576198826249914919e-01
1.901344954969999834e-01,1.650151661616023613e-01
1.337733566760000159e-01,1.763638620850226657e-01
1.587713211769999910e-01,1.513046664734938040e-01
3.362798094749999689e-01,1.425679641449281443e-01
3.365317881109999854e-01,2.536540965544711312e-01
3.025190830230000127e-01,3.274113169289367131e-01
2.839955985550000062e-01,3.081570672295158020e-01
1.806526631120000115e-01,2.832984988428272621e-01
1.813106983900000246e-01,2.167707281558986510e-01
2.399948686360000027e-01,1.744159400689993256e-01
2.357428967949999898e-01,2.080462591708069631e-01
2.299271076919999768e-01,2.297764658733185694e-01
2.266699969770000211e-01,2.247083881490568036e-01
2.079305946829999863e-01,2.204508423033956777e-01
2.176461517809999968e-01,2.084503725676144781e-01
2.530807852749999975e-01,2.062506274056136735e-01
2.445257008080000127e-01,2.304042626528397530e-01
2.472106367350000167e-01,2.402002411756833100e-01
2.140260040760000038e-01,2.381771326192413663e-01
3.001447618010000262e-01,2.204183314005815075e-01
4.906117916109999921e-01,2.556946734380243780e-01
3.879201114179999799e-01,3.998652731951643502e-01
3.368788957599999634e-01,4.226239138982434973e-01
2.932540476320000256e-01,3.495086100512255212e-01
1.897923052309999914e-01,3.030303294724368546e-01
2.160292118790000104e-01,2.258376975146137722e-01
3.753999471659999476e-01,1.978873135649406867e-01
3.595648109909999612e-01,2.993566686780271824e-01
3.568296134470000380e-01,3.570953570454746262e-01
2.543200254440000085e-01,3.488166999076248720e-01
1.710169017309999817e-01,2.893142035735449813e-01
1.929912567139999979e-01,1.989289586590179959e-01
1.877582967279999848e-01,1.771200333772649793e-01
1.911910772320000174e-01,1.831287528907039330e-01
2.173696309329999909e-01,1.829360659669020117e-01
2.077021002769999791e-01,1.992223677737503529e-01
2.206149846319999941e-01,2.044833174485339022e-01
2.270559668539999798e-01,2.078447247521071906e-01
2.409625947480000252e-01,2.168255270125111211e-01
2.354097962379999853e-01,2.273933465678352472e-01
2.214455157519999995e-01,2.299879076238022790e-01
1.873570978640000106e-01,2.197473717320825304e-01
1.875694990160000075e-01,1.946009822047246873e-01
1.860239952800000485e-01,1.807139171469788197e-01
2.020407021049999696e-01,1.799226860800817729e-01
1.742038130759999970e-01,1.883925296726913223e-01
1.875655949120000054e-01,1.791408199418982328e-01
1.820583045479999829e-01,1.753366353831272706e-01
1.922361850739999767e-01,1.776678994800535427e-01
2.172528207300000180e-01,1.811983727079331530e-01
2.296049296860000200e-01,1.995841483421979534e-01
2.509359121320000052e-01,2.168888890083961740e-01
2.739968001839999667e-01,2.341197945835699346e-01
2.468370050189999942e-01,2.560770294279286485e-01
2.319672256710000047e-01,2.502222893467950238e-01
2.044411897660000088e-01,2.304653415919023507e-01
2.075911909340000250e-01,2.086559137810138076e-01
2.634023129940000207e-01,1.990996375954447728e-01
3.036424219609999975e-01,2.321369453507711178e-01
3.236212432380000115e-01,2.781318011363174136e-01
3.383783698080000124e-01,3.063238368595002648e-01
3.256455063820000162e-01,3.231241387846054414e-01
3.199611008170000215e-01,3.221006170352679887e-01
3.445942103859999661e-01,3.134932306987595063e-01
3.591096997259999868e-01,3.251212123161895118e-01
3.462464511389999888e-01,3.437764468646552496e-01
3.135047256949999861e-01,3.425994582875837580e-01
2.611905336379999887e-01,3.185152832038856130e-01
2.517339885229999963e-01,2.749355515806138350e-01
2.365340739490000288e-01,2.476723604788816924e-01
2.257324606179999804e-01,2.350952193721944083e-01
2.135377526280000104e-01,2.226504031060132782e-01
1.833177059890000182e-01,2.112508912301909736e-01
2.036423683169999999e-01,1.890465700154524420e-01
2.443349212410000082e-01,1.881959820394330241e-01
2.420464009050000143e-01,2.196661541031700304e-01
1.904003769159999526e-01,2.351604174729272356e-01
1.422279328109999907e-01,2.048481875629771243e-01
1.802364736799999811e-01,1.562111152959307081e-01
1.587783545260000040e-01,1.581777163219826587e-01
1.564234346149999955e-01,1.614482003838425828e-01
1.458736360070000126e-01,1.513662912251335368e-01
1.534039974209999990e-01,1.444205534163705007e-01
1.587697118520000061e-01,1.444153393449826850e-01
1.766731888060000533e-01,1.505154913882605916e-01
1.735716015100000065e-01,1.628629599862412292e-01
1.556300967930000223e-01,1.683941475443878344e-01
1.678923070430000108e-01,1.569396577283078409e-01
1.889611035589999766e-01,1.565997764417591809e-01
1.857852935790000048e-01,1.735564875173646326e-01
1.759144961829999798e-01,1.803567523682183260e-01
1.993034631010000002e-01,1.734490547887769796e-01
1.905056983229999890e-01,1.827053045457098235e-01
1.746108233929999920e-01,1.872788348112987833e-01
1.891844570640000001e-01,1.746408924145284314e-01
1.795153021809999805e-01,1.764225880725741047e-01
2.012605071070000251e-01,1.768859021902588480e-01
2.108775675299999763e-01,1.852880295350702033e-01
1.980962008239999794e-01,1.996613277461556368e-01
1.666497588159999987e-01,1.963494673926302336e-01
1.744651794429999958e-01,1.732310054814973632e-01
1.693953573699999993e-01,1.648147031815153096e-01
1.666028350590000040e-01,1.651209067679273723e-01
1.645158231259999937e-01,1.614675782419418282e-01
1.785626411439999728e-01,1.591447328303674524e-01
2.016437053679999980e-01,1.662735179252154138e-01
2.162254005669999868e-01,1.851166967591983958e-01
1.915986984970000084e-01,2.028591210582321447e-01
1.954402029510000083e-01,1.948590583107029928e-01
2.037038058040000210e-01,1.869235278824697422e-01
1.996463239190000016e-01,1.931949181519991288e-01
1.804761737589999915e-01,1.942806179501989083e-01
1.873520165680000182e-01,1.817208911850038688e-01
1.970120966429999843e-01,1.777763440209726709e-01
2.032908946279999851e-01,1.860778759313964636e-01
1.883477419610000425e-01,1.936049232769213313e-01
2.073840051889999925e-01,1.876899719986890591e-01
1.903086006639999883e-01,1.923808975356284812e-01
1.647335141900000133e-01,1.904865623003023922e-01
1.856785118579999949e-01,1.689501958987076058e-01
2.097074985500000099e-01,1.704049672671331672e-01
1.964578926559999994e-01,1.926093494758018276e-01
2.250059992069999848e-01,1.949368760480611473e-01
2.485178858039999994e-01,2.057235056315041000e-01
2.478968948129999794e-01,2.308445515865654996e-01
2.352291047569999849e-01,2.402235009289076795e-01
2.200151830909999606e-01,2.327602322343645669e-01
1.695966720579999976e-01,2.188592959270147797e-01
2.001868933439999443e-01,1.839214641961960939e-01
1.837853938339999993e-01,1.806306607879760717e-01
1.719795018430000100e-01,1.838229114561054089e-01
1.722060889009999762e-01,1.703958249379867174e-01
2.091183662410000255e-01,1.657034380787110184e-01
1.962699592110000169e-01,1.867713921544784939e-01
2.345576137300000308e-01,1.945876953681759391e-01
2.212668955329999965e-01,2.110784615720962820e-01
2.321032136680000191e-01,2.192931975893427088e-01
2.424474954610000288e-01,2.199648085479092297e-01
2.362180352210000167e-01,2.303238912316616926e-01
2.033241987229999492e-01,2.310629090576066524e-01
1.746149510150000472e-01,2.097795005775141275e-01
1.879347711800000154e-01,1.799015793837170363e-01
1.927646994589999885e-01,1.757141615932983902e-01
1.995158940549999760e-01,1.839025559761172102e-01
1.902115345000000013e-01,1.897177115869193020e-01
1.989603042599999982e-01,1.871988681001244548e-01
1.870438009499999499e-01,1.883559185113952150e-01
1.557538956400000008e-01,1.851708242178113917e-01
1.348650753500000021e-01,1.625147050865429765e-01
1.567980051039999934e-01,1.379013341413919680e-01
1.943633109329999942e-01,1.418885380421303355e-01
2.161478996279999898e-01,1.721130911387705187e-01
2.312179952860000387e-01,1.998277641131296078e-01
1.992108970879999941e-01,2.173509306828394494e-01
3.674222230910000331e-01,2.053732401741462932e-01
4.058226048949999942e-01,2.878994781457460128e-01
4.052526056769999996e-01,3.800346969883918735e-01
3.688966929910000303e-01,3.960610877619378800e-01
2.675450444220000001e-01,3.751259526252797571e-01
2.104666233059999947e-01,3.019570320377443218e-01
2.505743205550000074e-01,2.268490044722110688e-01
2.567990124230000171e-01,2.260215195016678225e-01
2.333147972819999694e-01,2.461414899114108268e-01
1.871584951879999847e-01,2.353687176700018091e-01
1.702336072920000165e-01,1.993910410904830288e-01
1.787967979910000116e-01,1.707841435441360134e-01
2.178041040900000058e-01,1.687355073719301601e-01
2.256611436609999854e-01,1.943993867391555219e-01
2.151906937359999994e-01,2.148733447190885049e-01
2.004701942210000143e-01,2.121612136006904292e-01
1.993511021139999784e-01,1.994746807118888410e-01
2.054219990969999576e-01,1.927847434969347240e-01
2.202302068469999818e-01,1.957760885631040226e-01
2.543391883370000328e-01,2.066885051873369183e-01
2.307367920879999923e-01,2.321855790329200309e-01
2.086869627239999747e-01,2.328802244422884804e-01
1.803357303139999923e-01,2.105607388384267420e-01
1.733369380239999924e-01,1.853559746750430559e-01
1.888285428290000234e-01,1.697567270906004677e-01
1.801446974280000168e-01,1.757006281879830711e-01
1.690454930070000028e-01,1.770977394553352735e-01
1.937783956529999796e-01,1.672411826441871918e-01
1.963465064759999934e-01,1.767638430804924221e-01
1.779485940929999843e-01,1.883318634695175797e-01
1.642222702499999964e-01,1.789309837542764348e-01
2.063633054490000007e-01,1.636049181609212366e-01
2.183381021019999979e-01,1.819525886332545583e-01
1.926020979879999873e-01,2.059996038157612397e-01
1.817457973960000250e-01,1.963000021393462025e-01
1.791574060919999822e-01,1.795530853818148587e-01
1.796555072069999648e-01,1.736393691524680261e-01
1.755983978510000099e-01,1.728646838628371540e-01
1.700639575719999907e-01,1.707633975293577910e-01
1.699959039689999951e-01,1.659630952362632361e-01
1.770231574769999816e-01,1.636671460246512666e-01
1.734361052510000056e-01,1.676310420060609929e-01
1.864347159860000047e-01,1.684600614763513970e-01
1.702874004839999844e-01,1.743808624538715490e-01
1.785273402929999920e-01,1.705184991155038743e-01
1.290820986030000173e-01,1.686043560905215732e-01
1.158849000929999956e-01,1.438958816379191930e-01
1.127520129079999933e-01,1.163392778742157047e-01
1.570463031529999998e-01,1.092484899407358961e-01
1.757429093120000119e-01,1.331216812633351232e-01
1.788239777089999927e-01,1.616341688137533372e-01
2.061250060799999784e-01,1.709980778329193152e-01
2.961472272869999922e-01,1.877707181056001984e-01
2.668476104740000188e-01,2.501684260130749293e-01
2.756402194500000014e-01,2.708686350080610206e-01
2.648843526840000129e-01,2.636298039893752998e-01
3.272587060930000069e-01,2.611756332872325337e-01
2.934317588809999822e-01,2.921915159960498110e-01
2.612319886680000147e-01,2.990729170657693281e-01
2.073775231839999900e-01,2.665358382878019738e-01
1.807138323779999833e-01,2.224643187501585406e-01
1.843436211349999965e-01,1.850322432735813927e-01
2.054681032900000093e-01,1.761641031882247577e-01
1.878930032250000215e-01,1.896533347048783569e-01
2.013643831010000218e-01,1.883262556398771492e-01
1.992990970609999912e-01,1.887730087711060045e-01
2.207290083170000417e-01,1.931223386697607236e-01
2.184396982190000003e-01,2.044572288467872700e-01
2.160932719709999783e-01,2.119730569356390038e-01
1.800702065230000148e-01,2.096949225479870782e-01
1.806241124869999992e-01,1.882541912510791726e-01
1.736052930359999746e-01,1.737878749350570406e-01
1.964215040210000318e-01,1.700269970652271145e-01
2.613951861859999948e-01,1.801250584667023757e-01
2.367069572210000195e-01,2.264075266891499016e-01
1.817331761120000166e-01,2.392096315051003286e-01
1.872550845150000032e-01,1.977120857825896971e-01
1.708921939130000067e-01,1.782349785461626035e-01
1.886087059969999979e-01,1.711977385843203303e-01
1.907265037299999966e-01,1.745787611421004970e-01
1.932464987040000415e-01,1.830202001897869024e-01
1.732929944990000137e-01,1.853195267549132552e-01
2.095063477749999625e-01,1.750153174681518820e-01
4.538556933399999771e-01,1.874352555260275499e-01
4.529328942299999938e-01,3.413108349191039670e-01
4.376089870929998904e-01,4.437712509079613787e-01
4.101786911490000742e-01,4.346588250708237622e-01
2.999480962750000201e-01,4.124712064260691036e-01
2.743109166620000261e-01,3.379832627875588025e-01
2.636764347549999665e-01,2.767087672332346204e-01
3.030085861679999715e-01,2.599336539478193653e-01
2.883977890009999934e-01,2.778851509328335578e-01
2.769187986850000227e-01,2.860092219116768253e-01
2.645944654940000085e-01,2.733546054981749740e-01
3.595731556419999864e-01,2.615443566527292374e-01
3.489974141120000262e-01,3.104654063790517893e-01
3.149650990960000119e-01,3.443618749742694551e-01
2.530409693719999908e-01,3.205103291801527643e-01
2.099061757329999944e-01,2.709130521927013424e-01
2.237384021280000024e-01,2.204964558031548838e-01
2.169338017699999344e-01,2.105274286130798533e-01
2.123453021049999945e-01,2.123585156357184200e-01
2.144929021599999985e-01,2.069433399665028539e-01
2.123427987100000303e-01,2.062743400680830119e-01
2.086919993160000208e-01,2.059362752348135595e-01
2.024399936200000361e-01,2.029754174278866619e-01
1.932131946090000219e-01,1.979191643287825930e-01
1.812405437229999972e-01,1.901052793343175340e-01
1.841152161359999873e-01,1.795164786574049431e-01
2.009199708700000198e-01,1.762495798279589132e-01
1.946409046650000030e-01,1.869746887383648692e-01
1.966055035590000000e-01,1.902924180626662798e-01
1.737543940540000054e-01,1.888326507768910978e-01
1.790176033969999858e-01,1.766546777704292859e-01
2.000912129879999779e-01,1.702966550117490097e-01
1.695824414490000043e-01,1.844201095710953087e-01
1.927433013919999938e-01,1.757154023653641206e-01
2.038794755939999925e-01,1.763944203349145368e-01
2.095497995620000109e-01,1.921891932855425700e-01
2.050999999049999967e-01,1.999822531296420736e-01
1.882844567299999938e-01,1.997840527535048316e-01
2.005678713319999917e-01,1.883973934492848834e-01
1.948222815989999746e-01,1.884805267848135846e-01
1.851616054770000019e-01,1.902509307060244459e-01
1.811457574369999823e-01,1.824038900576032129e-01
1.909579336640000180e-01,1.761657465887122576e-01
2.015465050940000169e-01,1.800989941606937483e-01
1.874635964629999818e-01,1.901315936716829191e-01
2.141287922859999859e-01,1.864710858247324576e-01
2.041694968939999910e-01,1.958534156956643624e-01
2.533474564550000085e-01,2.011399899111946388e-01
2.678037881850000024e-01,2.250097260166051272e-01
3.017286956309999657e-01,2.535545534100985821e-01
3.658618927000000243e-01,2.788756654881020536e-01
3.397559225559999563e-01,3.295657246942292895e-01
2.932764291759999975e-01,3.417685646041736525e-01
2.594402134420000228e-01,3.042581883143285482e-01
1.747480928900000119e-01,2.654513370604907885e-01
1.857970058920000167e-01,2.031768873017592292e-01
2.116256058219999903e-01,1.745537927781796728e-01
2.045923024419999958e-01,1.937482796188916834e-01
2.080095559360000124e-01,2.003496863340414602e-01
2.008861005310000059e-01,1.993995642374883637e-01
2.219119668010000324e-01,1.967552428671713871e-01
2.171941995620000065e-01,2.057813789721692210e-01
2.135767042640000224e-01,2.117528800081468765e-01
2.023674994709999952e-01,2.077507435663843161e-01
1.955586671829999956e-01,1.998883418444691584e-01
1.969362944360000256e-01,1.914084517769806260e-01
1.962438523770000387e-01,1.893969723195979005e-01
2.066201269630000281e-01,1.895684696961149329e-01
2.266834974290000138e-01,1.951822572666316868e-01
2.307016998529999863e-01,2.108506427367285718e-01
2.064162045719999949e-01,2.214035120423016034e-01
2.136748582119999684e-01,2.092553801841584848e-01
2.115589976309999731e-01,2.033700062081267856e-01
2.210098206999999981e-01,2.051537639917173361e-01
2.002004534010000114e-01,2.096560601298705639e-01
2.026610970500000164e-01,2.017201173515791590e-01
1.840810924770000245e-01,1.945553698654564900e-01
1.918098330499999893e-01,1.850069438983475700e-01
1.945068985220000102e-01,1.817831510875665135e-01
1.860962957140000207e-01,1.864796220936680016e-01
3.239021003249999975e-01,1.828056667632748933e-01
2.998737990859999814e-01,2.577519295728052384e-01
2.647733092310000091e-01,3.013250345910780115e-01
2.435151785609999953e-01,2.712505230591583105e-01
1.468971520659999863e-01,2.444883204826355794e-01
1.675205081699999987e-01,1.807495850918617031e-01
1.691907048229999710e-01,1.528457509845037032e-01
1.851512044669999801e-01,1.621734639241243781e-01
1.919896006579999981e-01,1.719206744589286406e-01
1.983390152450000277e-01,1.823230108502683355e-01
2.193651050329999963e-01,1.887311967063356744e-01
2.147694528099999833e-01,2.032876893288386166e-01
2.910268306730000032e-01,2.093237959603198861e-01
2.744570672509999976e-01,2.508113892567936376e-01
2.695364058020000009e-01,2.730540304794862316e-01
2.071107774970000204e-01,2.633289639868645060e-01
1.958816945549999577e-01,2.257711281451558749e-01
1.965135931969999861e-01,1.935413471711987798e-01
1.876440942289999969e-01,1.892892096042537997e-01
2.025545984510000175e-01,1.845080469516775235e-01
1.871117651460000031e-01,1.893476421852718639e-01
1.973968744280000243e-01,1.866852014740809362e-01
2.005362063649999971e-01,1.861982315181557879e-01
2.371928393840000149e-01,1.921970094182625655e-01
2.252300232649999678e-01,2.143279677956925477e-01
2.096156179900000305e-01,2.226373754268730076e-01
1.828726381060000183e-01,2.088136476093812866e-01
2.188799381260000398e-01,1.871793165965298933e-01
2.092117965219999765e-01,1.966767019732305055e-01
2.991323173050000062e-01,2.059641269304907096e-01
3.725849986079999843e-01,2.531368340736279698e-01
3.703671991829999843e-01,3.323036599994128037e-01
3.411498963830000286e-01,3.620480641868863425e-01
2.537753880020000019e-01,3.444746950825260390e-01
2.660570144650000191e-01,2.823695447667428637e-01
2.583504617210000132e-01,2.527384079952285090e-01
2.349327653649999903e-01,2.534625572838829499e-01
1.964800357820000176e-01,2.369339922618618477e-01
2.010751813650000219e-01,2.053575682259723423e-01
2.233009040360000030e-01,1.921272519302274773e-01
2.107799947259999807e-01,2.066488113029135709e-01
2.084790617230000143e-01,2.086792727017051097e-01
2.135446965689999921e-01,2.022111052061817127e-01
2.063921540979999636e-01,2.041442918208597745e-01
1.915937960150000119e-01,2.021628964043347410e-01
1.907173544170000234e-01,1.908090749362670591e-01
2.065229862929999771e-01,1.842375702402241078e-01
2.108760029080000431e-01,1.928618067269971259e-01
1.930121034380000433e-01,2.018226980896016542e-01
1.988846510650000288e-01,1.934594196926972542e-01
2.141418010000000205e-01,1.894603267315385919e-01
2.070428282019999844e-01,2.005417898342055361e-01
3.285667896269999777e-01,2.027786775468293223e-01
4.495427012439999759e-01,2.689990777652648823e-01
4.017376005650000748e-01,3.884688716072590142e-01
3.919491171839999399e-01,4.127920522402380166e-01
3.275258541109999921e-01,3.867460776110395182e-01
2.748836874960000065e-01,3.459009771588794080e-01
2.869270443920000080e-01,2.886298093357651529e-01
2.935220301149999989e-01,2.734034600284451777e-01
3.149933218959999892e-01,2.821883259724718429e-01
3.063029944900000356e-01,2.971697636170047008e-01
2.829472124579999748e-01,3.012346552179245296e-01
2.236190885309999876e-01,2.842900185706533911e-01
2.047974467280000155e-01,2.407544816840138935e-01
1.970064640049999927e-01,2.054096925879217161e-01
2.168944925069999918e-01,1.932296311388515819e-01
2.222929000849999948e-01,2.013362042815743103e-01
2.163385450839999946e-01,2.125831096535413800e-01
2.129120975730000032e-01,2.114235491555629121e-01
2.239284068350000101e-01,2.070202827342097485e-01
2.111652940509999854e-01,2.118726901739606816e-01
2.037166059019999975e-01,2.091573070266161405e-01
1.949672847989999958e-01,1.996624557620452212e-01
2.212041467430000130e-01,1.916265735670018011e-01
2.242754995819999930e-01,2.029503307211206198e-01
2.110134959219999995e-01,2.154873940990315595e-01
1.880159825090000070e-01,2.092142796763560297e-01
1.926469951869999864e-01,1.906769240420139178e-01
1.927028000349999826e-01,1.838689103714152007e-01
2.360453009609999875e-01,1.857973974547507123e-01
2.494726628070000063e-01,2.104621204707707305e-01
2.352280020710000030e-01,2.359509418219592758e-01
1.843072175980000060e-01,2.334135458663200435e-01
1.996876001359999819e-01,1.985624659519285018e-01
1.958325058219999859e-01,1.863527582904248026e-01
1.888218969110000145e-01,1.904636881632915946e-01
1.885980367660000101e-01,1.848979618490930454e-01
1.783643960949999885e-01,1.818979930264878198e-01
1.893583983179999986e-01,1.759919680001799103e-01
1.769174039359999728e-01,1.780537343104873493e-01
1.822073012590000041e-01,1.754812883775635768e-01
1.726381331679999742e-01,1.733996589690373902e-01
1.796488463879999664e-01,1.701247016155721103e-01
1.893453001979999994e-01,1.701999447065762339e-01
2.041255980730000141e-01,1.785709566025771855e-01
2.021193057299999762e-01,1.909371046603208499e-01
1.950753927230000073e-01,1.958595394436137838e-01
1.913484036919999853e-01,1.910318581936487348e-01
1.940153539180000386e-01,1.860231794222572399e-01
2.548274099830000194e-01,1.860112261466457528e-01
2.428829520939999875e-01,2.216841859832101858e-01
2.269057929519999739e-01,2.399914544240523140e-01
2.461629658940000243e-01,2.259473224564444716e-01
2.363652586939999911e-01,2.302894414125293832e-01
2.234285175800000134e-01,2.326871095357921915e-01
2.153740972279999943e-01,2.212703869272136248e-01
2.169086933140000062e-01,2.113438258773446821e-01
1.956495195630000294e-01,2.088951875122787571e-01
1.911730021240000132e-01,1.974426976544549905e-01
1.911281347270000208e-01,1.861589348881433903e-01
1.682610064739999967e-01,1.842986092364272410e-01
1.873182952399999879e-01,1.712892176664085886e-01
1.789516657589999837e-01,1.727732059409953780e-01
1.870546638969999842e-01,1.758017305937295549e-01
2.044772058730000008e-01,1.769845555040526486e-01
1.983377933500000412e-01,1.901992418485397018e-01
2.032073587180000251e-01,1.938546862152735473e-01
2.265556752679999952e-01,1.941013587893251902e-01
2.234009951350000023e-01,2.093753759030627104e-01
2.426621168849999732e-01,2.171989765741522138e-01
2.588768005370000180e-01,2.268510000956533434e-01
2.521358132360000393e-01,2.440415351147153245e-01
2.280115038159999941e-01,2.469384554595039916e-01
1.778044104579999951e-01,2.304150697906908740e-01
1.634968966249999989e-01,1.918842718561470928e-01
1.860933601860000064e-01,1.631341155269922516e-01
1.859123855829999672e-01,1.701373876143972841e-01
1.739067137240000172e-01,1.792551734855406531e-01
1.785075962540000061e-01,1.723605484127700427e-01
1.885641068220000049e-01,1.700690620978968781e-01
2.542034089569999988e-01,1.776608743076033836e-01
2.529518902300000316e-01,2.190959492772146244e-01
2.264477610590000245e-01,2.454600401583679481e-01
2.110380530360000118e-01,2.298647507899329590e-01
2.390624135729999822e-01,2.101251471449699093e-01
2.233908027409999830e-01,2.197082552688688351e-01
2.384739071129999832e-01,2.223656073815853673e-01
2.096938937900000022e-01,2.244645257156064333e-01
2.205873429780000061e-01,2.143342801854832558e-01
1.979559957979999951e-01,2.086483070994477329e-01
2.239636480809999997e-01,2.002701848538324392e-01
1.824693381790000180e-01,2.057453588811829770e-01
1.944653987880000379e-01,1.928629397702745218e-01
1.623506993060000181e-01,1.826332495081922358e-01
1.634901016950000008e-01,1.693004325130776921e-01
1.519308984280000052e-01,1.568315030307766977e-01
1.773174256089999623e-01,1.507320023971973622e-01
2.009179741139999753e-01,1.604516451294676904e-01
1.831925064329999742e-01,1.841956882907461179e-01
1.519723981620000053e-01,1.837862104606885760e-01
1.608350872990000069e-01,1.587924130262650668e-01
1.576898992060000171e-01,1.511072468630758614e-01
1.789468824859999918e-01,1.529215353847946934e-01
1.863833963870000221e-01,1.637157736587372403e-01
1.762941032649999740e-01,1.766011829071013339e-01
1.410365849730000065e-01,1.739094187789916313e-01
1.918971985579999984e-01,1.497669601662824090e-01
2.020718008279999978e-01,1.643211737975266151e-01
2.467120736839999995e-01,1.908149761628374075e-01
2.503778040410000183e-01,2.203732228370063884e-01
2.420776039360000020e-01,2.408855912854839521e-01
2.059547007079999548e-01,2.376852375018287111e-01
1.608465462920000144e-01,2.137014802923443979e-01
1.329861283299999808e-01,1.731630239455856368e-01
1.673102676869999972e-01,1.389049458904489942e-01
1.795337647199999609e-01,1.470990144724835247e-01
1.848126053810000002e-01,1.679630380220211994e-01
2.060592025519999981e-01,1.759484123989333570e-01
1.993591934439999935e-01,1.901811674987372303e-01
2.019896209239999962e-01,1.950854339162270690e-01
1.895201951269999963e-01,1.938283698025043411e-01
2.597720026969999596e-01,1.878216867945861346e-01
2.444770485159999951e-01,2.226555937719752742e-01
2.407727241519999617e-01,2.429539718413854799e-01
2.282528877259999978e-01,2.344948648645284461e-01
1.719890981910000005e-01,2.258389415064976646e-01
2.107089906930000034e-01,1.886806566438542776e-01
2.091155946250000119e-01,1.875871668441960738e-01
1.978048980240000032e-01,2.025437423073751797e-01
2.423519939180000249e-01,1.954589232871590254e-01
2.733131051059999872e-01,2.161414592366061316e-01
2.591018974779999984e-01,2.521272258783749942e-01
2.398502230640000010e-01,2.569146279172703773e-01
2.027270048860000118e-01,2.400434281451304386e-01
1.646265089510000057e-01,2.109439377809037564e-01
1.514579057690000063e-01,1.739831725858592970e-01
1.715828478339999907e-01,1.509259954031192397e-01
2.222049087290000058e-01,1.570022915624068871e-01
2.350890487429999898e-01,1.939577134274008130e-01
2.281305044889999634e-01,2.220499565839932909e-01
2.251530140639999844e-01,2.234160976227845263e-01
2.360830008979999950e-01,2.188457803572060045e-01
2.331852018829999873e-01,2.238320637693894388e-01
1.995675563809999886e-01,2.267020884581581186e-01
2.020958065989999775e-01,2.063894275668942402e-01
1.845946013929999907e-01,1.939742506841878877e-01
1.881015300749999952e-01,1.850665200692999113e-01
2.119678109879999939e-01,1.798859327657165719e-01
2.234034091230000241e-01,1.948859606058138960e-01
2.446219176049999888e-01,2.111854005495143738e-01
2.418016940359999645e-01,2.279667895968874036e-01
2.144879996780000020e-01,2.351402200189877667e-01
2.017266303299999897e-01,2.184383068565097508e-01
1.734066754580000091e-01,1.998993774500024412e-01
1.667926013469999968e-01,1.785590382079667027e-01
1.653245985510000127e-01,1.632108511225905112e-01
1.766120344399999820e-01,1.596813140684562871e-01
2.292105853560000295e-01,1.654946472489678688e-01
2.151339054109999982e-01,1.999934422640030074e-01
2.032367140049999854e-01,2.135951341410209925e-01
2.899451851839999761e-01,2.010237766601044862e-01
3.044671118260000031e-01,2.454516177401767918e-01
2.927406132220000123e-01,2.896806981913559453e-01
2.604539990429999841e-01,2.890929426102454847e-01
2.598164081569999673e-01,2.658037450961202586e-01
2.464921027420000077e-01,2.519642142308787247e-01
2.179778963329999930e-01,2.441186976060771008e-01
2.073534131049999674e-01,2.223671556410110883e-01
2.050486057999999778e-01,2.045358144999167571e-01
2.097736448049999924e-01,1.988514329592179219e-01
2.061820030209999821e-01,2.005899460306948268e-01
1.972219944000000447e-01,2.004912085147380618e-01
1.988296955820000045e-01,1.939212260191343351e-01
2.057753950360000361e-01,1.911553287747681240e-01
2.033157944680000218e-01,1.957629765412317591e-01
1.759992837910000218e-01,1.972176746227900512e-01
2.031327337029999736e-01,1.806844942362814677e-01
2.274394929410000210e-01,1.849164400690747612e-01
2.340615987779999796e-01,2.098473255407056204e-01
2.466137260199999792e-01,2.236266454347732024e-01
2.308412343259999833e-01,2.335037808325639563e-01
2.145392149689999972e-01,2.297323466238031242e-01
1.903560012579999794e-01,2.139310002337771743e-01
2.080181986090000046e-01,1.934582292064824238e-01
2.246207594869999991e-01,1.935637708824927139e-01
2.103735655550000305e-01,2.102525366398688977e-01
1.986407041550000141e-01,2.089930025652090850e-01
1.817755550150000066e-01,1.964515332372265555e-01
1.930263042450000022e-01,1.820463730292193605e-01
1.930966228249999805e-01,1.815318084380339592e-01
1.897509992120000044e-01,1.861766519546941279e-01
1.693823039529999963e-01,1.843042576746949934e-01
1.858561486009999986e-01,1.713619988472343258e-01
1.774827986960000048e-01,1.723992957145181193e-01
1.667204946280000100e-01,1.743689470931055752e-01
1.615741997959999898e-01,1.648334589353766810e-01
1.936000734570000048e-01,1.575222049007716785e-01
2.084788978100000079e-01,1.736208450949486004e-01
2.083924710750000298e-01,1.951548942128626951e-01
1.912561953069999710e-01,2.012151503844482603e-01
1.796658039089999992e-01,1.914397859397643509e-01
1.821167021990000301e-01,1.778199257235311970e-01
2.010916024449999895e-01,1.744706431829370352e-01
1.848223060370000059e-01,1.862550939586751497e-01
1.947717964649999800e-01,1.847835069943659647e-01
1.730353981260000229e-01,1.837695772135563843e-01
1.828583031890000099e-01,1.754942735002398002e-01
1.498861461880000023e-01,1.721853705554316216e-01
1.527018994090000026e-01,1.574714625648903077e-01
1.779081076379999959e-01,1.456431992935995068e-01
1.696159988640000005e-01,1.611000709502040940e-01
1.754582375290000273e-01,1.666516131862319783e-01
1.580465734000000011e-01,1.665872361224469689e-01
1.843986064199999997e-01,1.590814595408373278e-01
1.731242984530000084e-01,1.669580437343501922e-01
1.698645055290000094e-01,1.712968663426575611e-01
2.204860746860000387e-01,1.648403414470383244e-01
2.881226837640000205e-01,1.922798617456907000e-01
2.816658914090000021e-01,2.515148066895405154e-01
2.804358899590000398e-01,2.759409624602388034e-01
3.555045723920000067e-01,2.725413143320679077e-01
3.446882963180000203e-01,3.147564113031380839e-01
3.495651185509999759e-01,3.401848049637041793e-01
3.308182954789999908e-01,3.383831350294573825e-01
2.400473654270000312e-01,3.297746291781773476e-01
1.951503008599999867e-01,2.701985146932279758e-01
1.843069046739999883e-01,2.067192712327210191e-01
1.784625351430000062e-01,1.820527640737367170e-01
1.679867953059999974e-01,1.742917722790153778e-01
1.683609932660000141e-01,1.659527275667861956e-01
2.073428332810000052e-01,1.618921731445085166e-01
3.081569075580000150e-01,1.841947451296210292e-01
3.016481101509999596e-01,2.575047605488848812e-01
3.267253041270000158e-01,2.957119363328368777e-01
2.592641115190000289e-01,3.072540110745196618e-01
2.114182710650000241e-01,2.794047809935508719e-01
2.050412595270000027e-01,2.239427741045794673e-01
2.347255051140000048e-01,2.005195497059297227e-01
2.621370851990000306e-01,2.147752156737209317e-01
2.531891763210000201e-01,2.426099207901207533e-01
2.543610632420000295e-01,2.488941137030215300e-01
2.207816988229999999e-01,2.458403797291411896e-01
2.424586564300000302e-01,2.272282090736732207e-01
2.450377047060000035e-01,2.256545747489347442e-01
2.463154047729999852e-01,2.360841951555595342e-01
2.298433184620000125e-01,2.378801775064394997e-01
2.683678865429999782e-01,2.290410784482677375e-01
2.317014038559999656e-01,2.441362977851671556e-01
2.536134123800000140e-01,2.392662816058142849e-01
2.278259247540000143e-01,2.365096552627824755e-01
2.511056959629999752e-01,2.309232816417841894e-01
2.406570017340000089e-01,2.334813006784546285e-01
2.355776131150000285e-01,2.371793905626940202e-01
2.084955275060000057e-01,2.299567490584421003e-01
2.014831006530000135e-01,2.124540930307126374e-01
2.134985029700000314e-01,1.972944508458494839e-01
1.968656927350000141e-01,2.012427893089340225e-01
1.748276948930000407e-01,1.967290632485294011e-01
1.675257831810000042e-01,1.773710777748260525e-01
1.819289028640000139e-01,1.642070091577818025e-01
2.163158357140000099e-01,1.694115603486749666e-01
1.956270039080000300e-01,1.948329988567565618e-01
1.841740161179999946e-01,1.971855966249753400e-01
2.603065371509999948e-01,1.821727416461962623e-01
2.706716060640000365e-01,2.207718386919689524e-01
2.765875160690000056e-01,2.580793892610887541e-01
3.321622908119999940e-01,2.657625184652077643e-01
3.372164070610000342e-01,2.998620685508246453e-01
3.424106836320000014e-01,3.260632595175686488e-01
3.502804040910000305e-01,3.311532923602871215e-01
3.334882259370000046e-01,3.378274542794977853e-01
3.048415184020000224e-01,3.315971766358694062e-01
2.241699099539999906e-01,3.081942578244137310e-01
2.231916040179999783e-01,2.502382446086240386e-01
2.127934992309999940e-01,2.160948479495576335e-01
2.555466890340000186e-01,2.097788743187883054e-01
2.643494009969999947e-01,2.298081027015134170e-01
2.531680464739999858e-01,2.525028098278526145e-01
2.339650541540000128e-01,2.498030219852226952e-01
2.333215028050000250e-01,2.342296835974927438e-01
2.242033332589999928e-01,2.259032582136846212e-01
2.012783437970000200e-01,2.204516071092320617e-01
1.966407001020000211e-01,2.036505357787138648e-01
2.178835868840000300e-01,1.915761017748942863e-01
2.213913053269999931e-01,2.017485420767427262e-01
1.959984004500000265e-01,2.124780985487194074e-01
1.992403119800000288e-01,1.994892293956213869e-01
1.625297963619999897e-01,1.908868069157844960e-01
1.901159286500000156e-01,1.713608506608665372e-01
1.898488998409999795e-01,1.720296168349069177e-01
2.000212967400000208e-01,1.831386861334444172e-01
1.874057054520000265e-01,1.888104383139809495e-01
1.881960034370000201e-01,1.858119613128674519e-01
2.220781892539999691e-01,1.810898057929581362e-01
2.257640063759999982e-01,2.006731250945572587e-01
2.163868844509999889e-01,2.166944279031073894e-01
1.905837059019999669e-01,2.128837943855612924e-01
2.389943003649999953e-01,1.943488135951760565e-01
2.126784026619999990e-01,2.112712319329575483e-01
2.203326970339999913e-01,2.162464999049634184e-01
1.995152980090000028e-01,2.097318531845857592e-01
1.767843067650000100e-01,2.010514069666914094e-01
2.036905288699999983e-01,1.795697760634038243e-01
1.890024542810000152e-01,1.855539606328157620e-01
1.914628148079999814e-01,1.882261885646507038e-01
2.303853929040000081e-01,1.835998332821901780e-01
2.602671086789999921e-01,2.067350384239674266e-01
2.651697993279999999e-01,2.397511203441350658e-01
2.410915046930000583e-01,2.549324041046098221e-01
2.030028998850000044e-01,2.432747977462053901e-01
2.060085982080000211e-01,2.116149791963032600e-01
1.778325885530000205e-01,1.976090539829039872e-01
1.719783544540000042e-01,1.828325646653412018e-01
1.757052987809999689e-01,1.679625499585540305e-01
1.694041937590000102e-01,1.676906210755712834e-01
1.635388135910000040e-01,1.656320024356063292e-01
1.943304240699999796e-01,1.597311335982121994e-01
2.042852044110000098e-01,1.748351805416720750e-01
2.030708640810000021e-01,1.930703675225181326e-01
1.812596023079999785e-01,1.964659978798365958e-01
2.182700932030000041e-01,1.835722354049076632e-01
2.186232060190000104e-01,1.956705811908215908e-01
2.044367194179999569e-01,2.110634668395673652e-01
1.787614673380000241e-01,2.031438462618186669e-01
2.417660057539999519e-01,1.827141959895012269e-01
2.367322593929999941e-01,2.080121388138660432e-01
2.201220840219999808e-01,2.310729654766195407e-01
2.190245538950000292e-01,2.195421758458936112e-01
2.470148950820000300e-01,2.120552844320535146e-01
2.227835953240000222e-01,2.275217187222863535e-01
2.453936934469999886e-01,2.253165884999824842e-01
2.456143051390000109e-01,2.281500218611482167e-01
2.149323076009999889e-01,2.376289822808284602e-01
1.782320737840000502e-01,2.202714541282743965e-01
1.983320713039999628e-01,1.867316516471729249e-01
1.837121993299999645e-01,1.830994310644117329e-01
2.150899022819999784e-01,1.830200302480984031e-01
2.187249064449999780e-01,1.948650821952808976e-01
1.953707039359999786e-01,2.098107792730125321e-01
2.260476946829999834e-01,1.980328699936707570e-01
2.273865938190000047e-01,2.058700006934107984e-01
2.131565511230000265e-01,2.192556457294119188e-01
1.765360683200000169e-01,2.117173238849613393e-01
2.150828540329999816e-01,1.850368606608030209e-01
3.349621891979999710e-01,1.919290212936688722e-01
3.160460889339999913e-01,2.759485363559138760e-01
3.057914972309999646e-01,3.151939883526032604e-01
2.454170137640000193e-01,3.013863070927568222e-01
2.043210864070000021e-01,2.627213196410848606e-01
2.795807123180000242e-01,2.141572504644219666e-01
2.639636099339999764e-01,2.399986895256506214e-01
2.800608277320000283e-01,2.622969075368096759e-01
2.840686142440000395e-01,2.649443611869996551e-01
2.698352336879999980e-01,2.739381113352720165e-01
2.565046846869999952e-01,2.675131817263259881e-01
1.737418919799999795e-01,2.539867294704667433e-01
1.598615348340000075e-01,2.013846938622879112e-01
1.806169450279999644e-01,1.594116599777811449e-01
1.780257374049999952e-01,1.655472265671750209e-01
1.924792230129999948e-01,1.725351251241706296e-01
1.990472823380000089e-01,1.796888751859139488e-01
1.957502663139999710e-01,1.893343784508474681e-01
1.883261650800000242e-01,1.901541302590561699e-01
1.797540038819999686e-01,1.845825442901513069e-01
1.916811913249999999e-01,1.766701021386435921e-01
2.141620814799999883e-01,1.799413046320937071e-01
2.216559946539999881e-01,1.975994776288416688e-01
2.209348082539999703e-01,2.110952528733506806e-01
2.184751033780000240e-01,2.137741686887277281e-01
2.180604040619999739e-01,2.120780747201968519e-01
2.504481077190000016e-01,2.108279788052254411e-01
2.412912994619999807e-01,2.290772964299704062e-01
2.391991466279999590e-01,2.372671638360365209e-01
2.296963632110000098e-01,2.322793833231538430e-01
2.403284162280000247e-01,2.260080313747054870e-01
2.240518331529999796e-01,2.281235490410050137e-01
2.023217231040000119e-01,2.232658703903747655e-01
2.082566022870000200e-01,2.041810560668787522e-01
2.085203975440000079e-01,1.986071562860104167e-01
1.949775964020000196e-01,2.011964421646485479e-01
1.989800930020000080e-01,1.936072421391478171e-01
1.869141757489999889e-01,1.903202969982528414e-01
1.943044960499999974e-01,1.851052914008105843e-01
2.154057025910000034e-01,1.843598882991661914e-01
2.246519029140000012e-01,1.993816683241152465e-01
1.886185854669999717e-01,2.133110994860713261e-01
1.838601976629999635e-01,1.966409931303512160e-01
1.893669962880000224e-01,1.791227113829812756e-01
1.995205432180000016e-01,1.803046518822478683e-01
1.813428401949999658e-01,1.883284780547510029e-01
1.920076012609999994e-01,1.821616387228643663e-01
2.081632465119999942e-01,1.807760351459912207e-01
1.980955004690000132e-01,1.943228267167416701e-01
2.022272646429999765e-01,1.952323563675865403e-01
1.925842463970000029e-01,1.934448404836864865e-01
2.055149674419999850e-01,1.896604804862049853e-01
1.921776980160000148e-01,1.930536806671168670e-01
1.974076032640000034e-01,1.907802995483961483e-01
1.978288739919999983e-01,1.882789007033141837e-01
1.947185993189999853e-01,1.906626519326609370e-01
1.929751932619999943e-01,1.890678267964655546e-01
1.787372082470000123e-01,1.868013558947873576e-01
1.773243993519999784e-01,1.779967529427722295e-01
1.954015046359999785e-01,1.713687590697027252e-01
1.786402463910000127e-01,1.810632253038969852e-01
1.929298043250000094e-01,1.789363446134608626e-01
1.924515962599999963e-01,1.801959045174109375e-01
1.982013732189999711e-01,1.857705428492279487e-01
2.029816657299999549e-01,1.888422761074503298e-01
2.076473981139999869e-01,1.939170920816849775e-01
1.996106952430000137e-01,1.985319217215804344e-01
1.837998628619999797e-01,1.958813880769783855e-01
3.492729067800000586e-01,1.835946018643968281e-01
3.385715782639999727e-01,2.712546003227926383e-01
3.246645033359999988e-01,3.340644492510096430e-01
2.590272426610000234e-01,3.216238040598120018e-01
2.013491839169999909e-01,2.784016124633688638e-01
2.125197052959999777e-01,2.181204481089656089e-01
2.082609981300000135e-01,2.006313214188254757e-01
2.026299685240000037e-01,2.028032331507460539e-01
1.967180371280000117e-01,1.978498695915658911e-01
1.891978979110000014e-01,1.921751648983958949e-01
1.683970987799999763e-01,1.854748243852152867e-01
1.529303938150000097e-01,1.705759540004199437e-01
1.571273952720000089e-01,1.532974250338620670e-01
1.925273537640000143e-01,1.493907802971157495e-01
2.034381031989999922e-01,1.712035472708155204e-01
1.979987621310000112e-01,1.918498114851836800e-01
1.713397651909999986e-01,1.932350405898016765e-01
1.605434864760000024e-01,1.758547381274293830e-01
1.448902040719999840e-01,1.588192150300946626e-01
1.455924957989999935e-01,1.455368700028959739e-01
1.324006021019999979e-01,1.395827868610216849e-01
1.147388964889999863e-01,1.323812974697592126e-01
1.390763670209999858e-01,1.170286918640238844e-01
1.773481071000000131e-01,1.237197998398240351e-01
1.872349977490000150e-01,1.552617244690097653e-01
1.716542839999999903e-01,1.764321460134513075e-01
1.901565045120000019e-01,1.716223764318350054e-01
2.085365056989999799e-01,1.757689965359470752e-01
2.105930447580000031e-01,1.937767073600494550e-01
2.011387944220000001e-01,2.024898494569369323e-01
1.981692165139999906e-01,1.979617047464406754e-01
1.862777769570000130e-01,1.923875240463211178e-01
2.313299924139999852e-01,1.844109227172293919e-01
2.665236890320000218e-01,2.051492889686687693e-01
2.672828137869999732e-01,2.437014824566482718e-01
2.530894875529999810e-01,2.587392391410377468e-01
2.939947843549999829e-01,2.509800841823898732e-01
2.766048014160000235e-01,2.683522353461692544e-01
2.432340085509999972e-01,2.755190249273682945e-01
2.223459333180000108e-01,2.492610922133884077e-01
2.186183035370000138e-01,2.234998564935586629e-01
2.029476463789999796e-01,2.127416527182530437e-01
1.907453686000000204e-01,2.022954031933303087e-01
1.951031982900000294e-01,1.889114004007399483e-01
2.226422727109999833e-01,1.863824247879322105e-01
2.252217978240000085e-01,2.038238149577858982e-01
2.214518934490000146e-01,2.166188432823658860e-01
2.066775113340000025e-01,2.155398474922725072e-01
2.097374200819999979e-01,2.055841584680312140e-01
2.612883150579999869e-01,2.012389460576570199e-01
2.342368513349999681e-01,2.318169553931972715e-01
2.237651944159999851e-01,2.377602695942706290e-01
2.170636057850000022e-01,2.205811043107575031e-01
2.301114946599999433e-01,2.124433770459562831e-01
2.086910158400000215e-01,2.170989936085415406e-01
2.047397941349999584e-01,2.103045732800293000e-01
2.222295254470000037e-01,1.992260142547752078e-01
2.279004752640000075e-01,2.075449709153245614e-01
2.129457294940000078e-01,2.179718252444667326e-01
1.926552951340000375e-01,2.118097500606810346e-01
1.835393011569999844e-01,1.941086326484354474e-01
1.722192019220000203e-01,1.805938674184565662e-01
1.875299960370000463e-01,1.704313398739813745e-01
1.739563494920000064e-01,1.745068815641938609e-01
1.938352584840000170e-01,1.730507178524632317e-01
1.973450034860000091e-01,1.787984686089466591e-01
1.942632943389999978e-01,1.889226565390639545e-01
2.034828513860000021e-01,1.886105504710619274e-01
1.873460412029999966e-01,1.925867697502871012e-01
2.008862048390000210e-01,1.871996461549648716e-01
1.905569285150000014e-01,1.882773353216744550e-01
1.927679926160000001e-01,1.879576948820696758e-01
1.832018047569999863e-01,1.849781369062294123e-01
2.027056962250000094e-01,1.804482996829508412e-01
1.902956068519999766e-01,1.876161716816910074e-01
1.815531253809999912e-01,1.885564314729168967e-01
1.891089975829999548e-01,1.784986767930994978e-01
1.840091049670000145e-01,1.792148280006060079e-01
1.819614022970000022e-01,1.794081095427116912e-01
1.854998767380000024e-01,1.761577463227363138e-01
2.226949036120000058e-01,1.773309538776805250e-01
2.071253955359999843e-01,1.999204380037401807e-01
2.009170949460000188e-01,2.063516129800451182e-01
1.885115951299999870e-01,1.964092656410937332e-01
1.943915784359999954e-01,1.868081293835504031e-01
1.774574071170000045e-01,1.850632441473576140e-01
1.960569024089999779e-01,1.778502967944637081e-01
1.895107030869999931e-01,1.814900128049548866e-01
2.074400931600000053e-01,1.853813988158475867e-01
2.042641043660000100e-01,1.928889501342750112e-01
2.000678032640000048e-01,1.984411401654757323e-01
1.733694821599999769e-01,1.947503983187767462e-01
1.849348992109999812e-01,1.778568017968936155e-01
1.688267737630000098e-01,1.735015002936053374e-01
1.914010494949999752e-01,1.690752973404805182e-01
1.822085529569999751e-01,1.753237123030447764e-01
2.055577039720000165e-01,1.793238756019904512e-01
2.419840693470000081e-01,1.888312517632418086e-01
2.256706357000000107e-01,2.191160356923177455e-01
2.096177935600000153e-01,2.248723920483264860e-01
1.874290108680000400e-01,2.089968127882670390e-01
1.834661066530000328e-01,1.897690770837663077e-01
1.931275576349999745e-01,1.784118419144781198e-01
1.979932039979999947e-01,1.822804971695102527e-01
1.810770928860000184e-01,1.890009839895083754e-01
4.031366109849999768e-01,1.813838505067451590e-01
4.604647159579999816e-01,3.007994355922622987e-01
5.008617043499999921e-01,4.263220932893638793e-01
4.378605186940000005e-01,4.738579931921430011e-01
2.561259269710000064e-01,4.554703706915441130e-01
2.273572981360000023e-01,3.248995765414197656e-01
2.201671004300000123e-01,2.317008417608233950e-01
1.984222531320000149e-01,2.156912069311597846e-01
1.943005025389999973e-01,2.003618637858253781e-01
1.805235445499999702e-01,1.890737013044746506e-01
1.998776346449999686e-01,1.795548327519886356e-01
2.088513970380000140e-01,1.849139683063750761e-01
2.052325755359999948e-01,1.979417014342361447e-01
2.000157982109999899e-01,1.995721015891642469e-01
1.864733994009999674e-01,1.951188464586782467e-01
1.736753731969999937e-01,1.852799586795432218e-01
1.885808259249999730e-01,1.724586958245680202e-01
1.996680051089999852e-01,1.756979253203977687e-01
2.059511989359999740e-01,1.880903944597956401e-01
1.754488945010000134e-01,1.962069874227359567e-01
2.038332223890000072e-01,1.814548705579644705e-01
2.094203978779999864e-01,1.850899698544094252e-01
1.958734989169999829e-01,1.998896851167244193e-01
1.724482625719999940e-01,1.944866289573845275e-01
1.776420623059999926e-01,1.756125415343710305e-01
1.713635921480000102e-01,1.689824634595840647e-01
1.787484437230000278e-01,1.675355666896994611e-01
1.702087521550000038e-01,1.691686888883013606e-01
1.913181245330000113e-01,1.673314784439484115e-01
1.938814073799999815e-01,1.758397917866599824e-01
2.021497935060000140e-01,1.859226994169243807e-01
1.973596364259999902e-01,1.916724925404089952e-01
1.818598955869999978e-01,1.923425849632206808e-01
1.518772840500000054e-01,1.815686423886468670e-01
1.797889769079999700e-01,1.581936196311221621e-01
1.766516566280000311e-01,1.618339651307739713e-01
2.190984636549999920e-01,1.714162398956529942e-01
2.368807047610000382e-01,1.942593808124960797e-01
2.723162174219999621e-01,2.217877123467970890e-01
2.842651307580000286e-01,2.492938154531898765e-01
3.610217571259999314e-01,2.708174894681583122e-01
3.393641114230000477e-01,3.194971922051726976e-01
2.713941931720000311e-01,3.394923686296318355e-01
2.359429746869999844e-01,2.916396891754721721e-01
1.764906942839999937e-01,2.429401443575459341e-01
1.933852136140000177e-01,1.944176150143575588e-01
2.070471495389999417e-01,1.795769778829733321e-01
2.076206952330000022e-01,1.942529201715576248e-01
2.084009945389999896e-01,2.001876112288298315e-01
2.094228416680000149e-01,2.008670372336215093e-01
1.959958970549999790e-01,2.017688560588825897e-01
2.029076218609999760e-01,1.945571964870564385e-01
1.715861856940000263e-01,1.929702440469490132e-01
1.853289008139999972e-01,1.780100586758232850e-01
1.865625381469999955e-01,1.729980868591681487e-01
1.824795007709999750e-01,1.793118258650258923e-01
1.865475177760000103e-01,1.774966859900097005e-01
1.910450011489999711e-01,1.781380144897505569e-01
1.947984993460000203e-01,1.823575179070214825e-01
1.942836940290000036e-01,1.863320001612180643e-01
1.823579072949999824e-01,1.875777332615852500e-01
1.863520592450000068e-01,1.805901071629918420e-01
2.122309356929999724e-01,1.779772457300678179e-01
2.061766982079999977e-01,1.943195298058587872e-01
2.002694308759999930e-01,2.014995027180475906e-01
2.036442905660000025e-01,1.956510919159610007e-01
2.041575908660000216e-01,1.951425499882474546e-01
2.072980999949999847e-01,1.968203715909274953e-01
1.624802798030000051e-01,1.988164884727752491e-01
2.047239691019999974e-01,1.746430565545979419e-01
1.887350976469999997e-01,1.803118736734795613e-01
1.948221027850000064e-01,1.884989205407093527e-01
1.866550594570000055e-01,1.853994207457956567e-01
2.063589692120000041e-01,1.832523911858145171e-01
1.990336924790000184e-01,1.911053807622749845e-01
1.980886012320000056e-01,1.950236645436309313e-01
2.041638940570000005e-01,1.914775199798902927e-01
1.967703551049999888e-01,1.945428208525118996e-01
1.815092116589999971e-01,1.928350901357707980e-01
1.704124957319999856e-01,1.811276643218279192e-01
1.662842035290000020e-01,1.685752077718386532e-01
1.620960831640000099e-01,1.617011795687378628e-01
2.050786018369999963e-01,1.576408824457927738e-01
2.152855992319999967e-01,1.803571651338602422e-01
2.119203954940000467e-01,2.037359531684212743e-01
2.017627954479999930e-01,2.060226578666259079e-01
1.966343224050000060e-01,1.988626931323394798e-01
1.994546651839999851e-01,1.917714204486168639e-01
1.848202943799999998e-01,1.912694675264610955e-01
1.885830014939999799e-01,1.841103396017996219e-01
1.749152988199999814e-01,1.802518345751349949e-01
1.777306050059999920e-01,1.740264935123120305e-01
1.724444031720000214e-01,1.700391859101200442e-01
1.696542352440000012e-01,1.681856216914809354e-01
1.860917955640000176e-01,1.644436134088252122e-01
1.783816069359999701e-01,1.726440108125807671e-01
1.954015940430000042e-01,1.749759637768483478e-01
1.979020982979999843e-01,1.814949982598357547e-01
1.943283975120000118e-01,1.898814702539317889e-01
1.862878054379999981e-01,1.888761161036067171e-01
1.807115972040000129e-01,1.828413014376869816e-01
1.901234537359999810e-01,1.763798536933723626e-01
1.879478991030000268e-01,1.794473692606460002e-01
1.885761320589999790e-01,1.820615513515045913e-01
1.930653005840000103e-01,1.815277383487926555e-01
1.887152642009999881e-01,1.843359440317985654e-01
2.012016028170000026e-01,1.837028740020757167e-01
2.029483020310000330e-01,1.890171062212145092e-01
1.880519986150000211e-01,1.951296709295201048e-01
1.938583850860000068e-01,1.873811826118608470e-01
1.818363368510000078e-01,1.845720777959112824e-01
1.934503465890000384e-01,1.801194279209022142e-01
1.825065016750000157e-01,1.817976330525114537e-01
1.718572974210000048e-01,1.803329227591099482e-01
1.888858973980000189e-01,1.698034983315682700e-01
1.934519559140000233e-01,1.751297616962776138e-01
2.148046046500000361e-01,1.846825033126174853e-01
1.987380981450000417e-01,1.986904359361107431e-01
2.087343037130000023e-01,1.983311635087056934e-01
1.829220354560000261e-01,1.974074185077880628e-01
1.861628442999999911e-01,1.868448245068972113e-01
1.987580806019999813e-01,1.781003669887719632e-01
2.008325010539999955e-01,1.865835587154383302e-01
1.991298943760000106e-01,1.929239594904323118e-01
1.789479851720000014e-01,1.928077697902213783e-01
1.960126012559999797e-01,1.806407408374841039e-01
1.769941002129999941e-01,1.820735802680220616e-01
1.811666339639999845e-01,1.782518060944515981e-01
2.170765548939999900e-01,1.728397290765495697e-01
2.228865027430000090e-01,1.949539631532802575e-01
1.981754004959999926e-01,2.129956819099758925e-01
1.650676876309999930e-01,2.013434169273706220e-01
1.990987807510000429e-01,1.723650327080438471e-01
1.952784955500000141e-01,1.781674816216281820e-01
1.885309964419999984e-01,1.899071489336621177e-01
1.826629936699999956e-01,1.845054711088457144e-01
2.290190458300000176e-01,1.784066482000014886e-01
2.735207974910000006e-01,2.023565513017410999e-01
2.842034697529999820e-01,2.467278097347006538e-01
2.687470018859999810e-01,2.712848339026798783e-01
2.419617027039999979e-01,2.669503340042440054e-01
2.585682272909999857e-01,2.452600191549359487e-01
2.487231940029999977e-01,2.435757003591147440e-01
2.237731963400000357e-01,2.448687365618377743e-01
2.095130234959999838e-01,2.265881317712618026e-01
1.998770385979999897e-01,2.081539286493827856e-01
2.012569010259999958e-01,1.968001520447404673e-01
2.061658948660000101e-01,1.936244564259168022e-01
1.921332776550000176e-01,1.969813617030127806e-01
1.658605039119999958e-01,1.910226314926282698e-01
1.724504977459999921e-01,1.703377229377491531e-01
1.866747587920000173e-01,1.633489304309843626e-01
1.559437066319999954e-01,1.741152513171435323e-01
1.450039297340000033e-01,1.624714424006825919e-01
1.372807174919999929e-01,1.437320647511633742e-01
1.404531002040000087e-01,1.349118312247410689e-01
1.343677937979999848e-01,1.335868626329423381e-01
1.512558013200000218e-01,1.314167695392387258e-01
1.571162044999999952e-01,1.385412211865799936e-01
1.624787002799999991e-01,1.487049186360985265e-01
1.773491054770000019e-01,1.541290745875112111e-01
1.815999448299999985e-01,1.647551573149901027e-01
1.852913051839999992e-01,1.732308540814501696e-01
1.884922981259999908e-01,1.770647011030141160e-01
1.918683052059999838e-01,1.803929694111635895e-01
2.261683344839999776e-01,1.836213903450694407e-01
2.014196962120000101e-01,2.045029755877822153e-01
1.973526030779999829e-01,2.045421785743959664e-01
1.941564679150000194e-01,1.920387498172969887e-01
2.078395932910000188e-01,1.885529582828214534e-01
1.838871985670000042e-01,1.950195452278984110e-01
2.030725032089999993e-01,1.870251999878160820e-01
1.920516937969999893e-01,1.881049405479985892e-01
1.887007951740000411e-01,1.897050350765217275e-01
1.887437999249999832e-01,1.832792797547394270e-01
1.873788982629999988e-01,1.819312379263537394e-01
1.891151070590000038e-01,1.811732742350188607e-01
1.895716041330000323e-01,1.816010984086463553e-01
1.892361938949999878e-01,1.825712658298932201e-01
1.986678987739999847e-01,1.825676002226010175e-01
2.600212097169999903e-01,1.877903026603820191e-01
2.536996603009999962e-01,2.265474293951276197e-01
2.486595213409999727e-01,2.483041460096048758e-01
2.238901853559999988e-01,2.428088726818636578e-01
1.916601955889999931e-01,2.266282329143794461e-01
1.912304460999999789e-01,1.980549650808563766e-01
2.217618972060000082e-01,1.845563456528521440e-01
2.349424958230000027e-01,2.017359412639465055e-01
2.342955172060000035e-01,2.217838268134861013e-01
2.245461940769999942e-01,2.268616101387541939e-01
2.107733041050000034e-01,2.210494887642824036e-01
2.195045053959999715e-01,2.091894727795911568e-01
1.867112517360000057e-01,2.084767577991121779e-01
1.782344579700000098e-01,1.934334562704825289e-01
1.810989975930000218e-01,1.751458506245189839e-01
1.992904990909999952e-01,1.733077870729929637e-01
2.188781946900000275e-01,1.848154167889592137e-01
3.330821096900000167e-01,2.034013213011743593e-01
2.986789345740000212e-01,2.764424350343085979e-01
3.000943064689999829e-01,3.045152987639991871e-01
2.386572659019999820e-01,2.908502944133405377e-01
2.014694958929999502e-01,2.564857597421963953e-01
2.121156007049999903e-01,2.097350964166394549e-01
2.050123065709999748e-01,2.004509847824449409e-01
1.987702995540000239e-01,2.007901312134726390e-01
1.788948029280000296e-01,1.943204121136070106e-01
2.083670347930000055e-01,1.804629463024219893e-01
2.080235034229999946e-01,1.890741598283079139e-01
1.859974563120000146e-01,2.009593908894961867e-01
2.174742072819999816e-01,1.882998480749808190e-01
2.246447950599999854e-01,1.971554957245981732e-01
2.117234021429999780e-01,2.141594140664967727e-01
2.041544467209999714e-01,2.097703173195253901e-01
2.146971523759999834e-01,2.001410506578887027e-01
2.150782048699999838e-01,2.030216080465970241e-01
2.338068932289999735e-01,2.075755847177844782e-01
3.202091157440000169e-01,2.183826148630958752e-01
3.246116042139999824e-01,2.752799576814985438e-01
3.107064068320000150e-01,3.138507442276416426e-01
3.095698356630000037e-01,3.077897058588192070e-01
2.792485058309999713e-01,3.012919648674847739e-01
2.426900416609999722e-01,2.835571931468760520e-01
2.526278495789999745e-01,2.500554942790941815e-01
2.839281857009999799e-01,2.404979182915796543e-01
2.947731912139999744e-01,2.624313421898066823e-01
2.706804275510000246e-01,2.816464232779381516e-01
2.213104963300000227e-01,2.724738640425223846e-01
2.309004068370000273e-01,2.343211691181854295e-01
2.387782931329999747e-01,2.192987334668791699e-01
2.419604510069999770e-01,2.277395308597867374e-01
2.565485239029999809e-01,2.328090713679925039e-01
2.649432718749999971e-01,2.424260928795806125e-01
2.552419006819999781e-01,2.532571254701181385e-01
2.503576874729999679e-01,2.512301527532447287e-01
2.851879894730000031e-01,2.444157367171689854e-01
3.117785453800000495e-01,2.622056241297013868e-01
2.945955097679999746e-01,2.918522240116047106e-01
3.066652119159999912e-01,2.932195204826196777e-01
2.395841330290000293e-01,2.928790342135356162e-01
1.883951872589999799e-01,2.597702965983944012e-01
1.851434856649999960e-01,2.026886465501046564e-01
2.226487994190000097e-01,1.797603858355397710e-01
2.192545831199999851e-01,1.997484243035115292e-01
2.097330987449999851e-01,2.132284080974121976e-01
1.943479031319999828e-01,2.064149512339338022e-01
1.941306889060000207e-01,1.937482595017541998e-01
2.030006051060000150e-01,1.873060393936072376e-01
1.910956948999999738e-01,1.922582907272129549e-01
1.403214633459999860e-01,1.891322328674716891e-01
1.376174986360000074e-01,1.554139963200608654e-01
1.550265699630000160e-01,1.332074437087127361e-01
2.001304924489999970e-01,1.419951649714435438e-01
1.929156184199999624e-01,1.746713359272730748e-01
1.806230992080000430e-01,1.889878093382729163e-01
1.619705408809999914e-01,1.790437311005996512e-01
1.889210045340000144e-01,1.634187788771090111e-01
1.788192987439999881e-01,1.711231002319369976e-01
1.769654452799999944e-01,1.763826280698674309e-01
1.813704073430000008e-01,1.711983764793107987e-01
2.045527994630000068e-01,1.729438002552562414e-01
2.115447074170000163e-01,1.879174352456771113e-01
2.114014774559999921e-01,2.013930397378976833e-01
1.859614849089999966e-01,2.041872164690897440e-01
1.966694146390000064e-01,1.896692202313925990e-01
1.941680759189999828e-01,1.853140779480920153e-01
