1.905867606399999914e-01,1.694058109126030387e-01
1.769561022520000082e-01,2.021816192285517955e-01
1.810430586339999981e-01,1.732638730390034520e-01
1.955727785830000398e-01,1.854913068599263470e-01
1.954265981910000005e-01,2.054315261446478247e-01
2.004670947789999880e-01,1.987700189435981646e-01
2.029463946819999587e-01,2.063552607622985979e-01
0.000000000000000000e+00,2.078397466622071421e-01
1.862521618600000151e-01,-1.065944055899770565e-01
1.862153261900000301e-01,2.807574367593602127e-01
4.038094580169999670e-01,1.891019174684503701e-01
4.118085205549999461e-01,4.978156042855640395e-01
3.743042349819999948e-01,4.254887924160346557e-01
3.571429848669999685e-01,3.728359671184957591e-01
2.572054266930000055e-01,3.614735792034033390e-01
2.409307956699999753e-01,2.262775762674504587e-01
2.253161966800000249e-01,2.400099140096381978e-01
1.935185044999999937e-01,2.237540282199937947e-01
1.787700653079999924e-01,1.830920053389036573e-01
1.622045934200000150e-01,1.747004657003232431e-01
1.761920750140000269e-01,1.562424246807886941e-01
1.883655935530000325e-01,1.848815956946886496e-01
1.861467957499999548e-01,1.968254244422390498e-01
1.954913884399999968e-01,1.880607730940663525e-01
1.954011768099999935e-01,2.030336303929683173e-01
1.660518944260000185e-01,1.987678153194349928e-01
1.907722949980000249e-01,1.546817763689338765e-01
2.156041562559999625e-01,2.050206371800753491e-01
1.898660957809999716e-01,2.308894550221550213e-01
1.770474612709999895e-01,1.817608336065025532e-01
2.001174986360000074e-01,1.737202793396670220e-01
1.948629021640000125e-01,2.140049809648156276e-01
1.922753006219999894e-01,1.959362197979816755e-01
1.779100298880000042e-01,1.943713910866293193e-01
1.810636967419999854e-01,1.739542451232307108e-01
1.680064052340000114e-01,1.850936953710964894e-01
1.635809391740000174e-01,1.639961061863747516e-01
1.706920862200000111e-01,1.631873765578189528e-01
1.916799396280000345e-01,1.759572613357091031e-01
2.085516005749999957e-01,2.042714846940932860e-01
2.058236002919999752e-01,2.200330817518769411e-01
1.828240007160000513e-01,2.086071889470758611e-01
1.857409924269999846e-01,1.754153379784945954e-01
1.775099337099999841e-01,1.899176257511783483e-01
1.752161234619999952e-01,1.762470601829493333e-01
1.971126049759999999e-01,1.764717036454112875e-01
1.845117062330000057e-01,2.103468603249264990e-01
1.984785944219999987e-01,1.817496160453118959e-01
2.143009155989999692e-01,2.082205436023792378e-01
1.841159015890000139e-01,2.255692452735396092e-01
2.104043960570000094e-01,1.736977089942393082e-01
2.032361328599999739e-01,2.261391064488729175e-01
2.088565975429999833e-01,2.039578843096237215e-01
1.960448026660000231e-01,2.154192248220680450e-01
1.900728046889999523e-01,1.939040189672694425e-01
1.658952832220000062e-01,1.905555471194545769e-01
1.872539073229999851e-01,1.567948155787479980e-01
1.852532625200000171e-01,1.998211693603065831e-01
1.799222826959999966e-01,1.872135231162984081e-01
2.012764066460000223e-01,1.800942366510694392e-01
1.978618204589999985e-01,2.144419161547183594e-01
1.950792670250000027e-01,1.999080885964087950e-01
1.711323857310000085e-01,1.972465827759298518e-01
1.623787879939999901e-01,1.625015648361780307e-01
1.677809953689999856e-01,1.599484684922381772e-01
2.059821039440000168e-01,1.721083120267817290e-01
2.158481031659999771e-01,2.269241474586905227e-01
2.141157686710000174e-01,2.245895942595565742e-01
1.768843084569999835e-01,2.177727220578042078e-01
1.967563778159999444e-01,1.629033341300224758e-01
1.834106147289999988e-01,2.090642652043337435e-01
1.805770993230000065e-01,1.802527271194622194e-01
1.911945044990000231e-01,1.819000695910056864e-01
2.012096941470000178e-01,1.990937896871775026e-01
2.066745012999999798e-01,2.093270235275494495e-01
2.420079559090000110e-01,2.130609852004940463e-01
2.195876985790000124e-01,2.627615655377456005e-01
2.106474190949999825e-01,2.148573482191272199e-01
1.944769918919999896e-01,2.110341374123300140e-01
1.704634428020000148e-01,1.907888437677789373e-01
1.787724494929999741e-01,1.617564673993945878e-01
1.750701963900000158e-01,1.850065945107289278e-01
1.796004772190000487e-01,1.756849568600363509e-01
1.688816994429999940e-01,1.841708397407508524e-01
1.640222966669999949e-01,1.659742353275956150e-01
1.799237728120000324e-01,1.634582305964900895e-01
1.769366562369999729e-01,1.896680448444958977e-01
1.781685650350000039e-01,1.779807697732355143e-01
1.665234863759999795e-01,1.811761203794726716e-01
1.855484992270000077e-01,1.630511749189383908e-01
1.732649058100000083e-01,1.969773559235917237e-01
1.860052198169999949e-01,1.699355697932457276e-01
1.832000017169999884e-01,1.946061098444714088e-01
1.951216459270000425e-01,1.846859894670243585e-01
2.088083624839999763e-01,2.037938567493424724e-01
1.873752027749999993e-01,2.188976703222546283e-01
2.025922685860000183e-01,1.809527077127490446e-01
1.986005455260000108e-01,2.130779335745200953e-01
1.863885968919999914e-01,2.004365221484089021e-01
1.716178953649999950e-01,1.839136894654932464e-01
1.885485500099999823e-01,1.670768427364259234e-01
2.112170010809999998e-01,1.991635987672073782e-01
1.833238750700000030e-01,2.253740694069531203e-01
2.096922993660000067e-01,1.738344182221401302e-01
2.197588831190000203e-01,2.254356344773933984e-01
2.330529242750000174e-01,2.287663229528131004e-01
2.151579260829999951e-01,2.440241931859494229e-01
2.008593231439999849e-01,2.120314573907035038e-01
1.312076449390000010e-01,1.983741896187987130e-01
1.399971693750000079e-01,9.919801129172965692e-02
1.684847325090000070e-01,1.443742520788210137e-01
2.097207009790000298e-01,1.835405120821501646e-01
1.677834987640000053e-01,2.321577125555668586e-01
1.697814613580000132e-01,1.510626505093715932e-01
1.778024435040000129e-01,1.726671799480231362e-01
1.989280730490000093e-01,1.838557559879905323e-01
1.968562752010000194e-01,2.118922377926840683e-01
1.764101982119999634e-01,1.994334993909148146e-01
1.775619983670000124e-01,1.696799831388757507e-01
1.848997771739999962e-01,1.804997863388615453e-01
1.751745045190000183e-01,1.910119660437809008e-01
1.822087168690000036e-01,1.731034794729875981e-01
1.833387613300000163e-01,1.880450560701980578e-01
2.092746049170000067e-01,1.865866136064201763e-01
2.103900015349999819e-01,2.248090194690034738e-01
1.875178515910000121e-01,2.150768726985929913e-01
1.892182081940000093e-01,1.804837142952797069e-01
2.129119038579999901e-01,1.930407728162853997e-01
1.846891939640000202e-01,2.275900095330827821e-01
1.933595985170000198e-01,1.751548557990475485e-01
1.597519963980000013e-01,2.004963895532523022e-01
1.731968969110000145e-01,1.460364953231453045e-01
1.763989776370000484e-01,1.814901928074162396e-01
1.903230398890000119e-01,1.801967461280031546e-01
1.978137493129999980e-01,1.996642966607871106e-01
1.724811047320000124e-01,2.046487525310825561e-01
1.773964017630000056e-01,1.633367081880736649e-01
1.862247735259999759e-01,1.820222619584057622e-01
2.039294093849999823e-01,1.930743267100070160e-01
2.303259670730000153e-01,2.155794026263537222e-01
2.793866395949999859e-01,2.468331915978956292e-01
2.991397082810000052e-01,3.067716209438460795e-01
2.514718174930000161e-01,3.150171366941615370e-01
1.890812516209999794e-01,2.389344246711815056e-01
2.833725214000000214e-01,1.655850026401259889e-01
2.606627941129999737e-01,3.302808660014834308e-01
2.856159806249999877e-01,2.583311294587421481e-01
2.152941524979999910e-01,3.032054917526695315e-01
1.691618561740000082e-01,1.910351126297511193e-01
1.676646620040000146e-01,1.507487171682806160e-01
1.986771523950000007e-01,1.688422233056064148e-01
1.806469559670000058e-01,2.160988352706171012e-01
1.824937760829999922e-01,1.752580005837520993e-01
1.871567964549999963e-01,1.860157701505496808e-01
2.099210023880000164e-01,1.921884502693983754e-01
1.939254999159999993e-01,2.240689376264290711e-01
1.662387549880000037e-01,1.902779082742328265e-01
1.659430116420000101e-01,1.556137402295549865e-01
1.823978126049999871e-01,1.675669953352177388e-01
1.884365230800000013e-01,1.925112534427506628e-01
2.158337980510000031e-01,1.941494631111115310e-01
2.153968065980000068e-01,2.322634684775498060e-01
1.994820386169999793e-01,2.196756007170293790e-01
1.468160003419999859e-01,1.962188125699340924e-01
1.810178905730000509e-01,1.236741854938219476e-01
1.982497125860000209e-01,1.992460749765836703e-01
1.886273920540000038e-01,2.094389403401727690e-01
1.874347329140000074e-01,1.874234276039228320e-01
1.838997006419999802e-01,1.898760182142539277e-01
1.789868623020000049e-01,1.851015508447867441e-01
2.386641800400000069e-01,1.792900306167609925e-01
4.006521701810000224e-01,2.700805409266344159e-01
3.205133974549999598e-01,4.710612093322437133e-01
3.453539609910000197e-01,3.021985245141514120e-01
3.201048076149999866e-01,3.640776704007803732e-01
3.410750627520000022e-01,3.200588931820891880e-01
3.317869901659999954e-01,3.583160290372345846e-01
3.053638935090000062e-01,3.378753186045285184e-01
2.349332422019999866e-01,3.041411873609781158e-01
2.433501929039999789e-01,2.124300684598134648e-01
2.282197028400000105e-01,2.526999652555637077e-01
2.155468463900000187e-01,2.270286564827835307e-01
1.862514019010000077e-01,2.146365880890039601e-01
1.789111644029999504e-01,1.763680319727412016e-01
1.881189942359999534e-01,1.781291338632800259e-01
2.258600741620000185e-01,1.952342565119565554e-01
2.293289005759999999e-01,2.472069555392651385e-01
2.172957956789999534e-01,2.359644117919965089e-01
2.285813987260000013e-01,2.167572069683478264e-01
2.961176931860000083e-01,2.385050651697916968e-01
2.966041862959999942e-01,3.313766784004189558e-01
2.547382712360000134e-01,3.049529616194894266e-01
2.234010547399999935e-01,2.446456473731260517e-01
2.086469978090000066e-01,2.152697592888549449e-01
2.144542932510000166e-01,2.064442527035268982e-01
1.909040212630000177e-01,2.213723525491312072e-01
1.961078941820000032e-01,1.838077228777007799e-01
1.758218258620000141e-01,2.018453845586135886e-01
1.801499277349999928e-01,1.691221248123620513e-01
1.802266091110000246e-01,1.846587100102510259e-01
1.831340938809999930e-01,1.828305341066386869e-01
1.799343973400000241e-01,1.871658207883792890e-01
1.912952065469999963e-01,1.810569423520892174e-01
2.391949146990000052e-01,1.995323127205020919e-01
2.476447969680000138e-01,2.653779887139697813e-01
2.603625059129999753e-01,2.571908869704888634e-01
2.153915017839999890e-01,2.721768757216199153e-01
1.687171012159999761e-01,2.011620115015709531e-01
1.901023983960000163e-01,1.500349307052669390e-01
1.932636946439999781e-01,2.028057956795788763e-01
1.967433989050000331e-01,1.979498166952893823e-01
1.968259066340000141e-01,2.017527410400836996e-01
1.806160062550000167e-01,2.003455691254520388e-01
1.917202025649999975e-01,1.760228361215253334e-01
1.939498037100000072e-01,1.998630558981631666e-01
1.780927032229999429e-01,1.982604438593162655e-01
1.982128173110000169e-01,1.734910514144197280e-01
2.026619017119999921e-01,2.106949497483636413e-01
1.926424354309999587e-01,2.084022260805613036e-01
1.775846034290000375e-01,1.915067206258962151e-01
1.697379499670000069e-01,1.733023582538786023e-01
1.742126941680000041e-01,1.681724664611261300e-01
1.767573058610000247e-01,1.784672760712253115e-01
1.698893159629999983e-01,1.802779893688062629e-01
1.786662638189999985e-01,1.687729652387187640e-01
1.773128658529999901e-01,1.851070160249801699e-01
1.912915557620000206e-01,1.791110707646781097e-01
1.917339116329999926e-01,2.007031235171775063e-01
1.682408750059999902e-01,1.951358443036012302e-01
1.533582359550000052e-01,1.596077637252691084e-01
1.219834238290000011e-01,1.475659099875804015e-01
1.124273017049999962e-01,1.063706935313329244e-01
1.387385427950000027e-01,1.063859664688144996e-01
1.735682934519999776e-01,1.514333636002558325e-01
1.894755959509999699e-01,1.918063296017547270e-01
1.896263062950000189e-01,1.996709241685784564e-01
1.874510943890000114e-01,1.927840604023258186e-01
1.846003979439999887e-01,1.894580217583936577e-01
2.440665513279999810e-01,1.861461810742488787e-01
2.327407002449999873e-01,2.754683340778851797e-01
2.219963967800000215e-01,2.333772138463401091e-01
1.852974742650000117e-01,2.222692644198967227e-01
1.947617977860000016e-01,1.721855709418129154e-01
1.780637502669999983e-01,2.023214442356457698e-01
1.859644204379999610e-01,1.730900731889016830e-01
2.072025239469999502e-01,1.923840386494588273e-01
1.870556026700000152e-01,2.205621439002975193e-01
2.003259211780000215e-01,1.811682543613754304e-01
2.049419134859999936e-01,2.098435708203989780e-01
4.109843969350000514e-01,2.108708658376303724e-01
3.850685060019999884e-01,4.990896680552663334e-01
3.761990368370000670e-01,3.876192899562402316e-01
3.382981419560000536e-01,3.838719520697930765e-01
2.050670981410000482e-01,3.348823551558770539e-01
2.311079055070000277e-01,1.562745836301917823e-01
2.232432067389999997e-01,2.474877913885102643e-01
1.962449550630000206e-01,2.247929004527945418e-01
1.992976218459999727e-01,1.880436896173513506e-01
1.784480065109999847e-01,2.042522641670099226e-01
1.708953380579999737e-01,1.716786485037413157e-01
1.857410371300000085e-01,1.695326922583022811e-01
1.884250044819999748e-01,1.952813445867414566e-01
1.818749755619999964e-01,1.926419481993289218e-01
1.925081014630000142e-01,1.816208672900346266e-01
1.790819615130000153e-01,2.004786502716077723e-01
1.921849995850000159e-01,1.756152397030957546e-01
1.867637038229999769e-01,2.012457578974335970e-01
1.980000883339999851e-01,1.872963644349312784e-01
3.074838817119999734e-01,2.065047312387269518e-01
2.838982045650000341e-01,3.606066373042423612e-01
2.563236057759999964e-01,2.825524908025091042e-01
2.176708281040000137e-01,2.518385139901782588e-01
3.016590476040000302e-01,2.061654898570700889e-01
3.009566068650000314e-01,3.438619616513817756e-01
3.871228992939999558e-01,3.090204355777916301e-01
3.553330004220000005e-01,4.282360871619913523e-01
2.734268903729999978e-01,3.547835552781835045e-01
3.047637045380000020e-01,2.503245118842050143e-01
1.934034079309999710e-01,3.253221151443149717e-01
1.674667745829999943e-01,1.511518920979966207e-01
1.849085837600000226e-01,1.577010263911249877e-01
2.460200339559999727e-01,1.955879931215489809e-01
2.682054042820000150e-01,2.781813653647530193e-01
2.603135108949999887e-01,2.841754717723923296e-01
2.072546035049999680e-01,2.637960792424847711e-01
2.076155245300000118e-01,1.891146724408007962e-01
1.928880363700000156e-01,2.118314639632581098e-01
1.886100023979999929e-01,1.897231467303678587e-01
1.899161785839999783e-01,1.897537316649017813e-01
1.841135472060000111e-01,1.936016668120741357e-01
1.885657012459999726e-01,1.843227103815915924e-01
1.928238719700000325e-01,1.935774732244930907e-01
1.931996941570000015e-01,1.979726983003984031e-01
1.622868627309999867e-01,1.966519615588784020e-01
1.296745538709999923e-01,1.499500952036232626e-01
1.509044617410000011e-01,1.140897724234644917e-01
1.567745953799999925e-01,1.617422851774030224e-01
2.352031022309999941e-01,1.607130259935730943e-01
2.412368059159999689e-01,2.751043913974428601e-01
3.487674891950000022e-01,2.494994945369637118e-01
4.479171633719999934e-01,3.997390864752130568e-01
7.274934649469999570e-01,4.907844778379047979e-01
7.546014785770001065e-01,7.767881898620900838e-01
6.946486234659999814e-01,7.518178230282046570e-01
6.383669972420000782e-01,6.917501754217594279e-01
5.096258521080000436e-01,6.374337741939779534e-01
3.489852249620000735e-01,4.958193992220401580e-01
3.274166882039999948e-01,3.114009489607905690e-01
3.183498978609999863e-01,3.290090541243921862e-01
2.771280407910000076e-01,3.239972326502307265e-01
2.614668905739999660e-01,2.688209029143964757e-01
2.646197974680000176e-01,2.619364600916424535e-01
2.569813728329999880e-01,2.727199691566690731e-01
2.632848024370000317e-01,2.603990690565193833e-01
2.274889498949999866e-01,2.726003509787417456e-01
1.972997337579999733e-01,2.178430250568665627e-01
1.593737602229999828e-01,1.878229223714890095e-01
1.552143245940000027e-01,1.437305681614063357e-01
2.165970057250000136e-01,1.544366041436988912e-01
2.152127921579999881e-01,2.484198585369404300e-01
2.079710960389999919e-01,2.190765332273877930e-01
2.003736048939999681e-01,2.089311191622046926e-01
1.930765211580000029e-01,2.007452009479026300e-01
1.887691617009999989e-01,1.931540790675705110e-01
2.153376042839999782e-01,1.899090950708757497e-01
2.704129219060000255e-01,2.313816153083863847e-01
5.549836754800000493e-01,3.002384853684857413e-01
5.126557946209999717e-01,6.519101233018534947e-01
5.099799633029999946e-01,5.142207373873058929e-01
4.163484573359999552e-01,5.203870187582363416e-01
2.535916566849999998e-01,4.020465574611001291e-01
1.788074076179999861e-01,2.018261647011715676e-01
1.850019842389999947e-01,1.492963674873475921e-01
1.711802035570000047e-01,1.906062466394620181e-01
1.727939993140000241e-01,1.670329977262369203e-01
1.767069548369999965e-01,1.756741695183802188e-01
1.761609017850000181e-01,1.808426248883845955e-01
2.039509564639999939e-01,1.782562236999897243e-01
1.905422955750000480e-01,2.201131220105951858e-01
1.819348037240000049e-01,1.878031268799265630e-01
1.684180349109999919e-01,1.807732148642738901e-01
1.891849339009999964e-01,1.642287996270514749e-01
1.689333617690000067e-01,2.015675523427538918e-01
1.962249428029999576e-01,1.617816945173284893e-01
1.980420649049999537e-01,2.118627572918041213e-01
1.778897047040000068e-01,2.023882278390458367e-01
1.612316220999999994e-01,1.713879633043397799e-01
1.492553949359999854e-01,1.551628789516986962e-01
1.442013978960000053e-01,1.445179347038310635e-01
1.220441684129999899e-01,1.423336066408202039e-01
1.259213238949999925e-01,1.107177906088087915e-01
1.192706972360000062e-01,1.271544729126347639e-01
1.400409787890000146e-01,1.150668191598982898e-01
1.655126959090000016e-01,1.501309194584268536e-01
1.946723610159999951e-01,1.790252478525411195e-01
1.824015975000000123e-01,2.110992596274378075e-01
1.781254708769999806e-01,1.796528154967469426e-01
1.768455654380000075e-01,1.786622346736068956e-01
1.895092576740000090e-01,1.786500918597519194e-01
1.890345066789999584e-01,1.982448139127551689e-01
2.166133970019999688e-01,1.918827200003903610e-01
2.142671942709999944e-01,2.331519406323276367e-01
1.696722060440000179e-01,2.176694225332565791e-01
1.861636042589999707e-01,1.519601506358501108e-01
2.109026014799999793e-01,1.964695238820333423e-01
2.016181051729999951e-01,2.259665969794669160e-01
2.371999472380000307e-01,2.013336991148219901e-01
1.953185498709999746e-01,2.579255737502046952e-01
1.463003754620000041e-01,1.807964528945574800e-01
2.596421837810000133e-01,1.247134277941271269e-01
4.047906100750000014e-01,3.155701657889047884e-01
3.813273906710000216e-01,4.679752750663068173e-01
3.577617108820000391e-01,3.845048758140689471e-01
3.031907975670000144e-01,3.600011846382145109e-01
2.219824343919999943e-01,2.919414922210117891e-01
2.247738689180000249e-01,1.941974428077974102e-01
2.553716301919999876e-01,2.309022586941823219e-01
2.618205845359999895e-01,2.744724678440634835e-01
2.273367345329999900e-01,2.711351895319710770e-01
2.031441032889999831e-01,2.182068347711455247e-01
1.758806854490000404e-01,1.965986150517632647e-01
1.670619547370000013e-01,1.661342188818442922e-01
2.118712961670000117e-01,1.648941257369589686e-01
1.990658938880000006e-01,2.359945155024153751e-01
1.948491036890000194e-01,1.971123788489923256e-01
1.566408872600000002e-01,1.963754383828019423e-01
1.590297073130000072e-01,1.406584294282717251e-01
1.671897023919999836e-01,1.614866757442416090e-01
1.815824955700000298e-01,1.727490214990166362e-01
2.245292961599999748e-01,1.907186497490474808e-01
2.216224968430000053e-01,2.481571672935314055e-01
2.066582888360000148e-01,2.251747383758527787e-01
1.570345163350000128e-01,2.042449542806079044e-01
1.968932896850000003e-01,1.361000311878477476e-01
2.048864960669999902e-01,2.182990365909217023e-01
1.668177992110000118e-01,2.122912831102572451e-01
1.417246013879999988e-01,1.516956075279968508e-01
1.666631847619999829e-01,1.304781793524298072e-01
1.926406770939999569e-01,1.799768428737497372e-01
2.254680991169999982e-01,2.075379734134649989e-01
2.252101451159999879e-01,2.446295378710912349e-01
2.145293951029999535e-01,2.300678438357536548e-01
1.820016801359999881e-01,2.144007030418186022e-01
1.906076073649999592e-01,1.704241435722653186e-01
1.686857044700000030e-01,1.975781528897977701e-01
1.903967410330000276e-01,1.607777838177160967e-01
2.045876085759999741e-01,2.032607561000296381e-01
1.865548938510000199e-01,2.147086456376889607e-01
1.815108954909999961e-01,1.815517417717166238e-01
2.014583945270000120e-01,1.819038332393683455e-01
2.036586105820000214e-01,2.140020304151803721e-01
1.918114423750000019e-01,2.084671597530405873e-01
1.731049269440000093e-01,1.898297355933653840e-01
1.919497996569999865e-01,1.669182246106203082e-01
1.787570714950000028e-01,2.035839034811261494e-01
1.788225024940000296e-01,1.753727672566826601e-01
1.665375530719999941e-01,1.813426935146093544e-01
1.951155364510000489e-01,1.627789873561577005e-01
1.929849982259999874e-01,2.112946722551533041e-01
1.620820015670000058e-01,1.953217575786749538e-01
1.356869190929999858e-01,1.497343002946782131e-01
1.467041671279999959e-01,1.234026781973207865e-01
1.972582042220000220e-01,1.524994756954144992e-01
1.894697993989999940e-01,2.236257557908119808e-01
1.961945891380000029e-01,1.891199561403708873e-01
2.645494043830000086e-01,2.026093864400447531e-01
2.692976891989999899e-01,3.000862059554476602e-01
2.608369886879999822e-01,2.782324567636719204e-01
2.406771630049999999e-01,2.641193267670070566e-01
3.313829302790000098e-01,2.381736032848388585e-01
3.281686902050000021e-01,3.759073258284147401e-01
2.893257141109999986e-01,3.362942413573484779e-01
2.625965774060000091e-01,2.826847298962615329e-01
1.794345527890000014e-01,2.588229050001413789e-01
1.727855503559999895e-01,1.466012924589568667e-01
2.207822054619999752e-01,1.719430025023160613e-01
2.426082938910000264e-01,2.465837193500142466e-01
2.444625049829999841e-01,2.575805576213524573e-01
2.097309380769999676e-01,2.511367723320132583e-01
1.825350672010000175e-01,1.992494830707150222e-01
1.691226661210000204e-01,1.732904228316421436e-01
1.575669944289999902e-01,1.650254788807644646e-01
1.770704984660000092e-01,1.535610510914098559e-01
1.741859167810000109e-01,1.883318942941888952e-01
1.755136996510000269e-01,1.751162455701577303e-01
1.687776893379999976e-01,1.784165896247794647e-01
1.939594447609999939e-01,1.676531316681796613e-01
1.943469941619999919e-01,2.085487025887066137e-01
2.223779261109999905e-01,1.978666529076100467e-01
2.144328951839999942e-01,2.393220698615620701e-01
1.937792897219999533e-01,2.154580154019942462e-01
1.783622056249999921e-01,1.881179141821920087e-01
1.706998199219999790e-01,1.739717862367401169e-01
1.894924789669999998e-01,1.692759848871462636e-01
2.422726899390000022e-01,2.009932858307802994e-01
2.336400598289999908e-01,2.706757375133656551e-01
2.456458657979999904e-01,2.354375337796528467e-01
2.297928631310000025e-01,2.565907664487015460e-01
2.152034044269999780e-01,2.283964745975384514e-01
2.607180178169999918e-01,2.134662043239583529e-01
2.623189091679999918e-01,2.862981595072754404e-01
2.198584228750000147e-01,2.696955083513267182e-01
3.426670730110000229e-01,2.069801725712805962e-01
3.465315699580000519e-01,4.003016307792075512e-01
2.930460572240000117e-01,3.577336471322972722e-01
2.670845985409999734e-01,2.814441764239976607e-01
2.535850703720000099e-01,2.638750339659309274e-01
2.199364602570000049e-01,2.544844380715466925e-01
2.274277955290000264e-01,2.106252767246916124e-01
1.686184257270000042e-01,2.356809774466707141e-01
1.842167228460000195e-01,1.447690270976602633e-01
1.896838992830000015e-01,1.940262330243270605e-01
1.641370058060000192e-01,1.952065472571384019e-01
2.130100131029999677e-01,1.543056320119236269e-01
2.186074256900000234e-01,2.390151727648042734e-01
2.188677042720000021e-01,2.256358648043106652e-01
2.313981950280000199e-01,2.236233682087437058e-01
2.149903923270000128e-01,2.419743905919477522e-01
2.503419816490000116e-01,2.124767534358428522e-01
2.535111904139999983e-01,2.713301873656053798e-01
2.445873767139999932e-01,2.611362205898593580e-01
2.031902372839999860e-01,2.468498934100027964e-01
2.327843457459999599e-01,1.894763187752947220e-01
2.531769871709999564e-01,2.507657073171417061e-01
2.558321058749999932e-01,2.679132168553070015e-01
2.091450989249999948e-01,2.633501697359533211e-01
2.179704755539999816e-01,1.937332306922080194e-01
2.751700878139999862e-01,2.263597485646522411e-01
2.834362983699999505e-01,3.059546392763076716e-01
5.200669765470000705e-01,2.943116739687422490e-01
5.718095898630000118e-01,6.050929600478327508e-01
5.820317864419999321e-01,5.922489557687983242e-01
5.010549426079999868e-01,5.929378624200969394e-01
2.807539105419999959e-01,4.946476889711443059e-01
2.063424885269999898e-01,2.176299791387149296e-01
2.145204693079999780e-01,1.796492109232437351e-01
2.198818922040000068e-01,2.224679673228636689e-01
2.337387651210000028e-01,2.268703091820833129e-01
2.567627131940000140e-01,2.449782647765335053e-01
2.328460067509999509e-01,2.727195474345261994e-01
1.991674900050000030e-01,2.283449278712562092e-01
1.789865642790000044e-01,1.883586446549031512e-01
1.796395033599999802e-01,1.725460083863514238e-01
1.698227077719999811e-01,1.824689163152325988e-01
1.522479057309999995e-01,1.673784574793863722e-01
1.740261465309999867e-01,1.451589594954044993e-01
1.826220005749999709e-01,1.861982501176387972e-01
1.566141396759999915e-01,1.891837279596483012e-01
1.689846664669999721e-01,1.460370367233374267e-01
1.731435954569999769e-01,1.765730089365031841e-01
1.901344954969999834e-01,1.771967376124663207e-01
1.337733566760000159e-01,2.008494217459721176e-01
1.587713211769999910e-01,1.078462606510976335e-01
3.362798094749999689e-01,1.717594171028719863e-01
3.365317881109999854e-01,4.185073632460059034e-01
3.025190830230000127e-01,3.461702283010667514e-01
2.839955985550000062e-01,2.984196990295339691e-01
1.806526631120000115e-01,2.845589308488810643e-01
1.813106983900000246e-01,1.399779578216973075e-01
2.399948686360000027e-01,1.842353512769251134e-01
2.357428967949999898e-01,2.709868631654165916e-01
2.299271076919999768e-01,2.394642857078302101e-01
2.266699969770000211e-01,2.326950977277488231e-01
2.079305946829999863e-01,2.303381763296300788e-01
2.176461517809999968e-01,2.039973366701043345e-01
2.530807852749999975e-01,2.264052843297051643e-01
2.445257008080000127e-01,2.741763145696525239e-01
2.472106367350000167e-01,2.469350002086988238e-01
2.140260040760000038e-01,2.543540040788582202e-01
3.001447618010000262e-01,2.044874579706742745e-01
4.906117916109999921e-01,3.432779958052515346e-01
3.879201114179999799e-01,5.624955348409585998e-01
3.368788957599999634e-01,3.690386181877782779e-01
2.932540476320000256e-01,3.290758994235469248e-01
1.897923052309999914e-01,2.851508254634675388e-01
2.160292118790000104e-01,1.501189062199624891e-01
3.753999471659999476e-01,2.319520185848901461e-01
3.595648109909999612e-01,4.467124359924954380e-01
3.568296134470000380e-01,3.644239655200797734e-01
2.543200254440000085e-01,3.660160019535518838e-01
1.710169017309999817e-01,2.221980253991548970e-01
1.929912567139999979e-01,1.372578667864930158e-01
1.877582967279999848e-01,2.060859442072619507e-01
1.911910772320000174e-01,1.884318355309453352e-01
2.173696309329999909e-01,1.958880043575301766e-01
2.077021002769999791e-01,2.333162627012995149e-01
2.206149846319999941e-01,2.076084432821091175e-01
2.270559668539999798e-01,2.308908861172100646e-01
2.409625947480000252e-01,2.348448028175655344e-01
2.354097962379999853e-01,2.525172524413402120e-01
2.214455157519999995e-01,2.385750776978930454e-01
1.873570978640000106e-01,2.203407728634005913e-01
1.875694990160000075e-01,1.755087784678250606e-01
1.860239952800000485e-01,1.906415739628553874e-01
2.020407021049999696e-01,1.882297484759488937e-01
1.742038130759999970e-01,2.128569371831914858e-01
1.875655949120000054e-01,1.640875061159141057e-01
1.820583045479999829e-01,1.965222067838022224e-01
1.922361850739999767e-01,1.822776088365687663e-01
2.172528207300000180e-01,1.999899773303764339e-01
2.296049296860000200e-01,2.326820036732552277e-01
2.509359121320000052e-01,2.400286124706692281e-01
2.739968001839999667e-01,2.659888584044971527e-01
2.468370050189999942e-01,2.904991342938395005e-01
2.319672256710000047e-01,2.419215221762354984e-01
2.044411897660000088e-01,2.311017643717657999e-01
2.075911909340000250e-01,1.965819844186326992e-01
2.634023129940000207e-01,2.130158098162257541e-01
3.036424219609999975e-01,2.934597136499782488e-01
3.236212432380000115e-01,3.277268707709967699e-01
3.383783698080000124e-01,3.401653429032165388e-01
3.256455063820000162e-01,3.532963986767847508e-01
3.199611008170000215e-01,3.302720258957004829e-01
3.445942103859999661e-01,3.268981831821271000e-01
3.591096997259999868e-01,3.632317283638412664e-01
3.462464511389999888e-01,3.743288358817432049e-01
3.135047256949999861e-01,3.516259545027177746e-01
2.611905336379999887e-01,3.104823253503573022e-01
2.517339885229999963e-01,2.476430696766633854e-01
2.365340739490000288e-01,2.541547057811493482e-01
2.257324606179999804e-01,2.357970105048897147e-01
2.135377526280000104e-01,2.261930700961494733e-01
1.833177059890000182e-01,2.127110965334926274e-01
2.036423683169999999e-01,1.728268117163055395e-01
2.443349212410000082e-01,2.164469674854004877e-01
2.420464009050000143e-01,2.674765117419702354e-01
1.904003769159999526e-01,2.468960027897124376e-01
1.422279328109999907e-01,1.714311050747407694e-01
1.802364736799999811e-01,1.206658609783539116e-01
1.587783545260000040e-01,2.002125996565548294e-01
1.564234346149999955e-01,1.503894752857556361e-01
1.458736360070000126e-01,1.565470286679974121e-01
1.534039974209999990e-01,1.415708679938974812e-01
1.587697118520000061e-01,1.579283626062878698e-01
1.766731888060000533e-01,1.625851903689464195e-01
1.735716015100000065e-01,1.871807693728652910e-01
1.556300967930000223e-01,1.743685402985508393e-01
1.678923070430000108e-01,1.486055611272731058e-01
1.889611035589999766e-01,1.753753228676849241e-01
1.857852935790000048e-01,2.014710895535372082e-01
1.759144961829999798e-01,1.872545255530590480e-01
1.993034631010000002e-01,1.738244396542472925e-01
1.905056983229999890e-01,2.133009791100774488e-01
1.746108233929999920e-01,1.897753319105949243e-01
1.891844570640000001e-01,1.697660534595731852e-01
1.795153021809999805e-01,1.987645157525829986e-01
2.012605071070000251e-01,1.777364483433428732e-01
2.108775675299999763e-01,2.146005986505295227e-01
1.980962008239999794e-01,2.192793550602164521e-01
1.666497588159999987e-01,1.960939380384363329e-01
1.744651794429999958e-01,1.544035232122252244e-01
1.693953573699999993e-01,1.802508611105086977e-01
1.666028350590000040e-01,1.690589514345312017e-01
1.645158231259999937e-01,1.671305343755491724e-01
1.785626411439999728e-01,1.652412683534258686e-01
2.016437053679999980e-01,1.873950213356132821e-01
2.162254005669999868e-01,2.155987116553343130e-01
1.915986984970000084e-01,2.270348417102283634e-01
1.954402029510000083e-01,1.840884069417105806e-01
2.037038058040000210e-01,2.005411986704862815e-01
1.996463239190000016e-01,2.111697812111942851e-01
1.804761737589999915e-01,2.015122541296738845e-01
1.873520165680000182e-01,1.745771892060119790e-01
1.970120966429999843e-01,1.933833078549012374e-01
2.032908946279999851e-01,2.047689534570377723e-01
1.883477419610000425e-01,2.098649666172522632e-01
2.073840051889999925e-01,1.848033105724232739e-01
1.903086006639999883e-01,2.197734039484337265e-01
1.647335141900000133e-01,1.859636097826536383e-01
1.856785118579999949e-01,1.549322702974085808e-01
2.097074985500000099e-01,1.979880219824419196e-01
1.964578926559999994e-01,2.244091547992186630e-01
2.250059992069999848e-01,1.941533580561271566e-01
2.485178858039999994e-01,2.422689909386422924e-01
2.478968948129999794e-01,2.644088195564577859e-01
2.352291047569999849e-01,2.537140870322739938e-01
2.200151830909999606e-01,2.354532344998116755e-01
1.695966720579999976e-01,2.183043121843907253e-01
2.001868933439999443e-01,1.493886976061928606e-01
1.837853938339999993e-01,2.174727936117979710e-01
1.719795018430000100e-01,1.793133299774288258e-01
1.722060889009999762e-01,1.687815579151727141e-01
2.091183662410000255e-01,1.744254480166570198e-01
1.962699592110000169e-01,2.295773628842253944e-01
2.345576137300000308e-01,1.941271466145208513e-01
2.212668955329999965e-01,2.563931373578635098e-01
2.321032136680000191e-01,2.204328393518774076e-01
2.424474954610000288e-01,2.419880914421233542e-01
2.362180352210000167e-01,2.525651148615856156e-01
2.033241987229999492e-01,2.391456623433260986e-01
1.746149510150000472e-01,1.931432639324476008e-01
1.879347711800000154e-01,1.641482914657196035e-01
1.927646994589999885e-01,1.968901594780256559e-01
1.995158940549999760e-01,1.981640085965136466e-01
1.902115345000000013e-01,2.061092780336298280e-01
1.989603042599999982e-01,1.892420039813293153e-01
1.870438009499999499e-01,2.064085325573772056e-01
1.557538956400000008e-01,1.847387535411192383e-01
1.348650753500000021e-01,1.427610185861936942e-01
1.567980051039999934e-01,1.250496541497212455e-01
1.943633109329999942e-01,1.682483704272708103e-01
2.161478996279999898e-01,2.146289398726191067e-01
2.312179952860000387e-01,2.301100280932376341e-01
1.992108970879999941e-01,2.428718751518956498e-01
3.674222230910000331e-01,1.891056774695427101e-01
4.058226048949999942e-01,4.431650539804419253e-01
4.052526056769999996e-01,4.294003299739572177e-01
3.688966929910000303e-01,4.161825141057917676e-01
2.675450444220000001e-01,3.675313391898055171e-01
2.104666233059999947e-01,2.372370116385376926e-01
2.505743205550000074e-01,1.909861903585423626e-01
2.567990124230000171e-01,2.736134141940573250e-01
2.333147972819999694e-01,2.658140254073039221e-01
1.871584951879999847e-01,2.290182906387921991e-01
1.702336072920000165e-01,1.702052827544146552e-01
1.787967979910000116e-01,1.646447413300299589e-01
2.178041040900000058e-01,1.851473806941624778e-01
2.256611436609999854e-01,2.394772448351361605e-01
2.151906937359999994e-01,2.339893364370949913e-01
2.004701942210000143e-01,2.151890971632203220e-01
1.993511021139999784e-01,1.977802328194991632e-01
2.054219990969999576e-01,2.024815700802147234e-01
2.202302068469999818e-01,2.120109848200694425e-01
2.543391883370000328e-01,2.313109225712623451e-01
2.307367920879999923e-01,2.749022914239293014e-01
2.086869627239999747e-01,2.262301061415243897e-01
1.803357303139999923e-01,2.034085157850939185e-01
1.733369380239999924e-01,1.704356515592339583e-01
1.888285428290000234e-01,1.723710097250494844e-01
1.801446974280000168e-01,1.988061024709796842e-01
1.690454930070000028e-01,1.788408138201094122e-01
1.937783956529999796e-01,1.659779178800459831e-01
1.963465064759999934e-01,2.081565045068585473e-01
1.779485940929999843e-01,2.009333785558116425e-01
1.642222702499999964e-01,1.722202664979805287e-01
2.063633054490000007e-01,1.596673634485544502e-01
2.183381021019999979e-01,2.291116564505702724e-01
1.926020979879999873e-01,2.281070361794343138e-01
1.817457973960000250e-01,1.846864729262659155e-01
1.791574060919999822e-01,1.795794245393760313e-01
1.796555072069999648e-01,1.805081940483723724e-01
1.755983978510000099e-01,1.824163745061536668e-01
1.700639575719999907e-01,1.760850144922302685e-01
1.699959039689999951e-01,1.695582759525441074e-01
1.770231574769999816e-01,1.719559982517549490e-01
1.734361052510000056e-01,1.825851891490764545e-01
1.864347159860000047e-01,1.740068224565008981e-01
1.702874004839999844e-01,1.951730159280767873e-01
1.785273402929999920e-01,1.650475389373310953e-01
1.290820986030000173e-01,1.847175080516281209e-01
1.158849000929999956e-01,1.058215977278496867e-01
1.127520129079999933e-01,1.083424138239757889e-01
1.570463031529999998e-01,1.098139586662675443e-01
1.757429093120000119e-01,1.791813990481472829e-01
1.788239777089999927e-01,1.865716763261480726e-01
2.061250060799999784e-01,1.826995898871237034e-01
2.961472272869999922e-01,2.221500809073474469e-01
2.668476104740000188e-01,3.410161299759228992e-01
2.756402194500000014e-01,2.623472290740700985e-01
2.648843526840000129e-01,2.864383764459415560e-01
3.272587060930000069e-01,2.674620498059149809e-01
2.934317588809999822e-01,3.603052715675580941e-01
2.612319886680000147e-01,2.888609902736661850e-01
2.073775231839999900e-01,2.552707940203989834e-01
1.807138323779999833e-01,1.889276054578960806e-01
1.843436211349999965e-01,1.715706462465688420e-01
2.054681032900000093e-01,1.887638491632112059e-01
1.878930032250000215e-01,2.187055724041744864e-01
2.013643831010000218e-01,1.831755378854650895e-01
1.992990970609999912e-01,2.110193195515298048e-01
2.207290083170000417e-01,2.020136715894767787e-01
2.184396982190000003e-01,2.347154856679006529e-01
2.160932719709999783e-01,2.220868092861664755e-01
1.800702065230000148e-01,2.195922682116788482e-01
1.806241124869999992e-01,1.668503556664675813e-01
1.736052930359999746e-01,1.834639698454963996e-01
1.964215040210000318e-01,1.726466362874446991e-01
2.613951861859999948e-01,2.100415357797291716e-01
2.367069572210000195e-01,2.954262249790747252e-01
1.817331761120000166e-01,2.321378658034892184e-01
1.872550845150000032e-01,1.606455513280305725e-01
1.708921939130000067e-01,1.926756563354902752e-01
1.886087059969999979e-01,1.655963605432172192e-01
1.907265037299999966e-01,1.995822253667421387e-01
1.932464987040000415e-01,1.948154656653033057e-01
1.732929944990000137e-01,1.976480607380778909e-01
2.095063477749999625e-01,1.665688299230082270e-01
4.538556933399999771e-01,2.296621575436730844e-01
4.529328942299999938e-01,5.528874280860084367e-01
4.376089870929998904e-01,4.641548052726267026e-01
4.101786911490000742e-01,4.446653452883758684e-01
2.999480962750000201e-01,4.131287384088790926e-01
2.743109166620000261e-01,2.702505302723104408e-01
2.636764347549999665e-01,2.716491343791537227e-01
3.030085861679999715e-01,2.662407726600762858e-01
2.883977890009999934e-01,3.267204467341879859e-01
2.769187986850000227e-01,2.906604855376262453e-01
2.645944654940000085e-01,2.798142860664059595e-01
3.595731556419999864e-01,2.665403666482039635e-01
3.489974141120000262e-01,4.050577966771381488e-01
3.149650990960000119e-01,3.552576120898290335e-01
2.530409693719999908e-01,3.115732981402111190e-01
2.099061757329999944e-01,2.352838059608529930e-01
2.237384021280000024e-01,1.959966342570189646e-01
2.169338017699999344e-01,2.345468253277571691e-01
2.123453021049999945e-01,2.185822466945348819e-01
2.144929021599999985e-01,2.146848244354638557e-01
2.123427987100000303e-01,2.198347091231022399e-01
2.086919993160000208e-01,2.157265878080444343e-01
2.024399936200000361e-01,2.112340770168084081e-01
1.932131946090000219e-01,2.035119233752620271e-01
1.812405437229999972e-01,1.924569478667601807e-01
1.841152161359999873e-01,1.785505648148411340e-01
2.009199708700000198e-01,1.881852971726002688e-01
1.946409046650000030e-01,2.120371595617705496e-01
1.966055035590000000e-01,1.952540108440568578e-01
1.737543940540000054e-01,2.009403873269519081e-01
1.790176033969999858e-01,1.657872915266256075e-01
2.000912129879999779e-01,1.838873219355265098e-01
1.695824414490000043e-01,2.130811726814351159e-01
1.927433013919999938e-01,1.579637327803024571e-01
2.038794755939999925e-01,2.063651691927333720e-01
2.095497995620000109e-01,2.126186312452168492e-01
2.050999999049999967e-01,2.161683542133782943e-01
1.882844567299999938e-01,2.070999199034239957e-01
2.005678713319999917e-01,1.839220060468833851e-01
1.948222815989999746e-01,2.096588170329518330e-01
1.851616054770000019e-01,1.956787762578558465e-01
1.811457574369999823e-01,1.837310568825902823e-01
1.909579336640000180e-01,1.819746985052842214e-01
2.015465050940000169e-01,1.984852439072064545e-01
1.874635964629999818e-01,2.099333550302717177e-01
2.141287922859999859e-01,1.842381988796428782e-01
2.041694968939999910e-01,2.301708743874489038e-01
2.533474564550000085e-01,2.037445472229137688e-01
2.678037881850000024e-01,2.803721900019087721e-01
3.017286956309999657e-01,2.805996899802338240e-01
3.658618927000000243e-01,3.232598487768416629e-01
3.397559225559999563e-01,3.991863552982424235e-01
2.932764291759999975e-01,3.403610323184151909e-01
2.594402134420000228e-01,2.841599346435092488e-01
1.747480928900000119e-01,2.527362259845136738e-01
1.857970058920000167e-01,1.408141064714850954e-01
2.116256058219999903e-01,1.936245786210919195e-01
2.045923024419999958e-01,2.272018814174857626e-01
2.080095559360000124e-01,2.054497045159334179e-01
2.008861005310000059e-01,2.135715952044579813e-01
2.219119668010000324e-01,2.014923376474707650e-01
2.171941995620000065e-01,2.357680924719368909e-01
2.135767042640000224e-01,2.197423731186749496e-01
2.023674994709999952e-01,2.163982790775686449e-01
1.955586671829999956e-01,2.012992830595697058e-01
1.969362944360000256e-01,1.959938464348419396e-01
1.962438523770000387e-01,2.010306498052447932e-01
2.066201269630000281e-01,1.993918858592200749e-01
2.266834974290000138e-01,2.151539533722229003e-01
2.307016998529999863e-01,2.403070273221216413e-01
2.064162045719999949e-01,2.376345246948782797e-01
2.136748582119999684e-01,2.000498131566327831e-01
2.115589976309999731e-01,2.211835808711269669e-01
2.210098206999999981e-01,2.149156689552718102e-01
2.002004534010000114e-01,2.298087631503018813e-01
2.026610970500000164e-01,1.948935550703428110e-01
1.840810924770000245e-01,2.075314712497396963e-01
1.918098330499999893e-01,1.786779001543994660e-01
1.945068985220000102e-01,1.984493608242004492e-01
1.860962957140000207e-01,1.990535037624731052e-01
3.239021003249999975e-01,1.852721384702094021e-01
2.998737990859999814e-01,3.889194780384040984e-01
2.647733092310000091e-01,2.992270982641153654e-01
2.435151785609999953e-01,2.579353138052152827e-01
1.468971520659999863e-01,2.407408743643309756e-01
1.675205081699999987e-01,1.050829564942337008e-01
1.691907048229999710e-01,1.788585387092335444e-01
1.851512044669999801e-01,1.718942416167950349e-01
1.919896006579999981e-01,1.951690572749574248e-01
1.983390152450000277e-01,1.982416322543714138e-01
2.193651050329999963e-01,2.046960141170091063e-01
2.147694528099999833e-01,2.331212889222793738e-01
2.910268306730000032e-01,2.172380816087245148e-01
2.744570672509999976e-01,3.300059558953505334e-01
2.695364058020000009e-01,2.752658366803796275e-01
2.071107774970000204e-01,2.746393537144573571e-01
1.958816945549999577e-01,1.852111386579002872e-01
1.965135931969999861e-01,1.944157153546416106e-01
1.876440942289999969e-01,2.002576460614478859e-01
2.025545984510000175e-01,1.867110712977028131e-01
1.871117651460000031e-01,2.129024860307804634e-01
1.973968744280000243e-01,1.832712865131874702e-01
2.005362063649999971e-01,2.054499584713035953e-01
2.371928393840000149e-01,2.055932738062766774e-01
2.252300232649999678e-01,2.583873590516601593e-01
2.096156179900000305e-01,2.251786399814172668e-01
1.828726381060000183e-01,2.071076602999542826e-01
2.188799381260000398e-01,1.738473114349987081e-01
2.092117965219999765e-01,2.392435274893121022e-01
2.991323173050000062e-01,2.092054654058112806e-01
3.725849986079999843e-01,3.439159700366118400e-01
3.703671991829999843e-01,4.093070716694447442e-01
3.411498963830000286e-01,3.800819739111396811e-01
2.537753880020000019e-01,3.407738693602996860e-01
2.660570144650000191e-01,2.268752475545954828e-01
2.583504617210000132e-01,2.779053856142982282e-01
2.349327653649999903e-01,2.618092848072523515e-01
1.964800357820000176e-01,2.307644499198308052e-01
2.010751813650000219e-01,1.834760796726292720e-01
2.233009040360000030e-01,2.067986926422329952e-01
2.107799947259999807e-01,2.377344601488401432e-01
2.084790617230000143e-01,2.096523353416506752e-01
2.135446965689999921e-01,2.115908870275222398e-01
2.063921540979999636e-01,2.200976925781616689e-01
1.915937960150000119e-01,2.073007614796379683e-01
1.907173544170000234e-01,1.883169811778595271e-01
2.065229862929999771e-01,1.934809460883431809e-01
2.108760029080000431e-01,2.174446966333426490e-01
1.930121034380000433e-01,2.169884034807754158e-01
1.988846510650000288e-01,1.885004004595063343e-01
2.141418010000000205e-01,2.050588306897258573e-01
2.070428282019999844e-01,2.251558350428418398e-01
3.285667896269999777e-01,2.080113997896767264e-01
4.495427012439999759e-01,3.862364672233949414e-01
4.017376005650000748e-01,5.000501821897893606e-01
3.919491171839999399e-01,3.985171707651817274e-01
3.275258541109999921e-01,3.997330473767296000e-01
2.748836874960000065e-01,3.147686473755730296e-01
2.869270443920000080e-01,2.622484406098676835e-01
2.935220301149999989e-01,2.994120882769534253e-01
3.149933218959999892e-01,3.041046338992459130e-01
3.063029944900000356e-01,3.319189683303598315e-01
2.829472124579999748e-01,3.115936197621678727e-01
2.236190885309999876e-01,2.816351741732309177e-01
2.047974467280000155e-01,2.043711390107693093e-01
1.970064640049999927e-01,2.006307510216350509e-01
2.168944925069999918e-01,1.970985518233771827e-01
2.222929000849999948e-01,2.300530956834413721e-01
2.163385450839999946e-01,2.294126597797562506e-01
2.129120975730000032e-01,2.183148613018012774e-01
2.239284068350000101e-01,2.157795269809081318e-01
2.111652940509999854e-01,2.335322364275212725e-01
2.037166059019999975e-01,2.099578498830739770e-01
1.949672847989999958e-01,2.043450103380373140e-01
2.212041467430000130e-01,1.945230156240248254e-01
2.242754995819999930e-01,2.373169701595600478e-01
2.110134959219999995e-01,2.304985397543764525e-01
1.880159825090000070e-01,2.095856798017799449e-01
1.926469951869999864e-01,1.809615631527663748e-01
1.927028000349999826e-01,1.979519395201429499e-01
2.360453009609999875e-01,1.959868857871146230e-01
2.494726628070000063e-01,2.601441128396134173e-01
2.352280020710000030e-01,2.611631459499167973e-01
1.843072175980000060e-01,2.348062719360047845e-01
1.996876001359999819e-01,1.651283105164326193e-01
1.958325058219999859e-01,2.101147079212569158e-01
1.888218969110000145e-01,1.975725787131948907e-01
1.885980367660000101e-01,1.887752131351594365e-01
1.783643960949999885e-01,1.915332892110230834e-01
1.893583983179999986e-01,1.762645732136352839e-01
1.769174039359999728e-01,1.973365285943808611e-01
1.822073012590000041e-01,1.737491988629253081e-01
1.726381331679999742e-01,1.872584763495569737e-01
1.796488463879999664e-01,1.704797579361193305e-01
1.893453001979999994e-01,1.853410945602791959e-01
2.041255980730000141e-01,1.967408450829085109e-01
2.021193057299999762e-01,2.144866431017671271e-01
1.950753927230000073e-01,2.050138997408315344e-01
1.913484036919999853e-01,1.953800577446235531e-01
1.940153539180000386e-01,1.928910963936383005e-01
2.548274099830000194e-01,1.985226467883653423e-01
2.428829520939999875e-01,2.869645944790611969e-01
2.269057929519999739e-01,2.438265092811342516e-01
2.461629658940000243e-01,2.252878842165964290e-01
2.363652586939999911e-01,2.601739995378837267e-01
2.234285175800000134e-01,2.378303667409723821e-01
2.153740972279999943e-01,2.228679164469468676e-01
2.169086933140000062e-01,2.164057597790506604e-01
1.956495195630000294e-01,2.221096164297462483e-01
1.911730021240000132e-01,1.898520837642317383e-01
1.911281347270000208e-01,1.923762095966451979e-01
1.682610064739999967e-01,1.942817009675005813e-01
1.873182952399999879e-01,1.599057939164201247e-01
1.789516657589999837e-01,1.988415760071908234e-01
1.870546638969999842e-01,1.777160761669814293e-01
2.044772058730000008e-01,1.936206431011675277e-01
1.983377933500000412e-01,2.160256908970288048e-01
2.032073587180000251e-01,1.992244331562416371e-01
2.265556752679999952e-01,2.091595337083969053e-01
2.234009951350000023e-01,2.416011003381381417e-01
2.426621168849999732e-01,2.269417046905376212e-01
2.588768005370000180e-01,2.565469020855759008e-01
2.521358132360000393e-01,2.720759009986086219e-01
2.280115038159999941e-01,2.556712674793266693e-01
1.778044104579999951e-01,2.231194750709013797e-01
1.634968966249999989e-01,1.583787968355435394e-01
1.860933601860000064e-01,1.586336684394613616e-01
1.859123855829999672e-01,1.991748130505837100e-01
1.739067137240000172e-01,1.887181061924156356e-01
1.785075962540000061e-01,1.707416239963722993e-01
1.885641068220000049e-01,1.830511311833168120e-01
2.542034089569999988e-01,1.960823266626591510e-01
2.529518902300000316e-01,2.884669696888777501e-01
2.264477610590000245e-01,2.587501299198958771e-01
2.110380530360000118e-01,2.204854141091800446e-01
2.390624135729999822e-01,2.087034859333817549e-01
2.233908027409999830e-01,2.565684441304074137e-01
2.384739071129999832e-01,2.216906710629942823e-01
2.096938937900000022e-01,2.504266482296099716e-01
2.205873429780000061e-01,2.016720089781581515e-01
1.979559957979999951e-01,2.299891579309351619e-01
2.239636480809999997e-01,1.917260241089202566e-01
1.824693381790000180e-01,2.400756934680027543e-01
1.944653987880000379e-01,1.671046997856810712e-01
1.623506993060000181e-01,2.031394581567786684e-01
1.634901016950000008e-01,1.494893663972449438e-01
1.519308984280000052e-01,1.656281887421130194e-01
1.773174256089999623e-01,1.475585877969461668e-01
2.009179741139999753e-01,1.913042170982488521e-01
1.831925064329999742e-01,2.150766531816491189e-01
1.519723981620000053e-01,1.781036930042380617e-01
1.608350872990000069e-01,1.387255657960634325e-01
1.576898992060000171e-01,1.663801806413368056e-01
1.789468824859999918e-01,1.575267558272102630e-01
1.863833963870000221e-01,1.910998496266884394e-01
1.762941032649999740e-01,1.926161643643851673e-01
1.410365849730000065e-01,1.741303682827233523e-01
1.918971985579999984e-01,1.251388317181707510e-01
2.020718008279999978e-01,2.182616352602414211e-01
2.467120736839999995e-01,2.103008673431656650e-01
2.503778040410000183e-01,2.716280716718491028e-01
2.420776039360000020e-01,2.580671710405013086e-01
2.059547007079999548e-01,2.444621373886598503e-01
1.608465462920000144e-01,1.946244357455544638e-01
1.329861283299999808e-01,1.421894724849376290e-01
1.673102676869999972e-01,1.198296782912382924e-01
1.795337647199999609e-01,1.850664475331104397e-01
1.848126053810000002e-01,1.875833026460378139e-01
2.060592025519999981e-01,1.899963304579369294e-01
1.993591934439999935e-01,2.193755087801687598e-01
2.019896209239999962e-01,2.000610604090905520e-01
1.895201951269999963e-01,2.068993080801752871e-01
2.597720026969999596e-01,1.871266123634843792e-01
2.444770485159999951e-01,2.961193468202049095e-01
2.407727241519999617e-01,2.441537347340134168e-01
2.282528877259999978e-01,2.449756756759549625e-01
1.719890981910000005e-01,2.281429083964876536e-01
2.107089906930000034e-01,1.495117618440513774e-01
2.091155946250000119e-01,2.320359405792990215e-01
1.978048980240000032e-01,2.125665858277745457e-01
2.423519939180000249e-01,1.964195864314800533e-01
2.733131051059999872e-01,2.671297083084597790e-01
2.591018974779999984e-01,2.930417932125802261e-01
2.398502230640000010e-01,2.600154667551171084e-01
2.027270048860000118e-01,2.376633614156437868e-01
1.646265089510000057e-01,1.907444262669009682e-01
1.514579057690000063e-01,1.493191272303785178e-01
1.715828478339999907e-01,1.463199865150704437e-01
2.222049087290000058e-01,1.828779191114899283e-01
2.350890487429999898e-01,2.492273531398107866e-01
2.281305044889999634e-01,2.459707973714310159e-01
2.251530140639999844e-01,2.303257443100290291e-01
2.360830008979999950e-01,2.288599443732868832e-01
2.331852018829999873e-01,2.461783524319493821e-01
1.995675563809999886e-01,2.373388645203587666e-01
2.020958065989999775e-01,1.888132399509792336e-01
1.845946013929999907e-01,2.069663299574749371e-01
1.881015300749999952e-01,1.796950709618872211e-01
2.119678109879999939e-01,1.926675448493361809e-01
2.234034091230000241e-01,2.266856158720362280e-01
2.446219176049999888e-01,2.331643534793829131e-01
2.418016940359999645e-01,2.594073920599185290e-01
2.144879996780000020e-01,2.464201647856818500e-01
2.017266303299999897e-01,2.073999106094223943e-01
1.734066754580000091e-01,1.999536275004739627e-01
1.667926013469999968e-01,1.630223683811445612e-01
1.653245985510000127e-01,1.656021385454241601e-01
1.766120344399999820e-01,1.663791122707150294e-01
2.292105853560000295e-01,1.840894604401686063e-01
2.151339054109999982e-01,2.572776891431571289e-01
2.032367140049999854e-01,2.136081920509453058e-01
2.899451851839999761e-01,2.019252438144306938e-01
3.044671118260000031e-01,3.334478072635086998e-01
2.927406132220000123e-01,3.184584069930526118e-01
2.604539990429999841e-01,2.962975052316142999e-01
2.598164081569999673e-01,2.544096608368572321e-01
2.464921027420000077e-01,2.661801280732117858e-01
2.179778963329999930e-01,2.470753159743433458e-01
2.073534131049999674e-01,2.106303911334222734e-01
2.050486057999999778e-01,2.068305673658652755e-01
2.097736448049999924e-01,2.079731275420129422e-01
2.061820030209999821e-01,2.159924943912146234e-01
1.972219944000000447e-01,2.086121222947664999e-01
1.988296955820000045e-01,1.968193550815517390e-01
2.057753950360000361e-01,2.031256492057849916e-01
2.033157944680000218e-01,2.127646008208795569e-01
1.759992837910000218e-01,2.060788191070239694e-01
2.031327337029999736e-01,1.662381701284267599e-01
2.274394929410000210e-01,2.189680728871115922e-01
2.340615987779999796e-01,2.429346175793740126e-01
2.466137260199999792e-01,2.422486561633493407e-01
2.308412343259999833e-01,2.578259552111035746e-01
2.145392149689999972e-01,2.295394592341161444e-01
1.903560012579999794e-01,2.120424377915903491e-01
2.080181986090000046e-01,1.829509047852083958e-01
2.246207594869999991e-01,2.198260736424607897e-01
2.103735655550000305e-01,2.366632289300596159e-01
1.986407041550000141e-01,2.084901957933573968e-01
1.817755550150000066e-01,1.971235492139691570e-01
1.930263042450000022e-01,1.769704625211344362e-01
1.930966228249999805e-01,2.012981025292019110e-01
1.897509992120000044e-01,1.964085774914428317e-01
1.693823039529999963e-01,1.913709372174036139e-01
1.858561486009999986e-01,1.622093649190394782e-01
1.774827986960000048e-01,1.961398165930547666e-01
1.667204946280000100e-01,1.761549821803614635e-01
1.615741997959999898e-01,1.636571609915438708e-01
1.936000734570000048e-01,1.607316535251774592e-01
2.084788978100000079e-01,2.112954917701966862e-01
2.083924710750000298e-01,2.190781765968376760e-01
1.912561953069999710e-01,2.124557116844841276e-01
1.796658039089999992e-01,1.869457214387233446e-01
1.821167021990000301e-01,1.770462855125422008e-01
2.010916024449999895e-01,1.858886527193205629e-01
1.848223060370000059e-01,2.131847773275441782e-01
1.947717964649999800e-01,1.804748353284718054e-01
1.730353981260000229e-01,2.025479376023155420e-01
1.828583031890000099e-01,1.655086253561683096e-01
1.498861461880000023e-01,1.899859597862726124e-01
1.527018994090000026e-01,1.356986850437286451e-01
1.779081076379999959e-01,1.549946310477984535e-01
1.696159988640000005e-01,1.918367839570965239e-01
1.754582375290000273e-01,1.678429347662094839e-01
1.580465734000000011e-01,1.804000211828500899e-01
1.843986064199999997e-01,1.514248038124729745e-01
1.731242984530000084e-01,1.991292254398968065e-01
1.698645055290000094e-01,1.702354856514987635e-01
2.204860746860000387e-01,1.703728066066499403e-01
2.881226837640000205e-01,2.474685808826244393e-01
2.816658914090000021e-01,3.234241385381970701e-01
2.804358899590000398e-01,2.867248104966969580e-01
3.555045723920000067e-01,2.874701772761280028e-01
3.446882963180000203e-01,3.932201078685736428e-01
3.495651185509999759e-01,3.507145385666171067e-01
3.308182954789999908e-01,3.612004305308901819e-01
2.400473654270000312e-01,3.335466868031162213e-01
1.951503008599999867e-01,2.105515908892323373e-01
1.843069046739999883e-01,1.793624642097839117e-01
1.784625351430000062e-01,1.823039797969297215e-01
1.679867953059999974e-01,1.783195109926190569e-01
1.683609932660000141e-01,1.651319978772838593e-01
2.073428332810000052e-01,1.704284385859896889e-01
3.081569075580000150e-01,2.286829491307686424e-01
3.016481101509999596e-01,3.574867565146881976e-01
3.267253041270000158e-01,3.075555330771427842e-01
2.592641115190000289e-01,3.452535671582129262e-01
2.114182710650000241e-01,2.400044650220949927e-01
2.050412595270000027e-01,1.957181142629050852e-01
2.347255051140000048e-01,2.062068032229097958e-01
2.621370851990000306e-01,2.528090948267183169e-01
2.531891763210000201e-01,2.800916648881899285e-01
2.543610632420000295e-01,2.558895105504534473e-01
2.207816988229999999e-01,2.612097272472502785e-01
2.424586564300000302e-01,2.115580470462054274e-01
2.450377047060000035e-01,2.573621661155572893e-01
2.463154047729999852e-01,2.520379733038047299e-01
2.298433184620000125e-01,2.528380707371852276e-01
2.683678865429999782e-01,2.281953952918220896e-01
2.317014038559999656e-01,2.911348259890643164e-01
2.536134123800000140e-01,2.220053258091835569e-01
2.278259247540000143e-01,2.690010486974284132e-01
2.511056959629999752e-01,2.222448601078693686e-01
2.406570017340000089e-01,2.669847775926677547e-01
2.355776131150000285e-01,2.420883236911791359e-01
2.084955275060000057e-01,2.389476379733959932e-01
2.014831006530000135e-01,2.010985692021016458e-01
2.134985029700000314e-01,2.021716546170108930e-01
1.968656927350000141e-01,2.230675489820813928e-01
1.748276948930000407e-01,1.931297418143532729e-01
1.675257831810000042e-01,1.672913006319615148e-01
1.819289028640000139e-01,1.660698295427320559e-01
2.163158357140000099e-01,1.910864177303520928e-01
1.956270039080000300e-01,2.358736118979363194e-01
1.841740161179999946e-01,1.900720842793231224e-01
2.603065371509999948e-01,1.818949355877005625e-01
2.706716060640000365e-01,2.992683650795908701e-01
2.765875160690000056e-01,2.819152499611435325e-01
3.321622908119999940e-01,2.862772578333298568e-01
3.372164070610000342e-01,3.624934205113182206e-01
3.424106836320000014e-01,3.485939884649629228e-01
3.502804040910000305e-01,3.539769241151367041e-01
3.334882259370000046e-01,3.629866871146172902e-01
3.048415184020000224e-01,3.370111478022806972e-01
2.241699099539999906e-01,3.027922516144940790e-01
2.231916040179999783e-01,1.968017884278279173e-01
2.127934992309999940e-01,2.276418245195062917e-01
2.555466890340000186e-01,2.126840904130047338e-01
2.643494009969999947e-01,2.798372515449018549e-01
2.531680464739999858e-01,2.747201159027186090e-01
2.339650541540000128e-01,2.549715309503923222e-01
2.333215028050000250e-01,2.314461985469065675e-01
2.242033332589999928e-01,2.384229210074327587e-01
2.012783437970000200e-01,2.252809950423183549e-01
1.966407001020000211e-01,1.951444042811301405e-01
2.178835868840000300e-01,1.980846209728989449e-01
2.213913053269999931e-01,2.316762715642197157e-01
1.959984004500000265e-01,2.276594655542149015e-01
1.992403119800000288e-01,1.884618249884705832e-01
1.625297963619999897e-01,2.042750839405798324e-01
1.901159286500000156e-01,1.476656140979418497e-01
1.898488998409999795e-01,2.056453306663463820e-01
2.000212967400000208e-01,1.928339778936024873e-01
1.874057054520000265e-01,2.081510222718261083e-01
1.881960034370000201e-01,1.848173402480744743e-01
2.220781892539999691e-01,1.915590116439868373e-01
2.257640063759999982e-01,2.415975485207506601e-01
2.163868844509999889e-01,2.323203379691357873e-01
1.905837059019999669e-01,2.169158862564483647e-01
2.389943003649999953e-01,1.825001594285657336e-01
2.126784026619999990e-01,2.653989036717102623e-01
2.203326970339999913e-01,2.058822397379013736e-01
1.995152980090000028e-01,2.283272713915684704e-01
1.767843067650000100e-01,1.941602441489785058e-01
2.036905288699999983e-01,1.690786909766257562e-01
1.890024542810000152e-01,2.194451261456207003e-01
1.914628148079999814e-01,1.856103755257220433e-01
2.303853929040000081e-01,1.957429962412075286e-01
2.602671086789999921e-01,2.523847676073996960e-01
2.651697993279999999e-01,2.792032273943741982e-01
2.410915046930000583e-01,2.739972195867831362e-01
2.030028998850000044e-01,2.370410820798540541e-01
2.060085982080000211e-01,1.906409422422284672e-01
1.778325885530000205e-01,2.112895403138800032e-01
1.719783544540000042e-01,1.678291559328146942e-01
1.757052987809999689e-01,1.714438110641817725e-01
1.694041937590000102e-01,1.797023980431218526e-01
1.635388135910000040e-01,1.685135024628677258e-01
1.943304240699999796e-01,1.624889600428762459e-01
2.042852044110000098e-01,2.114888223703563497e-01
2.030708640810000021e-01,2.125230616261949423e-01
1.812596023079999785e-01,2.063613624265796809e-01
2.182700932030000041e-01,1.742608970353872744e-01
2.186232060190000104e-01,2.390629547915942010e-01
2.044367194179999569e-01,2.234060024010509904e-01
1.787614673380000241e-01,2.022187698219882201e-01
2.417660057539999519e-01,1.699096484652858619e-01
2.367322593929999941e-01,2.747183545214246791e-01
2.201220840219999808e-01,2.401808372394500513e-01
2.190245538950000292e-01,2.178356103328315529e-01
2.470148950820000300e-01,2.232095004637640878e-01
2.227835953240000222e-01,2.647595886589579894e-01
2.453936934469999886e-01,2.175123653081227071e-01
2.456143051390000109e-01,2.607964008942972312e-01
2.149323076009999889e-01,2.516690745063789869e-01
1.782320737840000502e-01,2.064854026986955859e-01
1.983320713039999628e-01,1.645822078948364908e-01
1.837121993299999645e-01,2.108102943946688901e-01
2.150899022819999784e-01,1.800148245618410359e-01
2.187249064449999780e-01,2.332631362160668964e-01
1.953707039359999786e-01,2.249167076881296856e-01
2.260476946829999834e-01,1.886598332773233855e-01
2.273865938190000047e-01,2.442811078379261980e-01
2.131565511230000265e-01,2.330278124849084753e-01
1.765360683200000169e-01,2.114479160520209844e-01
2.150828540329999816e-01,1.627908058461456919e-01
3.349621891979999710e-01,2.364667976484084999e-01
3.160460889339999913e-01,3.916690890427276250e-01
3.057914972309999646e-01,3.180485555999740255e-01
2.454170137640000193e-01,3.104820970391155011e-01
2.043210864070000021e-01,2.276031478109290240e-01
2.795807123180000242e-01,1.908176974971923234e-01
2.639636099339999764e-01,3.181641710738824513e-01
2.800608277320000283e-01,2.645849066965059726e-01
2.840686142440000395e-01,2.939325989301600495e-01
2.698352336879999980e-01,2.932958491772266196e-01
2.565046846869999952e-01,2.713060782104917967e-01
1.737418919799999795e-01,2.576281563904810890e-01
1.598615348340000075e-01,1.404834334212006486e-01
1.806169450279999644e-01,1.549526557374708846e-01
1.780257374049999952e-01,1.926144419480407266e-01
1.924792230129999948e-01,1.793101017374275352e-01
1.990472823380000089e-01,2.021598430682805259e-01
1.957502663139999710e-01,2.055363994918908144e-01
1.883261650800000242e-01,1.977298203808811050e-01
1.797540038819999686e-01,1.880685595303977775e-01
1.916811913249999999e-01,1.784759102019483901e-01
2.141620814799999883e-01,2.001907361009306885e-01
2.216559946539999881e-01,2.283527876417674463e-01
2.209348082539999703e-01,2.296434566184348547e-01
2.184751033780000240e-01,2.253784069669097501e-01
2.180604040619999739e-01,2.220515846066041521e-01
2.504481077190000016e-01,2.224865966444185550e-01
2.412912994619999807e-01,2.701710821128683326e-01
2.391991466279999590e-01,2.432842091015905706e-01
2.296963632110000098e-01,2.439892739199869820e-01
2.403284162280000247e-01,2.309181023822768353e-01
2.240518331529999796e-01,2.504778279320172274e-01
2.023217231040000119e-01,2.221402381776143853e-01
2.082566022870000200e-01,1.967627056691770293e-01
2.085203975440000079e-01,2.149265217490739510e-01
1.949775964020000196e-01,2.127418035758940340e-01
1.989800930020000080e-01,1.924551984706694696e-01
1.869141757489999889e-01,2.043356820131684848e-01
1.943044960499999974e-01,1.845357316358346711e-01
2.154057025910000034e-01,2.009191866829621032e-01
2.246519029140000012e-01,2.290375168084652635e-01
1.886185854669999717e-01,2.335284325804319328e-01
1.838601976629999635e-01,1.760393111872481930e-01
1.893669962880000224e-01,1.845170769032683789e-01
1.995205432180000016e-01,1.948908393782515791e-01
1.813428401949999658e-01,2.076178151919602366e-01
1.920076012609999994e-01,1.759351298833557731e-01
2.081632465119999942e-01,1.999678521525972141e-01
1.980955004690000132e-01,2.193116876041188434e-01
2.022272646429999765e-01,1.972648627455486359e-01
1.925842463970000029e-01,2.078064097713535341e-01
2.055149674419999850e-01,1.916090582172282342e-01
1.921776980160000148e-01,2.151216576760337784e-01
1.974076032640000034e-01,1.895710801500257170e-01
1.978288739919999983e-01,2.032231700556993981e-01
1.947185993189999853e-01,2.015511722060837896e-01
1.929751932619999943e-01,1.967221262401771253e-01
1.787372082470000123e-01,1.954816836980435013e-01
1.773243993519999784e-01,1.748904897269394354e-01
1.954015046359999785e-01,1.790966074227033356e-01
1.786402463910000127e-01,2.068431124306819580e-01
1.929298043250000094e-01,1.736764203827377839e-01
1.924515962599999963e-01,2.025579178916758760e-01
1.982013732189999711e-01,1.954864378648613343e-01
2.029816657299999549e-01,2.042867801342700684e-01
2.076473981139999869e-01,2.088833106561033548e-01
1.996106952430000137e-01,2.137341961160946768e-01
1.837998628619999797e-01,1.997479754839801280e-01
3.492729067800000586e-01,1.795869124921594395e-01
3.385715782639999727e-01,4.251341081033416236e-01
3.246645033359999988e-01,3.444157202392277295e-01
2.590272426610000234e-01,3.288332163280268117e-01
2.013491839169999909e-01,2.404101301654198442e-01
2.125197052959999777e-01,1.808470675941017680e-01
2.082609981300000135e-01,2.216755442259551456e-01
2.026299685240000037e-01,2.105179585465229430e-01
1.967180371280000117e-01,2.039811440228340711e-01
1.891978979110000014e-01,1.976108178273515148e-01
1.683970987799999763e-01,1.889496586568272796e-01
1.529303938150000097e-01,1.609655101991214199e-01
1.571273952720000089e-01,1.468442003400808327e-01
1.925273537640000143e-01,1.603110278966165259e-01
2.034381031989999922e-01,2.117323492343189395e-01
1.979987621310000112e-01,2.120570094252124116e-01
1.713397651909999986e-01,1.991704744536823279e-01
1.605434864760000024e-01,1.615331205516236934e-01
1.448902040719999840e-01,1.570725932426001170e-01
1.455924957989999935e-01,1.381774916174483836e-01
1.324006021019999979e-01,1.464881216205122794e-01
1.147388964889999863e-01,1.259822519950481445e-01
1.390763670209999858e-01,1.050011478335331899e-01
1.773481071000000131e-01,1.508347063358935203e-01
1.872349977490000150e-01,1.973435654595230571e-01
1.716542839999999903e-01,1.946109409825990677e-01
1.901565045120000019e-01,1.667557405710973217e-01
2.085365056989999799e-01,2.015556066939779567e-01
2.105930447580000031e-01,2.206840679126499671e-01
2.011387944220000001e-01,2.156970477116082474e-01
1.981692165139999906e-01,2.007530686045766177e-01
1.862777769570000130e-01,2.004267957788629928e-01
2.313299924139999852e-01,1.839363713686445745e-01
2.665236890320000218e-01,2.560704046484267860e-01
2.672828137869999732e-01,2.878504357088122467e-01
2.530894875529999810e-01,2.745383044316681564e-01
2.939947843549999829e-01,2.536853266265371443e-01
2.766048014160000235e-01,3.182122787109682993e-01
2.432340085509999972e-01,2.772118485096079499e-01
2.223459333180000108e-01,2.356370168293471234e-01
2.186183035370000138e-01,2.184229433862275305e-01
2.029476463789999796e-01,2.216635265455025872e-01
1.907453686000000204e-01,2.000047772165967352e-01
1.951031982900000294e-01,1.885437074200645990e-01
2.226422727109999833e-01,2.004148216999065424e-01
2.252217978240000085e-01,2.393793524479055912e-01
2.214518934490000146e-01,2.312820984413305192e-01
2.066775113340000025e-01,2.246299041392391116e-01
2.097374200819999979e-01,2.043460367653693599e-01
2.612883150579999869e-01,2.152321070879858744e-01
2.342368513349999681e-01,2.894746069807424549e-01
2.237651944159999851e-01,2.285596334862758650e-01
2.170636057850000022e-01,2.242523834565680330e-01
2.301114946599999433e-01,2.187628827883885130e-01
2.086910158400000215e-01,2.408541686032023288e-01
2.047397941349999584e-01,2.036771684249382153e-01
2.222295254470000037e-01,2.069351419938572634e-01
2.279004752640000075e-01,2.345584051847489637e-01
2.129457294940000078e-01,2.354013276695997858e-01
1.926552951340000375e-01,2.109188678068703027e-01
1.835393011569999844e-01,1.870758859210311931e-01
1.722192019220000203e-01,1.822502714573276394e-01
1.875299960370000463e-01,1.692530365581249585e-01
1.739563494920000064e-01,1.973651050315629596e-01
1.938352584840000170e-01,1.700977425088575357e-01
1.973450034860000091e-01,2.060192405453222797e-01
1.942632943389999978e-01,2.023989440063367062e-01
2.034828513860000021e-01,1.962538205928311408e-01
1.873460412029999966e-01,2.113586288248344991e-01
2.008862048390000210e-01,1.832183829242860218e-01
1.905569285150000014e-01,2.105496036682083794e-01
1.927679926160000001e-01,1.891603790476293623e-01
1.832018047569999863e-01,1.970074751260616763e-01
2.027056962250000094e-01,1.816937192371511356e-01
1.902956068519999766e-01,2.151043677708848467e-01
1.815531253809999912e-01,1.879757463590731315e-01
1.891089975829999548e-01,1.803087206613558646e-01
1.840091049670000145e-01,1.955344663275703221e-01
1.819614022970000022e-01,1.845233233709805964e-01
1.854998767380000024e-01,1.837139997302729422e-01
2.226949036120000058e-01,1.899411674903771219e-01
2.071253955359999843e-01,2.437051371489926954e-01
2.009170949460000188e-01,2.044836539863766067e-01
1.885115951299999870e-01,2.019212396231731543e-01
1.943915784359999954e-01,1.860835410624289421e-01
1.774574071170000045e-01,2.003404387401030162e-01
1.960569024089999779e-01,1.723401676607362876e-01
1.895107030869999931e-01,2.077622478762175262e-01
2.074400931600000053e-01,1.897084531605453817e-01
2.042641043660000100e-01,2.193414106053873103e-01
2.000678032640000048e-01,2.067685942485613104e-01
1.733694821599999769e-01,2.018969639777899727e-01
1.849348992109999812e-01,1.636904340296906624e-01
1.688267737630000098e-01,1.929529700394439495e-01
1.914010494949999752e-01,1.635081926370195449e-01
1.822085529569999751e-01,2.046999848093159491e-01
2.055577039720000165e-01,1.808049917830927000e-01
2.419840693470000081e-01,2.197914406141674160e-01
2.256706357000000107e-01,2.632109751291482058e-01
2.096177935600000153e-01,2.238404106424056184e-01
1.874290108680000400e-01,2.069245828005173149e-01
1.834661066530000328e-01,1.806837446377531076e-01
1.931275576349999745e-01,1.844530144726903298e-01
1.979932039979999947e-01,2.006946177743903215e-01
1.810770928860000184e-01,2.036780863565230970e-01
4.031366109849999768e-01,1.762042224034729154e-01
4.604647159579999816e-01,4.992134856381387764e-01
5.008617043499999921e-01,4.888257856316792216e-01
4.378605186940000005e-01,5.225849861619198400e-01
2.561259269710000064e-01,4.323628331148720028e-01
2.273572981360000023e-01,1.991015884972831274e-01
2.201671004300000123e-01,2.205352433820225444e-01
1.984222531320000149e-01,2.218310605066397545e-01
1.943005025389999973e-01,1.926005535615138708e-01
1.805235445499999702e-01,1.958373682011234074e-01
1.998776346449999686e-01,1.769936879700275412e-01
2.088513970380000140e-01,2.120880018865771155e-01
2.052325755359999948e-01,2.168764362398178103e-01
2.000157982109999899e-01,2.075987656153413241e-01
1.864733994009999674e-01,2.013987143711330474e-01
1.736753731969999937e-01,1.834218045712656953e-01
1.885808259249999730e-01,1.701433351671554073e-01
1.996680051089999852e-01,1.982821679770838674e-01
2.059511989359999740e-01,2.081860246536936798e-01
1.754488945010000134e-01,2.126592511164259180e-01
2.038332223890000072e-01,1.642638230613045203e-01
2.094203978779999864e-01,2.202584785186590677e-01
1.958734989169999829e-01,2.159964029356347681e-01
1.724482625719999940e-01,1.934046320832904509e-01
1.776420623059999926e-01,1.641385024710790841e-01
1.713635921480000102e-01,1.824069718766924697e-01
1.787484437230000278e-01,1.706014941189329670e-01
1.702087521550000038e-01,1.845628508219780417e-01
1.913181245330000113e-01,1.683610874019534909e-01
1.938814073799999815e-01,2.039490462701409601e-01
2.021497935060000140e-01,1.983358017290053621e-01
1.973596364259999902e-01,2.095420841560305669e-01
1.818598955869999978e-01,1.987777742251384261e-01
1.518772840500000054e-01,1.776585054607676961e-01
1.797889769079999700e-01,1.391759558187138923e-01
1.766516566280000311e-01,1.950485313569385870e-01
2.190984636549999920e-01,1.776119353669377010e-01
2.368807047610000382e-01,2.423539550041253210e-01
2.723162174219999621e-01,2.499186563396557370e-01
2.842651307580000286e-01,2.938772455701619268e-01
3.610217571259999314e-01,2.966236733376509949e-01
3.393641114230000477e-01,3.992786140650219640e-01
2.713941931720000311e-01,3.414619789748190026e-01
2.359429746869999844e-01,2.529859018707945051e-01
1.764906942839999937e-01,2.270266369868423340e-01
1.933852136140000177e-01,1.530762365225642740e-01
2.070471495389999417e-01,2.042046248741851977e-01
2.076206952330000022e-01,2.170460514104748939e-01
2.084009945389999896e-01,2.119289915690013570e-01
2.094228416680000149e-01,2.128396196620934155e-01
1.959958970549999790e-01,2.140191554908159044e-01
2.029076218609999760e-01,1.935863741565079510e-01
1.715861856940000263e-01,2.097404942503629521e-01
1.853289008139999972e-01,1.597609225475759287e-01
1.865625381469999955e-01,1.943502693747124754e-01
1.824795007709999750e-01,1.900333526344160640e-01
1.865475177760000103e-01,1.833559442828174568e-01
1.910450011489999711e-01,1.912812127248855187e-01
1.947984993460000203e-01,1.962070578837217250e-01
1.942836940290000036e-01,1.998271140126111622e-01
1.823579072949999824e-01,1.974027505098418234e-01
1.863520592450000068e-01,1.797582187144258770e-01
2.122309356929999724e-01,1.910423804535401338e-01
2.061766982079999977e-01,2.278525257357184308e-01
2.002694308759999930e-01,2.075452735599991327e-01
2.036442905660000025e-01,2.013671404777826190e-01
2.041575908660000216e-01,2.089649130929512599e-01
2.072980999949999847e-01,2.082574257023418196e-01
1.624802798030000051e-01,2.127036448957971282e-01
2.047239691019999974e-01,1.440835208756846841e-01
1.887350976469999997e-01,2.274698605115705874e-01
1.948221027850000064e-01,1.847605711062597078e-01
1.866550594570000055e-01,2.008847203695892925e-01
2.063589692120000041e-01,1.859714966234816136e-01
1.990336924790000184e-01,2.190014996555026683e-01
1.980886012320000056e-01,1.994456668296993862e-01
2.041638940570000005e-01,2.012264442223915817e-01
1.967703551049999888e-01,2.106922369936422845e-01
1.815092116589999971e-01,1.970214057240918248e-01
1.704124957319999856e-01,1.773899618154475832e-01
1.662842035290000020e-01,1.674322786869516799e-01
1.620960831640000099e-01,1.661873990353461006e-01
2.050786018369999963e-01,1.617212113702930221e-01
2.152855992319999967e-01,2.281730854833852462e-01
2.119203954940000467e-01,2.241491561563389856e-01
2.017627954479999930e-01,2.147605052006247572e-01
1.966343224050000060e-01,2.011108445866960914e-01
1.994546651839999851e-01,1.978637778472230324e-01
1.848202943799999998e-01,2.043155056481743004e-01
1.885830014939999799e-01,1.811869862674612142e-01
1.749152988199999814e-01,1.932885122341900797e-01
1.777306050059999920e-01,1.710763384298254475e-01
1.724444031720000214e-01,1.814267651331446241e-01
1.696542352440000012e-01,1.721928903164775815e-01
1.860917955640000176e-01,1.703623770900557777e-01
1.783816069359999701e-01,1.963699623608013978e-01
1.954015940430000042e-01,1.774031851225254808e-01
1.979020982979999843e-01,2.063684406006245642e-01
1.943283975120000118e-01,2.025411209812688629e-01
1.862878054379999981e-01,1.961069165168925488e-01
1.807115972040000129e-01,1.856379511916305680e-01
1.901234537359999810e-01,1.808209939855796589e-01
1.879478991030000268e-01,1.974302430365330874e-01
1.885761320589999790e-01,1.899826665113351354e-01
1.930653005840000103e-01,1.918880069439803382e-01
1.887152642009999881e-01,1.983291218112969989e-01
2.012016028170000026e-01,1.898332896291598793e-01
2.029483020310000330e-01,2.104121646647143240e-01
1.880519986150000211e-01,2.075219104259851954e-01
1.938583850860000068e-01,1.845092451550421619e-01
1.818363368510000078e-01,1.997473027680723434e-01
1.934503465890000384e-01,1.791617626564049326e-01
1.825065016750000157e-01,2.019049909381162577e-01
1.718572974210000048e-01,1.803484858718372441e-01
1.888858973980000189e-01,1.691678381490370198e-01
1.934519559140000233e-01,1.995607314184379977e-01
2.148046046500000361e-01,1.987699752026710620e-01
1.987380981450000417e-01,2.285231207147592480e-01
2.087343037130000023e-01,1.953632028547251376e-01
1.829220354560000261e-01,2.172010462890020532e-01
1.861628442999999911e-01,1.743022079307915417e-01
1.987580806019999813e-01,1.905066794719966206e-01
2.008325010539999955e-01,2.079025770491599867e-01
1.991298943760000106e-01,2.054384822573128433e-01
1.789479851720000014e-01,2.019934808281183269e-01
1.960126012559999797e-01,1.725044087667272075e-01
1.769941002129999941e-01,2.070269318224896571e-01
1.811666339639999845e-01,1.709297902374866673e-01
2.170765548939999900e-01,1.856599900424724670e-01
2.228865027430000090e-01,2.373397615372501157e-01
1.981754004959999926e-01,2.302104744602577469e-01
1.650676876309999930e-01,1.910763985823136502e-01
1.990987807510000429e-01,1.519750635798233773e-01
1.952784955500000141e-01,2.179099864335274084e-01
1.885309964419999984e-01,1.970025808619854102e-01
1.826629936699999956e-01,1.885828401484664352e-01
2.290190458300000176e-01,1.827578766170091240e-01
2.735207974910000006e-01,2.542842818367739288e-01
2.842034697529999820e-01,2.989004429482167158e-01
2.687470018859999810e-01,2.960592838912122771e-01
2.419617027039999979e-01,2.696855011891522991e-01
2.585682272909999857e-01,2.368861312541919728e-01
2.487231940029999977e-01,2.719182095164435209e-01
2.237731963400000357e-01,2.508300331733107624e-01
2.095130234959999838e-01,2.182712871163818291e-01
1.998770385979999897e-01,2.075721664673998990e-01
2.012569010259999958e-01,1.993385659344968641e-01
2.061658948660000101e-01,2.055813924292926864e-01
1.921332776550000176e-01,2.122844070587538712e-01
1.658605039119999958e-01,1.892222443286977474e-01
1.724504977459999921e-01,1.558316143883613225e-01
1.866747587920000173e-01,1.775716565252703494e-01
1.559437066319999954e-01,1.959782550352914821e-01
1.450039297340000033e-01,1.432133472548709763e-01
1.372807174919999929e-01,1.404649232383770041e-01
1.404531002040000087e-01,1.337335020411191955e-01
1.343677937979999848e-01,1.422045282453696657e-01
1.512558013200000218e-01,1.314006401753982922e-01
1.571162044999999952e-01,1.600563336980008466e-01
1.624787002799999991e-01,1.610690261416673486e-01
1.773491054770000019e-01,1.664975045259372288e-01
1.815999448299999985e-01,1.864987984474205940e-01
1.852913051839999992e-01,1.861517249713295352e-01
1.884922981259999908e-01,1.897897837128610099e-01
1.918683052059999838e-01,1.929429004902120937e-01
2.261683344839999776e-01,1.965758445706594637e-01
2.014196962120000101e-01,2.460017571230137812e-01
1.973526030779999829e-01,1.945238285051821281e-01
1.941564679150000194e-01,1.990856440206802691e-01
2.078395932910000188e-01,1.960908233269867407e-01
1.838871985670000042e-01,2.178836509766511331e-01
2.030725032089999993e-01,1.761385799291123599e-01
1.920516937969999893e-01,2.153447493070080321e-01
1.887007951740000411e-01,1.904442514313381407e-01
1.887437999249999832e-01,1.902587450240938727e-01
1.873788982629999988e-01,1.918053588577329494e-01
1.891151070590000038e-01,1.897407173255174218e-01
1.895716041330000323e-01,1.929480142884908711e-01
1.892361938949999878e-01,1.928617990981201791e-01
1.986678987739999847e-01,1.921572401237896799e-01
2.600212097169999903e-01,2.064041641282109985e-01
2.536996603009999962e-01,2.924525894851016661e-01
2.486595213409999727e-01,2.574824757176972789e-01
2.238901853559999988e-01,2.527101309379832794e-01
1.916601955889999931e-01,2.184698401127736778e-01
1.912304460999999789e-01,1.809161842605019055e-01
2.217618972060000082e-01,1.942196034614120659e-01
2.349424958230000027e-01,2.397875121260425457e-01
2.342955172060000035e-01,2.459440884541296002e-01
2.245461940769999942e-01,2.394437064428134310e-01
2.107733041050000034e-01,2.253791180346550460e-01
2.195045053959999715e-01,2.091147836983953401e-01
1.867112517360000057e-01,2.279242253936690499e-01
1.782344579700000098e-01,1.753665853912663997e-01
1.810989975930000218e-01,1.769063727178762646e-01
1.992904990909999952e-01,1.850010959747456218e-01
2.188781946900000275e-01,2.109550505730015124e-01
3.330821096900000167e-01,2.319853669508427085e-01
2.986789345740000212e-01,3.874341979195207730e-01
3.000943064689999829e-01,2.942134974011639814e-01
2.386572659019999820e-01,3.089283592879449314e-01
2.014694958929999502e-01,2.198751064763132812e-01
2.121156007049999903e-01,1.893666501554049919e-01
2.050123065709999748e-01,2.210240419535248468e-01
1.987702995540000239e-01,2.058635257196295698e-01
1.788948029280000296e-01,1.996371445626893282e-01
2.083670347930000055e-01,1.725817536302804711e-01
2.080235034229999946e-01,2.254495350599679815e-01
1.859974563120000146e-01,2.119561071402486785e-01
2.174742072819999816e-01,1.792259902455418108e-01
2.246447950599999854e-01,2.357732130514928470e-01
2.117234021429999780e-01,2.326328277765721264e-01
2.041544467209999714e-01,2.104820976525197118e-01
2.146971523759999834e-01,2.047561684635274548e-01
2.150782048699999838e-01,2.236795167249268079e-01
2.338068932289999735e-01,2.196911010764640293e-01
3.202091157440000169e-01,2.471309573207428056e-01
3.246116042139999824e-01,3.631659876837586842e-01
3.107064068320000150e-01,3.353891357947931806e-01
3.095698356630000037e-01,3.142737533326824817e-01
2.792485058309999713e-01,3.177939775909922604e-01
2.426900416609999722e-01,2.751160083951353919e-01
2.526278495789999745e-01,2.338051390186651479e-01
2.839281857009999799e-01,2.629959503178457836e-01
2.947731912139999744e-01,3.040469514167170040e-01
2.706804275510000246e-01,3.070467735753058536e-01
2.213104963300000227e-01,2.683966287201488554e-01
2.309004068370000273e-01,2.057867933848069320e-01
2.387782931329999747e-01,2.402027998853053792e-01
2.419604510069999770e-01,2.477040821761916367e-01
2.565485239029999809e-01,2.490689194988006672e-01
2.649432718749999971e-01,2.689904646603130112e-01
2.552419006819999781e-01,2.751719695531791854e-01
2.503576874729999679e-01,2.577457841336172062e-01
2.851879894730000031e-01,2.545558993658659230e-01
3.117785453800000495e-01,3.067735954830423939e-01
2.945955097679999746e-01,3.306111506429278979e-01
3.066652119159999912e-01,2.961996237820191946e-01
2.395841330290000293e-01,3.197787646605488865e-01
1.883951872589999799e-01,2.187537581413292742e-01
1.851434856649999960e-01,1.694472692821580029e-01
2.226487994190000097e-01,1.865423910973594557e-01
2.192545831199999851e-01,2.437957489294047819e-01
2.097330987449999851e-01,2.224752080371841523e-01
1.943479031319999828e-01,2.098194639811646334e-01
1.941306889060000207e-01,1.909903604140214817e-01
2.030006051060000150e-01,1.973723410659720956e-01
1.910956948999999738e-01,2.106991649517663268e-01
1.403214633459999860e-01,1.890450205773046288e-01
1.376174986360000074e-01,1.174449009900076085e-01
1.550265699630000160e-01,1.364389789103672146e-01
2.001304924489999970e-01,1.642605913128988016e-01
1.929156184199999624e-01,2.240531987570799077e-01
1.806230992080000430e-01,1.930196779981581401e-01
1.619705408809999914e-01,1.777535001946566606e-01
1.889210045340000144e-01,1.550573537152650228e-01
1.788192987439999881e-01,2.041114756129832897e-01
1.769654452799999944e-01,1.768060147826087669e-01
1.813704073430000008e-01,1.785192543977874580e-01
2.045527994630000068e-01,1.859791765218181681e-01
2.115447074170000163e-01,2.186714839682639411e-01
2.114014774559999921e-01,2.188351818403398430e-01
1.859614849089999966e-01,2.155981546996918186e-01
1.966694146390000064e-01,1.777138750815613899e-01
1.941680759189999828e-01,2.048752599939219210e-01
